0	1e+05	-3.92887439398493	2.51796760500869	2.06502231402708
1e+05	2e+05	-3.53480636099841	2.18529854309787	2.62168085856646
2e+05	3e+05	-2.73259297204515	1.78813438341141	3.47148607384681
3e+05	4e+05	-1.73829588209601	1.83566660199576	4.12175164083231
4e+05	5e+05	-0.845806184587018	2.07692828851772	4.09413071029017
5e+05	6e+05	-0.124343935556129	2.50997761250838	3.6750209841202
6e+05	7e+05	0.668573817498045	2.89536322717857	3.25162907676997
7e+05	8e+05	1.28391077304272	3.23934450357209	2.74821120880427
8e+05	9e+05	1.85418233489983	3.47571321855042	2.01305362134352
9e+05	1e+06	2.09438305258478	3.75578203812834	0.973665758630148
1e+06	1100000	2.23372133504457	3.98059738907258	-0.0817991991090057
1100000	1200000	1.82123096423539	4.06404247630467	-0.791398190493448
1200000	1300000	1.04833608289407	3.88332592796137	-1.43160781057896
1300000	1400000	-0.0678373780482838	3.83799544037188	-1.83193434503108
1400000	1500000	-1.00098071827774	3.51812591013861	-2.34239499949886
1500000	1600000	-1.90928600637055	3.23729562102591	-2.39518282287662
1600000	1700000	-2.73421977243216	2.58256414571144	-2.02610129522686
1700000	1800000	-3.275930075239	2.20170647629632	-1.08390465955139
1800000	1900000	-3.45835159344554	1.74656895568017	-0.0207431465756204
1900000	2e+06	-3.35787282157538	1.42798233488496	1.1362205241153
2e+06	2100000	-2.84025523410517	1.08333007121523	1.86771434900286
2100000	2200000	-2.22409830145986	0.839221840671442	2.65956957165515
2200000	2300000	-1.20405423854711	0.868264744695006	3.12808236029168
2300000	2400000	-0.279170676965525	1.04694924177421	3.38174413580537
2400000	2500000	0.851226909708921	1.28721133722716	3.40332351743951
2500000	2600000	1.61166895162745	1.52074829705796	2.85775426897407
2600000	2700000	2.16866902546404	1.76636205399719	2.27197644906633
2700000	2800000	2.31205048580027	2.04382534217036	1.22751290498916
2800000	2900000	2.4498013629564	2.22935463222133	0.232407104521093
2900000	3e+06	2.23043631815891	2.47239109363533	-0.761332576797622
3e+06	3100000	1.90506604768735	2.6463188555539	-1.70388609585542
3100000	3200000	1.31703044509835	2.73914788680571	-2.37131466138668
3200000	3300000	0.548143922784222	2.47870673230024	-2.62526533683574
3300000	3400000	-0.471525374284484	2.02628893263959	-2.59557127620677
3400000	3500000	-1.49554545715749	1.6191827763877	-2.2881142642065
3500000	3600000	-2.18746324117693	1.19956507772957	-1.82287634253439
3600000	3700000	-2.73614313207236	0.813655375783522	-1.07659717203402
3700000	3800000	-3.05944282192695	0.422867503692996	-0.099581246783171
3800000	3900000	-3.0473045443481	0.134897565923365	0.856617807855906
3900000	4e+06	-2.47047948772126	-0.144340342297871	1.63412164006878
4e+06	4100000	-1.61355460033245	-0.416915125585465	2.31256249514871
4100000	4200000	-0.641455166005752	-0.583212793709637	2.76451228665668
4200000	4300000	0.286675327412791	-0.465616408660834	3.1173267655808
4300000	4400000	1.27358690923648	-0.136547933659482	2.96367106193817
4400000	4500000	2.02165492373606	0.170805690665099	2.52280551564415
4500000	4600000	2.66930738215692	0.441624019209422	1.75415289747509
4600000	4700000	2.94525264138697	0.669658571079857	0.900599122501226
4700000	4800000	2.87005864900733	0.862756695475359	-0.00637625332072576
4800000	4900000	2.59082885074319	0.95136616361514	-0.99507708964663
4900000	5e+06	2.13886190662122	1.03491754756565	-1.87481096268855
5e+06	5100000	1.45636753237596	1.0598003077218	-2.57168863127838
5100000	5200000	0.493996225205003	0.898759141782013	-2.78515807965872
5200000	5300000	-0.464444129332997	0.683757100365909	-2.6267905840475
5300000	5400000	-1.39705738132557	0.36336716244043	-2.41534407431128
5400000	5500000	-2.08001779889116	0.0190555765501413	-1.91646083555608
5500000	5600000	-2.73535220957779	-0.525058255483181	-1.38379935833664
5600000	5700000	-2.96244767815708	-1.11674982525655	-0.428281560215988
5700000	5800000	-2.88081202643283	-1.41586643543126	0.383077247517282
5800000	5900000	-2.26912984989747	-1.65600900517885	1.09483610681869
5900000	6e+06	-1.45100869975194	-1.71448294725671	1.74123219642388
6e+06	6100000	-0.501653603471665	-1.87769520594532	2.11749936285349
6100000	6200000	0.465491979765686	-1.7570603825594	2.38898884724139
6200000	6300000	1.52171143389616	-1.52739075498375	2.19514491800566
6300000	6400000	2.51869077640631	-1.13626215283676	1.84085186512161
6400000	6500000	3.22103286054046	-0.860294113040054	1.12623098727493
6500000	6600000	3.34227071171883	-0.759205324048323	0.258362448938915
6600000	6700000	3.24401294643168	-0.683515456005083	-0.937435463181418
6700000	6800000	2.92760029737686	-0.397270104252091	-1.89229325108556
6800000	6900000	2.75556240351468	0.0133759550678413	-2.81535269008179
6900000	7e+06	1.81566419841449	0.0988322574111764	-3.1396151583957
7e+06	7100000	0.748382145641591	-0.213751723598734	-3.45188281665555
7100000	7200000	-0.520097289031398	-0.718375891467964	-3.35420779408274
7200000	7300000	-1.3493108219772	-1.03066707845603	-3.05727830333075
7300000	7400000	-2.08127401707507	-1.48960988124672	-2.52710281029038
7400000	7500000	-2.57084596277446	-2.01634283583629	-1.6138765797776
7500000	7600000	-2.65413125840147	-2.58146363287165	-0.717532005445842
7600000	7700000	-2.23536728021498	-2.82046761698795	0.330052578134321
7700000	7800000	-1.525323151493	-2.96187342087399	0.666508387676274
7800000	7900000	-0.671806428347068	-2.9923098290014	1.00359359895725
7900000	8e+06	0.270375186911128	-3.17700369502608	1.29570778401257
8e+06	8100000	1.31641406836249	-2.93116857373457	1.66986529863204
8100000	8200000	2.47561378780882	-2.71616390546158	1.81979596860005
8200000	8300000	3.27935591918545	-2.36561053233352	1.37885765010552
8300000	8400000	3.75266374923066	-2.28146092866018	0.536021229046519
8400000	8500000	3.56804846305797	-2.06911059389142	-0.557857956863472
8500000	8600000	3.2029535631421	-1.80314779197098	-1.59523922996959
8600000	8700000	2.57184503209947	-1.45207282689183	-2.27372418866538
8700000	8800000	2.06858621728479	-1.38838607439045	-3.16411835866126
8800000	8900000	1.37167550082995	-1.32491749319172	-3.82211673557093
8900000	9e+06	0.498964953472932	-1.56561794694298	-4.23951818726379
9e+06	9100000	-0.276735519066678	-1.87256613247204	-3.95212971351073
9100000	9200000	-1.0924268104893	-2.36778998473543	-3.55026821603141
9200000	9300000	-1.62473246558564	-2.78040330039719	-2.95781719683465
9300000	9400000	-2.18938694758441	-3.23305571973235	-2.31470396616327
9400000	9500000	-2.19409988948333	-3.73203318710677	-1.31584947163085
9500000	9600000	-1.90867015406583	-4.10254467150616	-0.210420698238555
9600000	9700000	-1.34503542530782	-4.38672151523321	0.868287996468034
9700000	9800000	-0.572784940177301	-4.59909700030933	1.59908225316972
9800000	9900000	0.721179403540985	-4.65923063147095	1.82259012841779
9900000	1e+07	1.44788794773736	-4.65759870285374	1.81217084834689
