0	0	442732.354372
0	1000000	104734.433141
1000000	1000000	395674.855747
0	2000000	29398.647419
1000000	2000000	77887.415663
2000000	2000000	432532.120258
0	3000000	12811.392953
1000000	3000000	16004.878141
2000000	3000000	56030.851658
3000000	3000000	402015.685116
0	4000000	9859.359691
1000000	4000000	11894.986090
2000000	4000000	17224.040935
3000000	4000000	82170.433453
4000000	4000000	348608.366835
0	5000000	4344.853103
1000000	5000000	5386.636446
2000000	5000000	3700.628189
3000000	5000000	9098.548035
4000000	5000000	51220.195934
5000000	5000000	281937.278300
0	6000000	2567.941282
1000000	6000000	2978.256594
2000000	6000000	1754.361686
3000000	6000000	3678.850580
4000000	6000000	7989.530729
5000000	6000000	88152.664495
6000000	6000000	296381.320967
0	7000000	2137.834447
1000000	7000000	2498.635442
2000000	7000000	1388.724128
3000000	7000000	2527.659248
4000000	7000000	4581.738116
5000000	7000000	36564.314737
6000000	7000000	91885.807588
7000000	7000000	313978.900252
0	8000000	2499.147597
1000000	8000000	2662.271253
2000000	8000000	1830.192002
3000000	8000000	3377.097150
4000000	8000000	8025.011582
5000000	8000000	26107.556268
6000000	8000000	36299.151754
7000000	8000000	67766.090435
8000000	8000000	276943.828119
0	9000000	2214.124601
1000000	9000000	2335.957786
2000000	9000000	1934.781405
3000000	9000000	3557.756423
4000000	9000000	7427.916178
5000000	9000000	13181.549726
6000000	9000000	11729.119980
7000000	9000000	14882.511736
8000000	9000000	84119.767654
9000000	9000000	285641.896624
0	10000000	2150.036628
1000000	10000000	2016.412378
2000000	10000000	2076.602504
3000000	10000000	4295.503919
4000000	10000000	6109.733187
5000000	10000000	7610.512109
6000000	10000000	5678.656153
7000000	10000000	7031.249708
8000000	10000000	26348.043676
9000000	10000000	108769.637458
10000000	10000000	332114.799308
0	11000000	2607.545479
1000000	11000000	2196.784959
2000000	11000000	3210.427703
3000000	11000000	5176.013002
4000000	11000000	6667.695753
5000000	11000000	3084.017383
6000000	11000000	1537.758330
7000000	11000000	1856.266344
8000000	11000000	6962.046657
9000000	11000000	14589.296703
10000000	11000000	63723.680946
11000000	11000000	425775.852607
0	12000000	2055.030674
1000000	12000000	1984.646949
2000000	12000000	2072.206355
3000000	12000000	3500.133603
4000000	12000000	5132.201547
5000000	12000000	5063.334466
6000000	12000000	3483.491488
7000000	12000000	3885.934231
8000000	12000000	7728.578836
9000000	12000000	12463.606151
10000000	12000000	17007.591543
11000000	12000000	53153.301766
12000000	12000000	336415.262965
0	13000000	1700.677315
1000000	13000000	1827.304780
2000000	13000000	1313.481924
3000000	13000000	2373.144841
4000000	13000000	3004.837811
5000000	13000000	8485.712329
6000000	13000000	9188.595807
7000000	13000000	10271.345562
8000000	13000000	10710.561489
9000000	13000000	12923.365522
10000000	13000000	11109.180412
11000000	13000000	9789.799217
12000000	13000000	90394.262594
13000000	13000000	342665.820492
0	14000000	2393.165141
1000000	14000000	2253.401054
2000000	14000000	2661.050417
3000000	14000000	4102.022347
4000000	14000000	5262.499194
5000000	14000000	3684.393657
6000000	14000000	1952.350007
7000000	14000000	2265.779759
8000000	14000000	4678.036805
9000000	14000000	6381.399633
10000000	14000000	8495.834354
11000000	14000000	13998.676125
12000000	14000000	34786.214359
13000000	14000000	50096.634144
14000000	14000000	423312.096030
0	15000000	3195.692101
1000000	15000000	3432.651420
2000000	15000000	3627.119674
3000000	15000000	4328.167318
4000000	15000000	5974.283586
5000000	15000000	3403.002427
6000000	15000000	1962.024445
7000000	15000000	2118.785359
8000000	15000000	3745.051231
9000000	15000000	4439.804814
10000000	15000000	4603.183220
11000000	15000000	6713.055083
12000000	15000000	9982.283387
13000000	15000000	10087.248114
14000000	15000000	26001.803237
15000000	15000000	354394.192305
0	16000000	2334.709979
1000000	16000000	2376.877407
2000000	16000000	2367.035815
3000000	16000000	3303.906453
4000000	16000000	4079.496921
5000000	16000000	3193.726516
6000000	16000000	2229.307475
7000000	16000000	2199.886228
8000000	16000000	3098.556470
9000000	16000000	3628.738909
10000000	16000000	3828.178817
11000000	16000000	4473.266726
12000000	16000000	6711.566525
13000000	16000000	7463.548973
14000000	16000000	13153.202305
15000000	16000000	130946.918925
16000000	16000000	328643.615642
0	17000000	2073.397613
1000000	17000000	2255.350880
2000000	17000000	1875.684751
3000000	17000000	2789.465007
4000000	17000000	3428.166218
5000000	17000000	4792.980584
6000000	17000000	4028.470296
7000000	17000000	4106.415225
8000000	17000000	4815.890626
9000000	17000000	5214.599325
10000000	17000000	4953.731571
11000000	17000000	4231.486227
12000000	17000000	7387.077535
13000000	17000000	10200.482403
14000000	17000000	8838.888126
15000000	17000000	16503.074459
16000000	17000000	69766.726820
17000000	17000000	342625.095312
0	18000000	2114.331947
1000000	18000000	2277.677381
2000000	18000000	2030.883441
3000000	18000000	2548.474398
4000000	18000000	3593.743234
5000000	18000000	3811.322772
6000000	18000000	3175.741885
7000000	18000000	3285.808960
8000000	18000000	3928.012026
9000000	18000000	4043.125260
10000000	18000000	3395.379241
11000000	18000000	3591.740307
12000000	18000000	5170.648087
13000000	18000000	6843.477173
14000000	18000000	6665.903000
15000000	18000000	14529.991046
16000000	18000000	25290.276928
17000000	18000000	72560.975424
18000000	18000000	377883.213781
0	19000000	2292.889488
1000000	19000000	2501.987895
2000000	19000000	2138.567531
3000000	19000000	3058.810439
4000000	19000000	4266.186847
5000000	19000000	4747.860259
6000000	19000000	3290.931580
7000000	19000000	3243.086717
8000000	19000000	4725.038813
9000000	19000000	4875.184750
10000000	19000000	4302.501990
11000000	19000000	3809.342831
12000000	19000000	6557.778039
13000000	19000000	7118.087784
14000000	19000000	7204.878955
15000000	19000000	11227.497567
16000000	19000000	13493.983330
17000000	19000000	23939.761940
18000000	19000000	61115.881233
19000000	19000000	319461.219737
0	20000000	1784.963658
1000000	20000000	2162.586337
2000000	20000000	1663.712607
3000000	20000000	2301.927899
4000000	20000000	3293.954018
5000000	20000000	4935.704441
6000000	20000000	4049.788764
7000000	20000000	4174.446896
8000000	20000000	4558.144000
9000000	20000000	4844.575590
10000000	20000000	3646.865831
11000000	20000000	2963.345314
12000000	20000000	5808.943694
13000000	20000000	7515.905764
14000000	20000000	5016.621518
15000000	20000000	7694.698206
16000000	20000000	8186.821479
17000000	20000000	14657.631941
18000000	20000000	15421.766331
19000000	20000000	75560.781220
20000000	20000000	298249.251876
0	21000000	1945.624449
1000000	21000000	1959.180002
2000000	21000000	2143.747368
3000000	21000000	2879.530934
4000000	21000000	3480.739300
5000000	21000000	2225.764354
6000000	21000000	1338.782319
7000000	21000000	1309.952956
8000000	21000000	2112.787332
9000000	21000000	2537.123353
10000000	21000000	2639.151567
11000000	21000000	3403.958351
12000000	21000000	3735.118656
13000000	21000000	3192.579529
14000000	21000000	3999.205037
15000000	21000000	5679.181235
16000000	21000000	4805.595826
17000000	21000000	6827.885292
18000000	21000000	7777.692828
19000000	21000000	17552.857921
20000000	21000000	80763.448247
21000000	21000000	331025.523475
0	22000000	2070.014356
1000000	22000000	2237.382977
2000000	22000000	2402.036757
3000000	22000000	3201.234449
4000000	22000000	3938.673487
5000000	22000000	2443.595554
6000000	22000000	1795.037154
7000000	22000000	1844.331858
8000000	22000000	2419.117916
9000000	22000000	3009.901894
10000000	22000000	2653.733013
11000000	22000000	3303.990568
12000000	22000000	3881.681868
13000000	22000000	3829.490037
14000000	22000000	3981.631998
15000000	22000000	6047.000109
16000000	22000000	5209.068087
17000000	22000000	6704.364952
18000000	22000000	7605.555870
19000000	22000000	14503.171277
20000000	22000000	30551.725972
21000000	22000000	111470.572732
22000000	22000000	331153.889166
0	23000000	2165.734288
1000000	23000000	1978.792762
2000000	23000000	2221.145721
3000000	23000000	3273.782146
4000000	23000000	4200.979319
5000000	23000000	2363.839617
6000000	23000000	1307.341289
7000000	23000000	1241.128348
8000000	23000000	2235.662555
9000000	23000000	2921.211857
10000000	23000000	3113.300322
11000000	23000000	3816.739746
12000000	23000000	4008.933376
13000000	23000000	2869.632660
14000000	23000000	4416.674407
15000000	23000000	5415.362144
16000000	23000000	4480.771639
17000000	23000000	5424.445098
18000000	23000000	5664.781701
19000000	23000000	9788.306784
20000000	23000000	12571.800693
21000000	23000000	31190.037449
22000000	23000000	55870.970308
23000000	23000000	343650.204648
0	24000000	1582.431325
1000000	24000000	1761.826581
2000000	24000000	1578.645942
3000000	24000000	2356.822136
4000000	24000000	3760.777723
5000000	24000000	3216.884804
6000000	24000000	2022.692581
7000000	24000000	1991.328420
8000000	24000000	3042.470046
9000000	24000000	3436.629864
10000000	24000000	3112.940628
11000000	24000000	2781.481540
12000000	24000000	3576.237880
13000000	24000000	3237.986187
14000000	24000000	3951.016361
15000000	24000000	4554.110023
16000000	24000000	3881.910935
17000000	24000000	5059.241402
18000000	24000000	5111.852071
19000000	24000000	9193.881308
20000000	24000000	11241.131063
21000000	24000000	11522.959466
22000000	24000000	17817.309384
23000000	24000000	89890.928435
24000000	24000000	323794.371258
0	25000000	1439.324521
1000000	25000000	1614.222763
2000000	25000000	1185.830885
3000000	25000000	1806.182478
4000000	25000000	3179.884268
5000000	25000000	6049.359941
6000000	25000000	5260.185282
7000000	25000000	5068.510045
8000000	25000000	5606.884181
9000000	25000000	5229.301508
10000000	25000000	3556.570487
11000000	25000000	2165.088329
12000000	25000000	4012.205571
13000000	25000000	5726.243422
14000000	25000000	3573.554647
15000000	25000000	3683.618367
16000000	25000000	3595.893230
17000000	25000000	6204.751017
18000000	25000000	5439.543131
19000000	25000000	8695.214636
20000000	25000000	11331.377578
21000000	25000000	6749.358701
22000000	25000000	9816.860417
23000000	25000000	16695.021507
24000000	25000000	69996.349916
25000000	25000000	277613.903271
0	26000000	1247.690141
1000000	26000000	1456.751494
2000000	26000000	791.876689
3000000	26000000	1116.291975
4000000	26000000	2303.383840
5000000	26000000	7909.410153
6000000	26000000	8247.738389
7000000	26000000	8134.707609
8000000	26000000	7105.599082
9000000	26000000	5508.859343
10000000	26000000	3199.130488
11000000	26000000	1275.975073
12000000	26000000	3840.757485
13000000	26000000	7377.468799
14000000	26000000	2350.672928
15000000	26000000	3130.180233
16000000	26000000	3549.931943
17000000	26000000	6460.045045
18000000	26000000	4960.589614
19000000	26000000	8028.071628
20000000	26000000	11379.531586
21000000	26000000	4689.738088
22000000	26000000	7645.804921
23000000	26000000	7859.137289
24000000	26000000	18361.887130
25000000	26000000	91958.973204
26000000	26000000	301011.246440
0	27000000	2190.802740
1000000	27000000	2341.829518
2000000	27000000	1791.680807
3000000	27000000	2930.862494
4000000	27000000	4745.741701
5000000	27000000	5155.067047
6000000	27000000	2811.777602
7000000	27000000	2681.521862
8000000	27000000	4387.469844
9000000	27000000	4847.079082
10000000	27000000	4264.008991
11000000	27000000	3304.049806
12000000	27000000	4650.799019
13000000	27000000	4371.634121
14000000	27000000	4455.608770
15000000	27000000	4903.963638
16000000	27000000	4373.976002
17000000	27000000	5913.619167
18000000	27000000	5115.130811
19000000	27000000	8301.900849
20000000	27000000	8688.522291
21000000	27000000	6290.352696
22000000	27000000	7943.515333
23000000	27000000	11350.511376
24000000	27000000	18410.640928
25000000	27000000	39776.289849
26000000	27000000	60920.500800
27000000	27000000	310049.592875
0	28000000	3516.932471
1000000	28000000	3997.093388
2000000	28000000	4468.284155
3000000	28000000	5022.807647
4000000	28000000	6664.128063
5000000	28000000	2980.541822
6000000	28000000	1314.139234
7000000	28000000	1222.502805
8000000	28000000	2592.195060
9000000	28000000	3014.331293
10000000	28000000	2920.539250
11000000	28000000	3643.953936
12000000	28000000	3536.284102
13000000	28000000	2424.117199
14000000	28000000	3941.352995
15000000	28000000	5603.956243
16000000	28000000	4134.836395
17000000	28000000	4026.397625
18000000	28000000	4171.660223
19000000	28000000	5648.651985
20000000	28000000	5299.274171
21000000	28000000	6053.171184
22000000	28000000	6916.966455
23000000	28000000	9303.098022
24000000	28000000	10510.296931
25000000	28000000	11370.764982
26000000	28000000	12006.767534
27000000	28000000	62909.219544
28000000	28000000	366340.479927
0	29000000	3430.013997
1000000	29000000	3599.687005
2000000	29000000	5594.016975
3000000	29000000	5125.381295
4000000	29000000	4754.201498
5000000	29000000	1312.520942
6000000	29000000	514.157310
7000000	29000000	471.885387
8000000	29000000	1157.984960
9000000	29000000	1506.585533
10000000	29000000	1943.974625
11000000	29000000	3403.007464
12000000	29000000	2073.066936
13000000	29000000	1215.462060
14000000	29000000	2525.347088
15000000	29000000	3329.648014
16000000	29000000	2470.616800
17000000	29000000	2124.475347
18000000	29000000	2162.857578
19000000	29000000	2647.278197
20000000	29000000	2299.830625
21000000	29000000	3384.358004
22000000	29000000	3845.078272
23000000	29000000	4448.715180
24000000	29000000	3745.543691
25000000	29000000	3210.518871
26000000	29000000	2807.798837
27000000	29000000	8361.812335
28000000	29000000	57778.387283
29000000	29000000	435675.464097
0	30000000	4586.503859
1000000	30000000	4075.570151
2000000	30000000	6841.071654
3000000	30000000	6701.367395
4000000	30000000	7182.265289
5000000	30000000	1715.157206
6000000	30000000	588.707845
7000000	30000000	561.976603
8000000	30000000	1569.161228
9000000	30000000	1825.557140
10000000	30000000	2446.529465
11000000	30000000	4161.400343
12000000	30000000	2093.327874
13000000	30000000	996.682153
14000000	30000000	2841.049546
15000000	30000000	3160.541888
16000000	30000000	2316.164830
17000000	30000000	1950.794220
18000000	30000000	2390.509175
19000000	30000000	2314.400928
20000000	30000000	1725.017504
21000000	30000000	2638.448029
22000000	30000000	3062.274432
23000000	30000000	3720.682832
24000000	30000000	2916.309036
25000000	30000000	2595.428754
26000000	30000000	1797.705976
27000000	30000000	5717.594621
28000000	30000000	21885.856057
29000000	30000000	90101.746761
30000000	30000000	403902.261440
0	31000000	3833.864400
1000000	31000000	3473.321610
2000000	31000000	3125.630129
3000000	31000000	5019.807356
4000000	31000000	7179.888716
5000000	31000000	7938.089574
6000000	31000000	4893.762678
7000000	31000000	4172.391055
8000000	31000000	5901.839733
9000000	31000000	4710.283410
10000000	31000000	4379.145963
11000000	31000000	3047.848851
12000000	31000000	3074.607541
13000000	31000000	3346.027007
14000000	31000000	3691.802327
15000000	31000000	3315.931534
16000000	31000000	2914.206589
17000000	31000000	3853.952059
18000000	31000000	3849.685526
19000000	31000000	4483.861389
20000000	31000000	3287.049135
21000000	31000000	2721.696866
22000000	31000000	2806.734992
23000000	31000000	3538.489146
24000000	31000000	3935.816191
25000000	31000000	5603.434341
26000000	31000000	5711.405565
27000000	31000000	8983.351186
28000000	31000000	10558.633728
29000000	31000000	9858.082729
30000000	31000000	65664.938711
31000000	31000000	377561.627677
0	32000000	918.995008
1000000	32000000	996.763502
2000000	32000000	512.822758
3000000	32000000	1036.559828
4000000	32000000	1463.096589
5000000	32000000	9304.496142
6000000	32000000	12794.926862
7000000	32000000	12909.023913
8000000	32000000	7011.271714
9000000	32000000	3187.008774
10000000	32000000	2281.973901
11000000	32000000	657.916727
12000000	32000000	1747.642362
13000000	32000000	4681.018029
14000000	32000000	1214.188377
15000000	32000000	1052.616053
16000000	32000000	1250.974034
17000000	32000000	2584.880302
18000000	32000000	1904.882440
19000000	32000000	2453.877020
20000000	32000000	2602.232315
21000000	32000000	1063.944634
22000000	32000000	1506.864394
23000000	32000000	1396.679603
24000000	32000000	2039.723844
25000000	32000000	5221.737148
26000000	32000000	7769.757474
27000000	32000000	3775.853137
28000000	32000000	2431.764824
29000000	32000000	1890.463305
30000000	32000000	2872.242898
31000000	32000000	27621.678196
32000000	32000000	402651.822366
0	33000000	1077.884409
1000000	33000000	1165.148481
2000000	33000000	666.123018
3000000	33000000	1241.692694
4000000	33000000	1942.643969
5000000	33000000	8192.196962
6000000	33000000	11526.838979
7000000	33000000	11930.017025
8000000	33000000	7334.507156
9000000	33000000	4124.121282
10000000	33000000	2660.237700
11000000	33000000	1044.347590
12000000	33000000	2478.981745
13000000	33000000	4636.526573
14000000	33000000	1854.639656
15000000	33000000	1386.571655
16000000	33000000	1567.248924
17000000	33000000	3004.807331
18000000	33000000	2378.950022
19000000	33000000	2956.831447
20000000	33000000	3387.471166
21000000	33000000	1429.464636
22000000	33000000	1778.331429
23000000	33000000	1996.765073
24000000	33000000	2737.581501
25000000	33000000	5886.291798
26000000	33000000	7881.037245
27000000	33000000	4451.167423
28000000	33000000	2863.505970
29000000	33000000	1980.309594
30000000	33000000	2949.449570
31000000	33000000	17109.510406
32000000	33000000	90373.153976
33000000	33000000	382373.975819
0	34000000	631.942522
1000000	34000000	687.231776
2000000	34000000	259.864544
3000000	34000000	711.180514
4000000	34000000	893.293679
5000000	34000000	5979.901644
6000000	34000000	10568.815331
7000000	34000000	11441.249185
8000000	34000000	5014.188141
9000000	34000000	2221.137088
10000000	34000000	1261.291431
11000000	34000000	386.293918
12000000	34000000	1161.451697
13000000	34000000	3263.836080
14000000	34000000	767.389783
15000000	34000000	659.633277
16000000	34000000	997.677683
17000000	34000000	1701.355990
18000000	34000000	1244.250761
19000000	34000000	1407.094601
20000000	34000000	1769.546551
21000000	34000000	669.917116
22000000	34000000	828.076354
23000000	34000000	708.162139
24000000	34000000	1349.088775
25000000	34000000	3109.824103
26000000	34000000	5085.135618
27000000	34000000	1773.461597
28000000	34000000	1061.587566
29000000	34000000	751.699017
30000000	34000000	834.407545
31000000	34000000	4941.298575
32000000	34000000	17400.484924
33000000	34000000	21400.102511
34000000	34000000	384868.370255
0	35000000	388.196319
1000000	35000000	323.069559
2000000	35000000	145.055022
3000000	35000000	376.446394
4000000	35000000	392.303863
5000000	35000000	3252.447265
6000000	35000000	5980.242881
7000000	35000000	6652.246135
8000000	35000000	2998.999242
9000000	35000000	1146.124730
10000000	35000000	639.997103
11000000	35000000	223.124427
12000000	35000000	527.914645
13000000	35000000	1806.652529
14000000	35000000	447.545945
15000000	35000000	300.665316
16000000	35000000	502.310150
17000000	35000000	957.858984
18000000	35000000	637.175600
19000000	35000000	791.297570
20000000	35000000	882.869356
21000000	35000000	350.128168
22000000	35000000	457.183877
23000000	35000000	389.892213
24000000	35000000	667.235898
25000000	35000000	1555.119034
26000000	35000000	2919.831908
27000000	35000000	1041.201530
28000000	35000000	566.575864
29000000	35000000	455.874289
30000000	35000000	505.067665
31000000	35000000	2961.052590
32000000	35000000	11306.075221
33000000	35000000	12621.143882
34000000	35000000	113962.362206
35000000	35000000	487897.496486
0	46000000	1130.905569
1000000	46000000	954.585594
2000000	46000000	953.893702
3000000	46000000	1902.303012
4000000	46000000	2751.996243
5000000	46000000	4049.155829
6000000	46000000	3245.263351
7000000	46000000	2789.123228
8000000	46000000	3351.485215
9000000	46000000	2734.673246
10000000	46000000	2468.533905
11000000	46000000	1924.421103
12000000	46000000	2086.712216
13000000	46000000	1783.839654
14000000	46000000	1859.590270
15000000	46000000	1282.928225
16000000	46000000	1132.898393
17000000	46000000	1813.339152
18000000	46000000	1561.321082
19000000	46000000	1891.689273
20000000	46000000	1619.068634
21000000	46000000	1061.614554
22000000	46000000	1226.402914
23000000	46000000	1648.664747
24000000	46000000	1832.174008
25000000	46000000	2440.078491
26000000	46000000	2392.439674
27000000	46000000	2879.331843
28000000	46000000	2004.330475
29000000	46000000	1510.370023
30000000	46000000	2464.752237
31000000	46000000	6941.415839
32000000	46000000	4830.156890
33000000	46000000	6079.977938
34000000	46000000	8447.425608
35000000	46000000	4465.315407
46000000	46000000	357338.577598
0	47000000	818.813059
1000000	47000000	731.856074
2000000	47000000	766.175900
3000000	47000000	1528.905474
4000000	47000000	2227.977155
5000000	47000000	2811.018271
6000000	47000000	1925.664426
7000000	47000000	1778.576313
8000000	47000000	2444.860146
9000000	47000000	2312.157400
10000000	47000000	2265.440705
11000000	47000000	1652.761655
12000000	47000000	1980.117254
13000000	47000000	1634.027074
14000000	47000000	1839.579665
15000000	47000000	1144.081023
16000000	47000000	1149.167944
17000000	47000000	1511.968965
18000000	47000000	1195.410653
19000000	47000000	1788.895397
20000000	47000000	1639.305819
21000000	47000000	1222.095380
22000000	47000000	1215.252537
23000000	47000000	1583.287638
24000000	47000000	1839.063937
25000000	47000000	2402.669686
26000000	47000000	2193.702733
27000000	47000000	2632.620571
28000000	47000000	1874.660046
29000000	47000000	1145.148172
30000000	47000000	1868.016810
31000000	47000000	4179.910248
32000000	47000000	2832.517733
33000000	47000000	3937.140917
34000000	47000000	3995.395445
35000000	47000000	1949.607623
46000000	47000000	91472.757592
47000000	47000000	318385.568742
0	48000000	813.848757
1000000	48000000	757.387841
2000000	48000000	644.665417
3000000	48000000	1288.375817
4000000	48000000	2142.685112
5000000	48000000	3241.681309
6000000	48000000	2220.925560
7000000	48000000	2056.608337
8000000	48000000	2648.894341
9000000	48000000	2650.383414
10000000	48000000	2204.238364
11000000	48000000	1466.571862
12000000	48000000	2073.740205
13000000	48000000	1985.162478
14000000	48000000	1612.292008
15000000	48000000	1174.351650
16000000	48000000	1124.828061
17000000	48000000	1724.110294
18000000	48000000	1311.519673
19000000	48000000	1915.985215
20000000	48000000	1944.858623
21000000	48000000	1179.119025
22000000	48000000	1346.708485
23000000	48000000	1622.747531
24000000	48000000	2117.184689
25000000	48000000	2882.756011
26000000	48000000	3090.052278
27000000	48000000	3133.038116
28000000	48000000	1917.378865
29000000	48000000	1129.398672
30000000	48000000	1490.343481
31000000	48000000	3820.519785
32000000	48000000	2817.760916
33000000	48000000	3713.823803
34000000	48000000	3792.352261
35000000	48000000	1772.574114
46000000	48000000	43391.004632
47000000	48000000	90546.350293
48000000	48000000	277067.445784
0	49000000	641.001572
1000000	49000000	766.142300
2000000	49000000	490.599238
3000000	49000000	919.523800
4000000	49000000	1822.776259
5000000	49000000	3564.255572
6000000	49000000	2496.574638
7000000	49000000	2428.551897
8000000	49000000	3066.816388
9000000	49000000	3065.408462
10000000	49000000	2026.230703
11000000	49000000	1223.434083
12000000	49000000	2336.069322
13000000	49000000	2192.651550
14000000	49000000	1336.010812
15000000	49000000	1213.200705
16000000	49000000	1160.262238
17000000	49000000	1842.150856
18000000	49000000	1289.360521
19000000	49000000	2086.288322
20000000	49000000	2363.870626
21000000	49000000	1069.852314
22000000	49000000	1540.768111
23000000	49000000	1661.299297
24000000	49000000	2728.505563
25000000	49000000	3594.328986
26000000	49000000	4295.128746
27000000	49000000	3541.909248
28000000	49000000	1924.943721
29000000	49000000	839.136532
30000000	49000000	886.805878
31000000	49000000	2879.829065
32000000	49000000	2495.260949
33000000	49000000	3433.532626
34000000	49000000	3781.173597
35000000	49000000	1793.062860
46000000	49000000	11514.492384
47000000	49000000	17051.795176
48000000	49000000	66929.519100
49000000	49000000	291677.326850
0	50000000	1070.259660
1000000	50000000	989.842953
2000000	50000000	928.844663
3000000	50000000	1606.404705
4000000	50000000	2709.880738
5000000	50000000	2764.522376
6000000	50000000	1345.647498
7000000	50000000	1194.400454
8000000	50000000	2459.143691
9000000	50000000	2451.604204
10000000	50000000	2306.334510
11000000	50000000	2029.849496
12000000	50000000	2278.509066
13000000	50000000	1452.654816
14000000	50000000	1848.378989
15000000	50000000	1462.756724
16000000	50000000	1287.214422
17000000	50000000	1658.236062
18000000	50000000	1479.330550
19000000	50000000	1963.247624
20000000	50000000	1792.204768
21000000	50000000	1400.648193
22000000	50000000	1420.034858
23000000	50000000	2216.512239
24000000	50000000	2529.947050
25000000	50000000	2609.744407
26000000	50000000	2251.364158
27000000	50000000	3454.612572
28000000	50000000	2433.596081
29000000	50000000	1419.739506
30000000	50000000	2109.375436
31000000	50000000	3978.984453
32000000	50000000	1797.716136
33000000	50000000	2527.538327
34000000	50000000	1910.061603
35000000	50000000	862.237568
46000000	50000000	10189.385790
47000000	50000000	11047.680689
48000000	50000000	19554.155910
49000000	50000000	59162.862390
50000000	50000000	328584.396192
0	51000000	412.630214
1000000	51000000	513.519244
2000000	51000000	278.828156
3000000	51000000	479.045570
4000000	51000000	940.804753
5000000	51000000	3688.927336
6000000	51000000	3784.360175
7000000	51000000	3927.873522
8000000	51000000	3265.203767
9000000	51000000	2379.730992
10000000	51000000	1383.939832
11000000	51000000	568.659621
12000000	51000000	1525.094650
13000000	51000000	2432.391165
14000000	51000000	798.602596
15000000	51000000	710.725928
16000000	51000000	793.999785
17000000	51000000	1436.131654
18000000	51000000	1070.605444
19000000	51000000	1490.816920
20000000	51000000	1910.235364
21000000	51000000	677.702977
22000000	51000000	943.596319
23000000	51000000	906.496720
24000000	51000000	1542.606072
25000000	51000000	3341.548971
26000000	51000000	4798.410747
27000000	51000000	2197.544230
28000000	51000000	955.518303
29000000	51000000	370.932557
30000000	51000000	418.025671
31000000	51000000	2054.777240
32000000	51000000	3396.825087
33000000	51000000	4373.082710
34000000	51000000	5668.614665
35000000	51000000	2709.543746
46000000	51000000	6196.004721
47000000	51000000	7336.448840
48000000	51000000	13408.716438
49000000	51000000	27843.684035
50000000	51000000	47683.136496
51000000	51000000	289222.623542
0	52000000	326.687187
1000000	52000000	401.070713
2000000	52000000	231.848835
3000000	52000000	414.315093
4000000	52000000	790.166373
5000000	52000000	2866.555675
6000000	52000000	3215.562723
7000000	52000000	3330.767147
8000000	52000000	2566.858789
9000000	52000000	1891.733627
10000000	52000000	1069.036937
11000000	52000000	403.168661
12000000	52000000	1249.143734
13000000	52000000	2047.964985
14000000	52000000	638.940442
15000000	52000000	614.776634
16000000	52000000	651.193434
17000000	52000000	1166.962527
18000000	52000000	923.930026
19000000	52000000	1299.179634
20000000	52000000	1571.233356
21000000	52000000	606.239507
22000000	52000000	825.017566
23000000	52000000	782.403962
24000000	52000000	1325.594620
25000000	52000000	2641.850847
26000000	52000000	3898.840855
27000000	52000000	1614.864795
28000000	52000000	719.008413
29000000	52000000	315.265213
30000000	52000000	342.644895
31000000	52000000	1709.978824
32000000	52000000	3238.701346
33000000	52000000	3780.153710
34000000	52000000	4975.992157
35000000	52000000	2820.417155
46000000	52000000	4677.252730
47000000	52000000	5347.767212
48000000	52000000	8382.682952
49000000	52000000	13673.850940
50000000	52000000	14155.699313
51000000	52000000	58517.031736
52000000	52000000	301404.164459
0	53000000	674.343703
1000000	53000000	571.316601
2000000	53000000	589.093032
3000000	53000000	1065.787848
4000000	53000000	1701.840609
5000000	53000000	1905.285414
6000000	53000000	1080.761712
7000000	53000000	952.003726
8000000	53000000	1889.538225
9000000	53000000	1913.356158
10000000	53000000	1804.089181
11000000	53000000	1524.671126
12000000	53000000	1797.112708
13000000	53000000	1125.242312
14000000	53000000	1636.721911
15000000	53000000	1026.250270
16000000	53000000	969.756880
17000000	53000000	1349.667658
18000000	53000000	1151.150400
19000000	53000000	1611.483598
20000000	53000000	1430.467667
21000000	53000000	1002.381163
22000000	53000000	1064.079473
23000000	53000000	1635.693902
24000000	53000000	1987.208231
25000000	53000000	2100.164302
26000000	53000000	1703.925758
27000000	53000000	2446.299927
28000000	53000000	1480.338302
29000000	53000000	897.640127
30000000	53000000	1213.646039
31000000	53000000	2722.619473
32000000	53000000	1356.605780
33000000	53000000	2064.281590
34000000	53000000	1493.353925
35000000	53000000	754.403599
46000000	53000000	6756.762102
47000000	53000000	7147.839981
48000000	53000000	7904.572846
49000000	53000000	9170.978912
50000000	53000000	17368.843669
51000000	53000000	17418.867556
52000000	53000000	55126.765538
53000000	53000000	298202.802687
0	54000000	392.072645
1000000	54000000	375.425805
2000000	54000000	223.893083
3000000	54000000	408.471573
4000000	54000000	824.108007
5000000	54000000	2912.669805
6000000	54000000	2899.825552
7000000	54000000	3115.895027
8000000	54000000	2515.036964
9000000	54000000	1985.083142
10000000	54000000	1164.298656
11000000	54000000	526.104186
12000000	54000000	1261.545867
13000000	54000000	1862.780387
14000000	54000000	718.699865
15000000	54000000	619.243739
16000000	54000000	667.075542
17000000	54000000	1196.084974
18000000	54000000	824.978641
19000000	54000000	1263.867876
20000000	54000000	1564.465135
21000000	54000000	594.725428
22000000	54000000	870.153725
23000000	54000000	770.863937
24000000	54000000	1386.067836
25000000	54000000	2660.656487
26000000	54000000	3517.016340
27000000	54000000	1921.068252
28000000	54000000	824.496589
29000000	54000000	346.988020
30000000	54000000	379.879104
31000000	54000000	1550.788541
32000000	54000000	2544.172780
33000000	54000000	3094.831927
34000000	54000000	4167.752068
35000000	54000000	2040.826034
46000000	54000000	4000.286617
47000000	54000000	4390.742172
48000000	54000000	6493.924866
49000000	54000000	10487.614648
50000000	54000000	8704.159047
51000000	54000000	22711.882069
52000000	54000000	35363.879083
53000000	54000000	68944.912327
54000000	54000000	271077.627890
0	55000000	357.324346
1000000	55000000	450.745443
2000000	55000000	283.587416
3000000	55000000	461.771321
4000000	55000000	982.052607
5000000	55000000	2863.324079
6000000	55000000	2662.050615
7000000	55000000	2628.331290
8000000	55000000	2457.946529
9000000	55000000	2206.202073
10000000	55000000	1231.678201
11000000	55000000	559.865402
12000000	55000000	1509.043938
13000000	55000000	1930.902398
14000000	55000000	775.402039
15000000	55000000	709.426758
16000000	55000000	763.333225
17000000	55000000	1288.518116
18000000	55000000	929.521462
19000000	55000000	1466.852640
20000000	55000000	1836.573623
21000000	55000000	694.450743
22000000	55000000	1010.421273
23000000	55000000	976.125642
24000000	55000000	1676.928186
25000000	55000000	2698.205877
26000000	55000000	3699.751192
27000000	55000000	2106.531094
28000000	55000000	970.684471
29000000	55000000	438.275603
30000000	55000000	363.190498
31000000	55000000	1534.216133
32000000	55000000	2496.814588
33000000	55000000	2942.494153
34000000	55000000	3440.838258
35000000	55000000	1599.869808
46000000	55000000	3996.159915
47000000	55000000	4548.138476
48000000	55000000	6930.029720
49000000	55000000	11752.051935
50000000	55000000	8970.786567
51000000	55000000	20649.066967
52000000	55000000	27565.548716
53000000	55000000	37160.302056
54000000	55000000	83888.309685
55000000	55000000	259683.234858
0	56000000	921.384242
1000000	56000000	883.773054
2000000	56000000	1010.168502
3000000	56000000	1579.948828
4000000	56000000	2561.439867
5000000	56000000	2023.885692
6000000	56000000	1058.690351
7000000	56000000	967.230627
8000000	56000000	1884.781422
9000000	56000000	2132.616430
10000000	56000000	1920.554598
11000000	56000000	2035.202806
12000000	56000000	2258.530116
13000000	56000000	1322.503871
14000000	56000000	1734.943411
15000000	56000000	1525.364154
16000000	56000000	1312.030396
17000000	56000000	1499.650173
18000000	56000000	1173.968883
19000000	56000000	1759.362041
20000000	56000000	1693.183525
21000000	56000000	1532.146929
22000000	56000000	1661.468734
23000000	56000000	2333.196392
24000000	56000000	2768.447754
25000000	56000000	2306.003105
26000000	56000000	1932.069774
27000000	56000000	2963.017498
28000000	56000000	2312.963772
29000000	56000000	1502.174870
30000000	56000000	1831.281068
31000000	56000000	2627.436376
32000000	56000000	1093.903756
33000000	56000000	1590.154164
34000000	56000000	1253.353720
35000000	56000000	556.150923
46000000	56000000	4665.851407
47000000	56000000	5458.482512
48000000	56000000	6963.658910
49000000	56000000	8769.127963
50000000	56000000	11108.792614
51000000	56000000	8171.368673
52000000	56000000	8547.866018
53000000	56000000	19008.937627
54000000	56000000	15277.342088
55000000	56000000	48795.739075
56000000	56000000	304810.316752
0	57000000	1346.151763
1000000	57000000	1114.522818
2000000	57000000	1581.262687
3000000	57000000	2421.962903
4000000	57000000	3116.587470
5000000	57000000	1252.646964
6000000	57000000	445.187210
7000000	57000000	426.742536
8000000	57000000	1159.841054
9000000	57000000	1537.141359
10000000	57000000	1943.105166
11000000	57000000	2883.494351
12000000	57000000	1900.157800
13000000	57000000	770.527218
14000000	57000000	1953.461669
15000000	57000000	1616.046844
16000000	57000000	1332.761278
17000000	57000000	1183.124392
18000000	57000000	1116.505283
19000000	57000000	1347.927835
20000000	57000000	1122.863108
21000000	57000000	1511.517149
22000000	57000000	1619.992694
23000000	57000000	2487.746419
24000000	57000000	2107.670220
25000000	57000000	1392.615626
26000000	57000000	752.097859
27000000	57000000	2318.136054
28000000	57000000	2723.240774
29000000	57000000	2293.896688
30000000	57000000	3361.484261
31000000	57000000	2738.535148
32000000	57000000	453.425972
33000000	57000000	908.432967
34000000	57000000	610.415794
35000000	57000000	286.252086
46000000	57000000	4272.126521
47000000	57000000	4344.533438
48000000	57000000	4347.973985
49000000	57000000	4195.634181
50000000	57000000	7484.763224
51000000	57000000	2893.000570
52000000	57000000	2900.547136
53000000	57000000	8868.716563
54000000	57000000	4459.715159
55000000	57000000	6920.779152
56000000	57000000	69713.363808
57000000	57000000	360212.832963
0	58000000	780.466931
1000000	58000000	714.906632
2000000	58000000	708.737031
3000000	58000000	1212.781910
4000000	58000000	2127.771197
5000000	58000000	1978.830133
6000000	58000000	1049.534788
7000000	58000000	1010.112588
8000000	58000000	1944.676148
9000000	58000000	1745.509073
10000000	58000000	1529.236683
11000000	58000000	1472.779856
12000000	58000000	1737.560054
13000000	58000000	1096.726084
14000000	58000000	1397.060835
15000000	58000000	1257.034874
16000000	58000000	1055.200530
17000000	58000000	1163.391854
18000000	58000000	1461.672954
19000000	58000000	1543.802006
20000000	58000000	1275.075624
21000000	58000000	1204.920201
22000000	58000000	1250.498340
23000000	58000000	1736.919514
24000000	58000000	2153.606184
25000000	58000000	1801.065787
26000000	58000000	1386.433755
27000000	58000000	2235.010879
28000000	58000000	1673.417446
29000000	58000000	988.608776
30000000	58000000	1443.865808
31000000	58000000	2914.471482
32000000	58000000	1316.829921
33000000	58000000	1750.322111
34000000	58000000	1451.825205
35000000	58000000	691.175815
46000000	58000000	5257.379335
47000000	58000000	5224.621249
48000000	58000000	5599.482186
49000000	58000000	5558.375225
50000000	58000000	7769.403327
51000000	58000000	5650.068045
52000000	58000000	5713.904677
53000000	58000000	12409.523824
54000000	58000000	7420.586373
55000000	58000000	10221.796830
56000000	58000000	20575.463409
57000000	58000000	67811.270245
58000000	58000000	301249.375608
0	59000000	241.114956
1000000	59000000	252.614160
2000000	59000000	175.687198
3000000	59000000	296.227746
4000000	59000000	469.419125
5000000	59000000	2038.661352
6000000	59000000	2979.559545
7000000	59000000	3189.093279
8000000	59000000	2027.276592
9000000	59000000	1214.576826
10000000	59000000	722.409005
11000000	59000000	298.766345
12000000	59000000	726.588275
13000000	59000000	1486.546337
14000000	59000000	474.984310
15000000	59000000	373.246431
16000000	59000000	462.818991
17000000	59000000	843.009624
18000000	59000000	586.562292
19000000	59000000	802.550037
20000000	59000000	966.545504
21000000	59000000	343.243961
22000000	59000000	520.257340
23000000	59000000	486.914713
24000000	59000000	886.754965
25000000	59000000	1645.954991
26000000	59000000	2317.578039
27000000	59000000	910.162604
28000000	59000000	389.899564
29000000	59000000	221.876093
30000000	59000000	217.455033
31000000	59000000	1433.507611
32000000	59000000	3363.176464
33000000	59000000	3355.796731
34000000	59000000	5437.872599
35000000	59000000	3006.422942
46000000	59000000	3161.460127
47000000	59000000	3384.710894
48000000	59000000	3818.646773
49000000	59000000	4283.496621
50000000	59000000	2985.560751
51000000	59000000	8618.061849
52000000	59000000	10112.700008
53000000	59000000	5019.121604
54000000	59000000	9787.505250
55000000	59000000	10466.957732
56000000	59000000	5888.868923
57000000	59000000	4920.252105
58000000	59000000	40324.086221
59000000	59000000	287775.250344
0	60000000	220.849536
1000000	60000000	229.787369
2000000	60000000	152.040057
3000000	60000000	298.215167
4000000	60000000	421.155297
5000000	60000000	1871.677430
6000000	60000000	3064.982757
7000000	60000000	3465.152099
8000000	60000000	1787.223856
9000000	60000000	1074.354555
10000000	60000000	658.868601
11000000	60000000	274.507864
12000000	60000000	621.785376
13000000	60000000	1286.318507
14000000	60000000	438.408640
15000000	60000000	358.629684
16000000	60000000	373.141521
17000000	60000000	756.668111
18000000	60000000	527.983658
19000000	60000000	701.358495
20000000	60000000	834.698285
21000000	60000000	335.759162
22000000	60000000	443.232791
23000000	60000000	432.990270
24000000	60000000	765.601822
25000000	60000000	1447.200553
26000000	60000000	2034.446285
27000000	60000000	761.119409
28000000	60000000	347.413905
29000000	60000000	223.283474
30000000	60000000	201.708203
31000000	60000000	1248.638536
32000000	60000000	3322.573545
33000000	60000000	3225.251676
34000000	60000000	5933.495335
35000000	60000000	3581.888921
46000000	60000000	3099.213543
47000000	60000000	3146.366967
48000000	60000000	3325.176163
49000000	60000000	3816.525484
50000000	60000000	2645.037195
51000000	60000000	7502.641729
52000000	60000000	8957.141208
53000000	60000000	4081.361818
54000000	60000000	8320.445873
55000000	60000000	8685.920347
56000000	60000000	4359.580962
57000000	60000000	3495.869273
58000000	60000000	19635.710097
59000000	60000000	87802.218674
60000000	60000000	285115.598306
0	61000000	263.993000
1000000	61000000	232.591592
2000000	61000000	181.840287
3000000	61000000	288.245697
4000000	61000000	440.409189
5000000	61000000	1698.462684
6000000	61000000	2567.935138
7000000	61000000	2896.468415
8000000	61000000	1739.944533
9000000	61000000	1045.097903
10000000	61000000	698.141018
11000000	61000000	351.315164
12000000	61000000	709.312093
13000000	61000000	1271.053399
14000000	61000000	459.160808
15000000	61000000	345.806568
16000000	61000000	399.432521
17000000	61000000	764.558233
18000000	61000000	501.301736
19000000	61000000	732.752293
20000000	61000000	795.735083
21000000	61000000	344.791053
22000000	61000000	453.719128
23000000	61000000	514.875558
24000000	61000000	801.535609
25000000	61000000	1440.805206
26000000	61000000	1796.072671
27000000	61000000	802.293290
28000000	61000000	370.010367
29000000	61000000	183.571391
30000000	61000000	275.019417
31000000	61000000	1266.340803
32000000	61000000	2830.212916
33000000	61000000	2805.452052
34000000	61000000	4951.940545
35000000	61000000	3105.517584
46000000	61000000	2933.999852
47000000	61000000	3307.941353
48000000	61000000	3430.263373
49000000	61000000	3719.133206
50000000	61000000	2870.999786
51000000	61000000	6752.084499
52000000	61000000	7926.589139
53000000	61000000	4317.510326
54000000	61000000	7259.112221
55000000	61000000	7298.148917
56000000	61000000	4235.157918
57000000	61000000	3302.004447
58000000	61000000	15727.032760
59000000	61000000	44370.833646
60000000	61000000	76702.664008
61000000	61000000	286119.546291
0	62000000	241.910386
1000000	62000000	238.778264
2000000	62000000	187.504193
3000000	62000000	327.136063
4000000	62000000	462.521983
5000000	62000000	1635.501008
6000000	62000000	2466.816768
7000000	62000000	2828.023866
8000000	62000000	1790.319694
9000000	62000000	1114.214901
10000000	62000000	682.100198
11000000	62000000	354.581787
12000000	62000000	781.699546
13000000	62000000	1274.444585
14000000	62000000	426.622988
15000000	62000000	350.758163
16000000	62000000	457.702226
17000000	62000000	792.431026
18000000	62000000	624.249831
19000000	62000000	781.141378
20000000	62000000	868.320418
21000000	62000000	375.255136
22000000	62000000	471.962112
23000000	62000000	455.663091
24000000	62000000	859.035322
25000000	62000000	1381.688582
26000000	62000000	1808.204565
27000000	62000000	816.778729
28000000	62000000	442.784867
29000000	62000000	201.808968
30000000	62000000	287.795526
31000000	62000000	1379.476996
32000000	62000000	2639.753028
33000000	62000000	3088.387839
34000000	62000000	4899.971844
35000000	62000000	2367.743486
46000000	62000000	3116.839175
47000000	62000000	3458.461713
48000000	62000000	3710.476791
49000000	62000000	3752.231328
50000000	62000000	2914.983600
51000000	62000000	6696.805235
52000000	62000000	7305.172299
53000000	62000000	4491.517270
54000000	62000000	6864.903694
55000000	62000000	6606.524411
56000000	62000000	3963.272676
57000000	62000000	3048.009004
58000000	62000000	14190.711519
59000000	62000000	31240.912789
60000000	62000000	36628.527213
61000000	62000000	73193.469768
62000000	62000000	278749.174782
0	63000000	185.781451
1000000	63000000	200.325116
2000000	63000000	138.839711
3000000	63000000	278.461942
4000000	63000000	409.212313
5000000	63000000	1779.663877
6000000	63000000	2943.281679
7000000	63000000	3199.827692
8000000	63000000	1884.646809
9000000	63000000	1073.167465
10000000	63000000	672.676189
11000000	63000000	294.283954
12000000	63000000	644.548994
13000000	63000000	1391.828254
14000000	63000000	424.085822
15000000	63000000	338.567556
16000000	63000000	436.715029
17000000	63000000	734.294465
18000000	63000000	572.881576
19000000	63000000	736.330918
20000000	63000000	840.211409
21000000	63000000	380.985225
22000000	63000000	395.188420
23000000	63000000	464.322111
24000000	63000000	818.850198
25000000	63000000	1425.812297
26000000	63000000	2084.021999
27000000	63000000	796.198939
28000000	63000000	320.686574
29000000	63000000	136.593707
30000000	63000000	213.203504
31000000	63000000	1133.671018
32000000	63000000	3005.621302
33000000	63000000	3189.724411
34000000	63000000	5808.408453
35000000	63000000	3156.742983
46000000	63000000	2867.970162
47000000	63000000	3132.045660
48000000	63000000	3407.788361
49000000	63000000	3716.872025
50000000	63000000	2567.093891
51000000	63000000	6960.488713
52000000	63000000	7622.685641
53000000	63000000	3549.588093
54000000	63000000	6682.763375
55000000	63000000	6459.296412
56000000	63000000	3301.573096
57000000	63000000	2239.061501
58000000	63000000	7507.271744
59000000	63000000	20080.259825
60000000	63000000	22917.927930
61000000	63000000	31291.643145
62000000	63000000	74370.176614
63000000	63000000	273858.680549
0	64000000	241.277820
1000000	64000000	236.070042
2000000	64000000	152.699954
3000000	64000000	274.317315
4000000	64000000	429.170651
5000000	64000000	2186.987725
6000000	64000000	3480.706598
7000000	64000000	3730.982174
8000000	64000000	2100.165094
9000000	64000000	1139.514228
10000000	64000000	701.381119
11000000	64000000	337.344411
12000000	64000000	746.203937
13000000	64000000	1458.073016
14000000	64000000	393.988633
15000000	64000000	352.768216
16000000	64000000	458.047318
17000000	64000000	839.878986
18000000	64000000	572.950408
19000000	64000000	750.240908
20000000	64000000	902.845533
21000000	64000000	323.316849
22000000	64000000	514.443798
23000000	64000000	463.877877
24000000	64000000	834.734816
25000000	64000000	1617.428517
26000000	64000000	2377.333119
27000000	64000000	880.831283
28000000	64000000	421.067261
29000000	64000000	201.331271
30000000	64000000	227.216490
31000000	64000000	1326.790327
32000000	64000000	3334.161696
33000000	64000000	3529.269824
34000000	64000000	6425.670351
35000000	64000000	3568.539530
46000000	64000000	2905.164211
47000000	64000000	3182.283428
48000000	64000000	3534.400832
49000000	64000000	4051.875799
50000000	64000000	2648.449555
51000000	64000000	7196.419602
52000000	64000000	7522.059028
53000000	64000000	3360.956383
54000000	64000000	6680.856433
55000000	64000000	6662.842723
56000000	64000000	3132.735899
57000000	64000000	1989.517485
58000000	64000000	5468.323077
59000000	64000000	15226.597661
60000000	64000000	16269.516331
61000000	64000000	19229.762921
62000000	64000000	28173.316910
63000000	64000000	80108.362099
64000000	64000000	297856.881855
0	65000000	254.637724
1000000	65000000	323.516883
2000000	65000000	174.558347
3000000	65000000	330.661913
4000000	65000000	580.948131
5000000	65000000	3136.926306
6000000	65000000	4020.557692
7000000	65000000	4283.655015
8000000	65000000	2617.694118
9000000	65000000	1665.788490
10000000	65000000	885.361984
11000000	65000000	320.074095
12000000	65000000	984.885633
13000000	65000000	1960.718460
14000000	65000000	504.095863
15000000	65000000	448.221242
16000000	65000000	537.090522
17000000	65000000	1012.684765
18000000	65000000	726.732278
19000000	65000000	956.053495
20000000	65000000	1239.948558
21000000	65000000	446.455254
22000000	65000000	611.886908
23000000	65000000	540.660591
24000000	65000000	1051.652505
25000000	65000000	2205.828467
26000000	65000000	3372.839679
27000000	65000000	1278.583053
28000000	65000000	601.753832
29000000	65000000	199.030078
30000000	65000000	240.476025
31000000	65000000	1466.453317
32000000	65000000	3841.034859
33000000	65000000	3999.727615
34000000	65000000	6335.769140
35000000	65000000	3291.196769
46000000	65000000	3527.755353
47000000	65000000	3678.673135
48000000	65000000	4434.719452
49000000	65000000	5797.579591
50000000	65000000	3423.141590
51000000	65000000	9417.505963
52000000	65000000	8811.369833
53000000	65000000	3880.516981
54000000	65000000	8763.281200
55000000	65000000	8925.880600
56000000	65000000	4117.061312
57000000	65000000	2336.440225
58000000	65000000	6611.014588
59000000	65000000	14125.724518
60000000	65000000	13440.059047
61000000	65000000	14573.822614
62000000	65000000	20145.580731
63000000	65000000	39675.806913
64000000	65000000	72431.992278
65000000	65000000	274689.210452
0	66000000	973.447870
1000000	66000000	956.973121
2000000	66000000	961.773443
3000000	66000000	1445.216992
4000000	66000000	2712.216325
5000000	66000000	2829.848795
6000000	66000000	1552.656008
7000000	66000000	1496.232105
8000000	66000000	2448.495400
9000000	66000000	2531.194561
10000000	66000000	1906.466067
11000000	66000000	1662.581957
12000000	66000000	2152.955091
13000000	66000000	1646.433141
14000000	66000000	1696.959559
15000000	66000000	1514.979154
16000000	66000000	1317.115325
17000000	66000000	1615.313872
18000000	66000000	1256.346377
19000000	66000000	1871.545777
20000000	66000000	1836.272375
21000000	66000000	1393.037455
22000000	66000000	1503.628469
23000000	66000000	2005.837666
24000000	66000000	2433.843349
25000000	66000000	2503.726389
26000000	66000000	2507.049585
27000000	66000000	2969.903896
28000000	66000000	2354.369057
29000000	66000000	1247.327088
30000000	66000000	1604.182615
31000000	66000000	3044.869563
32000000	66000000	1427.921271
33000000	66000000	2307.884548
34000000	66000000	1861.706819
35000000	66000000	876.220808
46000000	66000000	4602.693172
47000000	66000000	4919.805732
48000000	66000000	6137.601143
49000000	66000000	7651.963391
50000000	66000000	7503.525407
51000000	66000000	6307.791234
52000000	66000000	5028.799025
53000000	66000000	6483.871906
54000000	66000000	6381.164317
55000000	66000000	7583.193208
56000000	66000000	9559.288131
57000000	66000000	8864.166029
58000000	66000000	11158.820805
59000000	66000000	5395.782339
60000000	66000000	4555.759385
61000000	66000000	5383.453289
62000000	66000000	7131.565110
63000000	66000000	11281.148183
64000000	66000000	14588.388019
65000000	66000000	50099.671044
66000000	66000000	277485.284235
0	67000000	2568.722730
1000000	67000000	2226.359213
2000000	67000000	3469.468362
3000000	67000000	3687.857956
4000000	67000000	3827.341629
5000000	67000000	815.118826
6000000	67000000	260.154259
7000000	67000000	254.638469
8000000	67000000	694.895679
9000000	67000000	952.150562
10000000	67000000	1294.990769
11000000	67000000	2468.940022
12000000	67000000	1371.796080
13000000	67000000	553.931530
14000000	67000000	1711.584475
15000000	67000000	1833.759763
16000000	67000000	1365.171755
17000000	67000000	945.210031
18000000	67000000	1040.300457
19000000	67000000	1143.598412
20000000	67000000	935.752173
21000000	67000000	1555.340794
22000000	67000000	1743.937264
23000000	67000000	2082.954883
24000000	67000000	1487.173224
25000000	67000000	853.556534
26000000	67000000	421.913710
27000000	67000000	1598.487810
28000000	67000000	3155.575790
29000000	67000000	3477.395215
30000000	67000000	4923.162727
31000000	67000000	2422.116660
32000000	67000000	249.901062
33000000	67000000	394.670893
34000000	67000000	301.625892
35000000	67000000	175.180801
46000000	67000000	2442.269296
47000000	67000000	2433.194408
48000000	67000000	2150.715880
49000000	67000000	1838.150384
50000000	67000000	3569.302014
51000000	67000000	977.889811
52000000	67000000	906.839632
53000000	67000000	2636.963846
54000000	67000000	1074.088221
55000000	67000000	1235.408209
56000000	67000000	5307.480265
57000000	67000000	9546.605410
58000000	67000000	4405.528291
59000000	67000000	930.885601
60000000	67000000	971.429153
61000000	67000000	1175.696315
62000000	67000000	1401.969350
63000000	67000000	1507.978426
64000000	67000000	1945.414433
65000000	67000000	2875.364856
66000000	67000000	49265.495020
67000000	67000000	386100.603153
0	68000000	1730.557296
1000000	68000000	1622.610192
2000000	68000000	2318.926814
3000000	68000000	3064.181495
4000000	68000000	2405.017592
5000000	68000000	632.026791
6000000	68000000	304.479855
7000000	68000000	297.069353
8000000	68000000	611.424301
9000000	68000000	748.663153
10000000	68000000	1128.162038
11000000	68000000	1919.148546
12000000	68000000	1400.993788
13000000	68000000	784.620051
14000000	68000000	1489.215192
15000000	68000000	1512.609854
16000000	68000000	1172.759150
17000000	68000000	1013.661679
18000000	68000000	875.332232
19000000	68000000	1128.794547
20000000	68000000	954.175379
21000000	68000000	1340.194049
22000000	68000000	1693.173027
23000000	68000000	1914.199772
24000000	68000000	1372.778987
25000000	68000000	830.414177
26000000	68000000	521.480273
27000000	68000000	1375.528412
28000000	68000000	2125.315182
29000000	68000000	2434.099032
30000000	68000000	2620.157996
31000000	68000000	1490.730284
32000000	68000000	319.631360
33000000	68000000	497.628353
34000000	68000000	441.368337
35000000	68000000	179.527764
46000000	68000000	1844.876275
47000000	68000000	1920.713881
48000000	68000000	1783.851573
49000000	68000000	1549.336193
50000000	68000000	2342.102544
51000000	68000000	928.928149
52000000	68000000	884.989648
53000000	68000000	1970.023150
54000000	68000000	1074.819550
55000000	68000000	1183.659164
56000000	68000000	3432.996593
57000000	68000000	5461.968878
58000000	68000000	2808.521951
59000000	68000000	959.809870
60000000	68000000	950.829601
61000000	68000000	1096.164153
62000000	68000000	1214.368067
63000000	68000000	1401.031020
64000000	68000000	1774.954357
65000000	68000000	2323.531425
66000000	68000000	9835.789485
67000000	68000000	84259.488873
68000000	68000000	375598.182928
0	69000000	1560.929656
1000000	69000000	1362.613737
2000000	69000000	1906.361096
3000000	69000000	2529.515325
4000000	69000000	2157.829237
5000000	69000000	611.287068
6000000	69000000	268.262737
7000000	69000000	228.890067
8000000	69000000	548.616891
9000000	69000000	771.708060
10000000	69000000	1067.693699
11000000	69000000	1907.435274
12000000	69000000	1426.239860
13000000	69000000	683.391237
14000000	69000000	1640.745727
15000000	69000000	1621.710090
16000000	69000000	1276.388176
17000000	69000000	951.292534
18000000	69000000	863.555636
19000000	69000000	1131.070429
20000000	69000000	951.989886
21000000	69000000	1498.422367
22000000	69000000	1679.185664
23000000	69000000	2053.288635
24000000	69000000	1475.515212
25000000	69000000	816.746854
26000000	69000000	474.306059
27000000	69000000	1391.133558
28000000	69000000	2029.770563
29000000	69000000	2048.887494
30000000	69000000	2405.353119
31000000	69000000	1292.030853
32000000	69000000	294.080072
33000000	69000000	384.878238
34000000	69000000	288.214029
35000000	69000000	172.770653
46000000	69000000	1911.036767
47000000	69000000	2098.128635
48000000	69000000	1760.207198
49000000	69000000	1465.592957
50000000	69000000	2519.395384
51000000	69000000	878.219312
52000000	69000000	830.094298
53000000	69000000	2258.694414
54000000	69000000	1012.342338
55000000	69000000	1102.912005
56000000	69000000	3766.241148
57000000	69000000	5383.333159
58000000	69000000	3141.709053
59000000	69000000	856.046096
60000000	69000000	898.291294
61000000	69000000	1009.567109
62000000	69000000	1151.952768
63000000	69000000	1315.309913
64000000	69000000	1450.592359
65000000	69000000	1921.298349
66000000	69000000	8237.123423
67000000	69000000	22708.000639
68000000	69000000	97822.657263
69000000	69000000	394255.453258
0	70000000	1232.430582
1000000	70000000	1075.480125
2000000	70000000	1387.445883
3000000	70000000	1747.097614
4000000	70000000	2162.068643
5000000	70000000	773.293146
6000000	70000000	290.129060
7000000	70000000	276.957829
8000000	70000000	775.462122
9000000	70000000	910.359120
10000000	70000000	1017.111416
11000000	70000000	1576.459661
12000000	70000000	1244.402645
13000000	70000000	655.180864
14000000	70000000	1391.475770
15000000	70000000	1665.923257
16000000	70000000	1045.868314
17000000	70000000	921.361104
18000000	70000000	1145.612209
19000000	70000000	1265.801118
20000000	70000000	1142.574632
21000000	70000000	1466.018672
22000000	70000000	1627.717593
23000000	70000000	1899.567296
24000000	70000000	1563.470484
25000000	70000000	1095.692695
26000000	70000000	678.566957
27000000	70000000	1654.350688
28000000	70000000	1962.834484
29000000	70000000	1557.076056
30000000	70000000	1989.075982
31000000	70000000	1416.766292
32000000	70000000	222.221463
33000000	70000000	477.405201
34000000	70000000	398.951903
35000000	70000000	192.325647
46000000	70000000	2074.530925
47000000	70000000	2036.015531
48000000	70000000	2048.487406
49000000	70000000	2122.227153
50000000	70000000	3229.415656
51000000	70000000	1219.687487
52000000	70000000	1120.467972
53000000	70000000	2975.155413
54000000	70000000	1362.561266
55000000	70000000	1611.441721
56000000	70000000	4213.215031
57000000	70000000	5238.706342
58000000	70000000	4573.144350
59000000	70000000	1037.642963
60000000	70000000	1025.429047
61000000	70000000	1238.393031
62000000	70000000	1433.267520
63000000	70000000	1434.284245
64000000	70000000	1616.650780
65000000	70000000	2247.870701
66000000	70000000	9274.766287
67000000	70000000	12855.940322
68000000	70000000	15241.774902
69000000	70000000	51335.434197
70000000	70000000	425566.366312
0	71000000	890.866036
1000000	71000000	784.335706
2000000	71000000	868.643529
3000000	71000000	1330.093335
4000000	71000000	1800.940653
5000000	71000000	1137.987778
6000000	71000000	622.064767
7000000	71000000	586.345619
8000000	71000000	1070.750107
9000000	71000000	1210.458718
10000000	71000000	1236.022219
11000000	71000000	1416.166731
12000000	71000000	1530.484414
13000000	71000000	992.054250
14000000	71000000	1365.360316
15000000	71000000	1300.578222
16000000	71000000	960.038670
17000000	71000000	1192.133675
18000000	71000000	1172.558732
19000000	71000000	1511.231428
20000000	71000000	1469.376895
21000000	71000000	1279.237338
22000000	71000000	1480.004724
23000000	71000000	1799.253611
24000000	71000000	1931.317723
25000000	71000000	1499.780584
26000000	71000000	1198.599749
27000000	71000000	1948.242163
28000000	71000000	1638.663348
29000000	71000000	1098.163276
30000000	71000000	1309.686295
31000000	71000000	1839.496056
32000000	71000000	640.192732
33000000	71000000	977.053365
34000000	71000000	716.220634
35000000	71000000	378.074694
46000000	71000000	2531.597859
47000000	71000000	2871.352746
48000000	71000000	2949.581325
49000000	71000000	3026.232649
50000000	71000000	3788.711459
51000000	71000000	2256.306325
52000000	71000000	2116.924862
53000000	71000000	3806.057653
54000000	71000000	2259.075894
55000000	71000000	2572.530634
56000000	71000000	4637.885145
57000000	71000000	4675.261886
58000000	71000000	5271.264044
59000000	71000000	2040.088719
60000000	71000000	1878.160234
61000000	71000000	2277.705350
62000000	71000000	2516.025671
63000000	71000000	2543.039150
64000000	71000000	3007.243319
65000000	71000000	4065.161380
66000000	71000000	9447.818982
67000000	71000000	7072.696806
68000000	71000000	8288.527418
69000000	71000000	14017.272374
70000000	71000000	46715.716030
71000000	71000000	366652.093593
0	72000000	591.887433
1000000	72000000	503.930171
2000000	72000000	539.206707
3000000	72000000	908.070177
4000000	72000000	1113.816691
5000000	72000000	1194.742067
6000000	72000000	789.870025
7000000	72000000	703.048747
8000000	72000000	1109.279762
9000000	72000000	1104.369825
10000000	72000000	1189.292969
11000000	72000000	951.354016
12000000	72000000	1321.370334
13000000	72000000	990.417227
14000000	72000000	1153.311776
15000000	72000000	879.136510
16000000	72000000	793.514942
17000000	72000000	1066.261331
18000000	72000000	750.772415
19000000	72000000	1220.489700
20000000	72000000	1099.038727
21000000	72000000	919.413416
22000000	72000000	908.902257
23000000	72000000	1207.309825
24000000	72000000	1439.927869
25000000	72000000	1362.055584
26000000	72000000	1217.476455
27000000	72000000	1586.574845
28000000	72000000	1017.261346
29000000	72000000	695.170964
30000000	72000000	754.089123
31000000	72000000	1683.872953
32000000	72000000	989.771813
33000000	72000000	1291.261778
34000000	72000000	1107.589823
35000000	72000000	553.396615
46000000	72000000	2674.950424
47000000	72000000	2929.951539
48000000	72000000	3028.740109
49000000	72000000	2938.794444
50000000	72000000	3432.696874
51000000	72000000	2588.650329
52000000	72000000	2589.674360
53000000	72000000	4100.960427
54000000	72000000	2630.400426
55000000	72000000	2921.601661
56000000	72000000	3979.029883
57000000	72000000	3476.951309
58000000	72000000	4786.678741
59000000	72000000	2811.439560
60000000	72000000	2726.970854
61000000	72000000	3117.460384
62000000	72000000	3515.962928
63000000	72000000	3504.817740
64000000	72000000	3847.366380
65000000	72000000	4679.496854
66000000	72000000	7860.932995
67000000	72000000	3908.280451
68000000	72000000	4581.292532
69000000	72000000	6459.256936
70000000	72000000	12269.068601
71000000	72000000	61944.950624
72000000	72000000	302812.011785
0	73000000	405.052775
1000000	73000000	405.836736
2000000	73000000	326.621228
3000000	73000000	529.501554
4000000	73000000	758.299901
5000000	73000000	1596.026171
6000000	73000000	1553.833675
7000000	73000000	1508.695224
8000000	73000000	1436.467387
9000000	73000000	1305.177039
10000000	73000000	992.609238
11000000	73000000	633.271218
12000000	73000000	1140.950355
13000000	73000000	1386.699349
14000000	73000000	726.464457
15000000	73000000	640.544376
16000000	73000000	617.480893
17000000	73000000	1088.897952
18000000	73000000	833.125022
19000000	73000000	1075.363950
20000000	73000000	1257.445851
21000000	73000000	736.143192
22000000	73000000	850.623940
23000000	73000000	876.809133
24000000	73000000	1232.223325
25000000	73000000	1759.717094
26000000	73000000	2167.685309
27000000	73000000	1372.093023
28000000	73000000	751.535039
29000000	73000000	432.859237
30000000	73000000	454.975774
31000000	73000000	1395.261699
32000000	73000000	1614.002664
33000000	73000000	1720.041093
34000000	73000000	2161.040109
35000000	73000000	1147.588051
46000000	73000000	2223.265656
47000000	73000000	2437.165906
48000000	73000000	2947.115800
49000000	73000000	3639.611737
50000000	73000000	2883.172299
51000000	73000000	4484.501831
52000000	73000000	4344.153553
53000000	73000000	3069.930592
54000000	73000000	4046.168170
55000000	73000000	4461.904158
56000000	73000000	3455.946716
57000000	73000000	2265.577581
58000000	73000000	3652.931219
59000000	73000000	4767.850192
60000000	73000000	4404.223819
61000000	73000000	4604.610391
62000000	73000000	5087.525615
63000000	73000000	5793.214863
64000000	73000000	6429.659739
65000000	73000000	8047.440398
66000000	73000000	7246.653532
67000000	73000000	2292.812020
68000000	73000000	2946.595639
69000000	73000000	3567.598452
70000000	73000000	6344.973801
71000000	73000000	19568.676880
72000000	73000000	117245.315121
73000000	73000000	303280.608558
0	74000000	637.128070
1000000	74000000	580.461796
2000000	74000000	644.411301
3000000	74000000	1086.541351
4000000	74000000	1557.642525
5000000	74000000	1259.544930
6000000	74000000	740.178496
7000000	74000000	782.235811
8000000	74000000	1130.506866
9000000	74000000	1138.803281
10000000	74000000	1137.217433
11000000	74000000	1190.830466
12000000	74000000	1362.728134
13000000	74000000	988.200404
14000000	74000000	1097.200727
15000000	74000000	1005.094622
16000000	74000000	847.969337
17000000	74000000	995.243442
18000000	74000000	796.410305
19000000	74000000	1252.868589
20000000	74000000	1143.747678
21000000	74000000	1063.389038
22000000	74000000	1046.616871
23000000	74000000	1416.839631
24000000	74000000	1685.479847
25000000	74000000	1418.038830
26000000	74000000	1250.856088
27000000	74000000	1501.930682
28000000	74000000	1243.898347
29000000	74000000	901.915810
30000000	74000000	1032.796285
31000000	74000000	1613.071553
32000000	74000000	848.231186
33000000	74000000	1322.738413
34000000	74000000	1080.076279
35000000	74000000	454.331949
46000000	74000000	2873.867249
47000000	74000000	2989.780077
48000000	74000000	3222.948134
49000000	74000000	3299.917832
50000000	74000000	3871.510611
51000000	74000000	2967.069702
52000000	74000000	2809.248446
53000000	74000000	4536.958610
54000000	74000000	2957.940336
55000000	74000000	3340.164426
56000000	74000000	5028.915561
57000000	74000000	4777.881600
58000000	74000000	6194.736720
59000000	74000000	3233.004947
60000000	74000000	2931.688675
61000000	74000000	3339.698557
62000000	74000000	3719.122922
63000000	74000000	3706.990720
64000000	74000000	3972.697634
65000000	74000000	4644.249996
66000000	74000000	8106.598484
67000000	74000000	4829.058149
68000000	74000000	4602.193163
69000000	74000000	6482.912270
70000000	74000000	10111.813284
71000000	74000000	18089.995216
72000000	74000000	34700.173923
73000000	74000000	53739.134022
74000000	74000000	305699.743720
0	75000000	671.563949
1000000	75000000	510.525842
2000000	75000000	662.075627
3000000	75000000	1172.454733
4000000	75000000	1532.040677
5000000	75000000	1013.132145
6000000	75000000	493.921528
7000000	75000000	535.013487
8000000	75000000	1012.467931
9000000	75000000	1101.949432
10000000	75000000	1245.940310
11000000	75000000	1432.265164
12000000	75000000	1291.214527
13000000	75000000	718.302829
14000000	75000000	1153.768128
15000000	75000000	837.150438
16000000	75000000	698.777446
17000000	75000000	868.248665
18000000	75000000	705.687499
19000000	75000000	1030.081968
20000000	75000000	866.245561
21000000	75000000	891.166807
22000000	75000000	922.824587
23000000	75000000	1355.132982
24000000	75000000	1390.182407
25000000	75000000	1201.619904
26000000	75000000	831.184690
27000000	75000000	1495.168047
28000000	75000000	1164.343245
29000000	75000000	855.610963
30000000	75000000	1200.179969
31000000	75000000	1763.031049
32000000	75000000	604.429373
33000000	75000000	1047.630311
34000000	75000000	789.079740
35000000	75000000	419.880040
46000000	75000000	3163.728123
47000000	75000000	3316.103927
48000000	75000000	3049.252855
49000000	75000000	2619.774538
50000000	75000000	4107.031266
51000000	75000000	2405.767355
52000000	75000000	2394.010853
53000000	75000000	5209.901681
54000000	75000000	2468.612637
55000000	75000000	2677.123587
56000000	75000000	4856.769089
57000000	75000000	5264.759259
58000000	75000000	5921.160800
59000000	75000000	2603.512149
60000000	75000000	2531.449713
61000000	75000000	2960.621041
62000000	75000000	3144.542291
63000000	75000000	3097.445835
64000000	75000000	3174.168508
65000000	75000000	3317.944927
66000000	75000000	6709.372869
67000000	75000000	4844.929577
68000000	75000000	4060.246774
69000000	75000000	4988.391443
70000000	75000000	6504.127415
71000000	75000000	9916.196232
72000000	75000000	12189.136349
73000000	75000000	10820.786200
74000000	75000000	76125.342079
75000000	75000000	330120.735452
0	76000000	262.937954
1000000	76000000	238.442295
2000000	76000000	205.414384
3000000	76000000	326.495856
4000000	76000000	520.007522
5000000	76000000	1212.061758
6000000	76000000	1301.248795
7000000	76000000	1345.102917
8000000	76000000	1261.223813
9000000	76000000	1091.815791
10000000	76000000	770.603447
11000000	76000000	417.104492
12000000	76000000	964.482433
13000000	76000000	1062.677112
14000000	76000000	541.688789
15000000	76000000	407.794732
16000000	76000000	493.977928
17000000	76000000	851.961198
18000000	76000000	540.477527
19000000	76000000	837.774958
20000000	76000000	950.734441
21000000	76000000	480.096821
22000000	76000000	617.389142
23000000	76000000	656.075464
24000000	76000000	1010.389289
25000000	76000000	1441.402429
26000000	76000000	1717.138939
27000000	76000000	978.704578
28000000	76000000	477.722108
29000000	76000000	295.076481
30000000	76000000	291.548038
31000000	76000000	979.178220
32000000	76000000	1261.387828
33000000	76000000	1797.313792
34000000	76000000	2205.119389
35000000	76000000	1028.326507
46000000	76000000	2077.993067
47000000	76000000	2518.443342
48000000	76000000	2773.365908
49000000	76000000	3351.857952
50000000	76000000	2438.757010
51000000	76000000	4975.438152
52000000	76000000	5428.088686
53000000	76000000	3497.394197
54000000	76000000	4721.496892
55000000	76000000	4559.626515
56000000	76000000	2905.717548
57000000	76000000	1683.431053
58000000	76000000	3616.074051
59000000	76000000	6026.769785
60000000	76000000	5540.961993
61000000	76000000	6064.371858
62000000	76000000	6148.998998
63000000	76000000	7131.559278
64000000	76000000	7148.907484
65000000	76000000	7325.926499
66000000	76000000	4722.748360
67000000	76000000	1315.051216
68000000	76000000	1465.634891
69000000	76000000	1656.420677
70000000	76000000	2397.322205
71000000	76000000	4940.712975
72000000	76000000	7575.098488
73000000	76000000	13026.610401
74000000	76000000	16271.549126
75000000	76000000	61697.186107
76000000	76000000	345561.488612
0	77000000	285.628271
1000000	77000000	366.248103
2000000	77000000	251.801443
3000000	77000000	378.342551
4000000	77000000	696.884856
5000000	77000000	1427.625155
6000000	77000000	1308.021293
7000000	77000000	1353.527157
8000000	77000000	1388.839687
9000000	77000000	1324.983325
10000000	77000000	855.581726
11000000	77000000	520.091796
12000000	77000000	1024.940358
13000000	77000000	1132.290280
14000000	77000000	600.377032
15000000	77000000	499.996159
16000000	77000000	529.405306
17000000	77000000	803.200834
18000000	77000000	559.513357
19000000	77000000	868.872333
20000000	77000000	1055.198364
21000000	77000000	481.791549
22000000	77000000	695.279235
23000000	77000000	813.050433
24000000	77000000	1231.278295
25000000	77000000	1666.308497
26000000	77000000	1937.547768
27000000	77000000	1257.304521
28000000	77000000	676.266997
29000000	77000000	286.488235
30000000	77000000	333.081832
31000000	77000000	1096.954282
32000000	77000000	1321.767827
33000000	77000000	1714.938988
34000000	77000000	2091.560930
35000000	77000000	985.511172
46000000	77000000	2353.322324
47000000	77000000	2740.854855
48000000	77000000	3466.353471
49000000	77000000	4530.033542
50000000	77000000	3537.725071
51000000	77000000	5874.360709
52000000	77000000	5533.907017
53000000	77000000	4248.956843
54000000	77000000	5415.335102
55000000	77000000	6123.271626
56000000	77000000	3986.041019
57000000	77000000	2326.767080
58000000	77000000	4851.878691
59000000	77000000	5835.295826
60000000	77000000	5277.302295
61000000	77000000	5501.845577
62000000	77000000	5673.779258
63000000	77000000	6378.836724
64000000	77000000	6694.459439
65000000	77000000	7893.298339
66000000	77000000	6824.638907
67000000	77000000	1458.693603
68000000	77000000	1538.285713
69000000	77000000	1657.290542
70000000	77000000	2576.649125
71000000	77000000	5236.830495
72000000	77000000	7023.906678
73000000	77000000	10773.265650
74000000	77000000	13435.918894
75000000	77000000	31118.636297
76000000	77000000	71798.198934
77000000	77000000	285806.044287
0	78000000	350.065298
1000000	78000000	348.263350
2000000	78000000	269.732702
3000000	78000000	400.289024
4000000	78000000	754.903013
5000000	78000000	1633.299348
6000000	78000000	1479.494131
7000000	78000000	1443.662352
8000000	78000000	1519.382125
9000000	78000000	1406.421783
10000000	78000000	995.807305
11000000	78000000	578.634057
12000000	78000000	1089.715105
13000000	78000000	1211.274826
14000000	78000000	695.527359
15000000	78000000	555.280060
16000000	78000000	548.532122
17000000	78000000	873.882793
18000000	78000000	572.152235
19000000	78000000	975.025745
20000000	78000000	1099.234021
21000000	78000000	545.041689
22000000	78000000	671.616405
23000000	78000000	854.419571
24000000	78000000	1304.819780
25000000	78000000	1626.761193
26000000	78000000	1924.899437
27000000	78000000	1433.168326
28000000	78000000	743.261281
29000000	78000000	360.556043
30000000	78000000	360.351855
31000000	78000000	1115.287088
32000000	78000000	1492.753886
33000000	78000000	1678.688792
34000000	78000000	2246.949596
35000000	78000000	1038.557799
46000000	78000000	2529.758888
47000000	78000000	2856.684726
48000000	78000000	3694.505371
49000000	78000000	4789.081347
50000000	78000000	3711.793258
51000000	78000000	5420.864872
52000000	78000000	4800.036604
53000000	78000000	4141.964438
54000000	78000000	5327.579988
55000000	78000000	5889.995174
56000000	78000000	4459.770067
57000000	78000000	2620.444171
58000000	78000000	4910.382885
59000000	78000000	5135.221163
60000000	78000000	4653.330435
61000000	78000000	4841.231586
62000000	78000000	5161.653624
63000000	78000000	5524.649174
64000000	78000000	5900.038584
65000000	78000000	7402.908820
66000000	78000000	7003.192020
67000000	78000000	1546.399207
68000000	78000000	1636.116260
69000000	78000000	1817.667373
70000000	78000000	2664.479678
71000000	78000000	4742.048128
72000000	78000000	6134.044905
73000000	78000000	8051.503102
74000000	78000000	9099.997847
75000000	78000000	11228.675651
76000000	78000000	17126.340608
77000000	78000000	63937.944177
78000000	78000000	264222.575785
0	79000000	303.387073
1000000	79000000	343.457621
2000000	79000000	244.641352
3000000	79000000	392.442759
4000000	79000000	695.475172
5000000	79000000	1740.207621
6000000	79000000	1793.594185
7000000	79000000	1701.029340
8000000	79000000	1572.426144
9000000	79000000	1341.188809
10000000	79000000	901.325141
11000000	79000000	526.386429
12000000	79000000	1002.604650
13000000	79000000	1326.164578
14000000	79000000	549.683909
15000000	79000000	510.319028
16000000	79000000	445.131279
17000000	79000000	899.962933
18000000	79000000	655.853421
19000000	79000000	852.960471
20000000	79000000	1146.091271
21000000	79000000	519.235686
22000000	79000000	667.530260
23000000	79000000	742.215415
24000000	79000000	1042.331899
25000000	79000000	1728.742566
26000000	79000000	2113.776369
27000000	79000000	1302.026718
28000000	79000000	655.338140
29000000	79000000	336.968059
30000000	79000000	307.008751
31000000	79000000	1016.169619
32000000	79000000	1548.871790
33000000	79000000	1850.361296
34000000	79000000	2608.432955
35000000	79000000	1427.728217
46000000	79000000	2319.060117
47000000	79000000	2417.786526
48000000	79000000	3306.824484
49000000	79000000	4755.588442
50000000	79000000	3139.854067
51000000	79000000	5463.462846
52000000	79000000	4867.415499
53000000	79000000	3059.587913
54000000	79000000	5281.960913
55000000	79000000	5826.084754
56000000	79000000	3750.212826
57000000	79000000	2134.463788
58000000	79000000	3737.941415
59000000	79000000	5032.894935
60000000	79000000	4719.490753
61000000	79000000	4564.436359
62000000	79000000	4781.535800
63000000	79000000	5132.940340
64000000	79000000	5741.761706
65000000	79000000	7700.073826
66000000	79000000	5979.450099
67000000	79000000	1294.623909
68000000	79000000	1447.026001
69000000	79000000	1425.868753
70000000	79000000	2162.807096
71000000	79000000	3599.149298
72000000	79000000	4274.860278
73000000	79000000	6966.966727
74000000	79000000	6227.621141
75000000	79000000	6433.206009
76000000	79000000	11385.330932
77000000	79000000	23011.628007
78000000	79000000	91029.675188
79000000	79000000	275354.047400
0	80000000	410.076832
1000000	80000000	400.960259
2000000	80000000	341.626031
3000000	80000000	577.380492
4000000	80000000	795.022702
5000000	80000000	1684.863078
6000000	80000000	1426.192431
7000000	80000000	1423.936950
8000000	80000000	1491.977137
9000000	80000000	1294.971091
10000000	80000000	1034.085670
11000000	80000000	687.520190
12000000	80000000	1101.573930
13000000	80000000	1178.539481
14000000	80000000	785.242386
15000000	80000000	558.564105
16000000	80000000	608.738461
17000000	80000000	907.317462
18000000	80000000	680.924856
19000000	80000000	1063.124242
20000000	80000000	1058.113277
21000000	80000000	570.793338
22000000	80000000	723.273232
23000000	80000000	894.020015
24000000	80000000	1220.888945
25000000	80000000	1614.660177
26000000	80000000	1919.534220
27000000	80000000	1457.393526
28000000	80000000	804.018928
29000000	80000000	482.855547
30000000	80000000	492.023802
31000000	80000000	1310.248061
32000000	80000000	1439.788838
33000000	80000000	1642.368089
34000000	80000000	2176.066968
35000000	80000000	1141.839920
46000000	80000000	2548.468999
47000000	80000000	2838.583273
48000000	80000000	3437.313621
49000000	80000000	4353.436254
50000000	80000000	3527.918786
51000000	80000000	4788.427476
52000000	80000000	4296.491378
53000000	80000000	3652.960393
54000000	80000000	4376.021950
55000000	80000000	4928.816094
56000000	80000000	4024.947551
57000000	80000000	2734.711310
58000000	80000000	4070.929278
59000000	80000000	4126.000767
60000000	80000000	3930.013032
61000000	80000000	3933.829303
62000000	80000000	4152.185915
63000000	80000000	4295.709374
64000000	80000000	4703.261533
65000000	80000000	6027.905731
66000000	80000000	6066.555716
67000000	80000000	1764.000524
68000000	80000000	1768.793918
69000000	80000000	1860.961905
70000000	80000000	2481.891219
71000000	80000000	4114.317112
72000000	80000000	4912.474419
73000000	80000000	6265.942957
74000000	80000000	6444.380348
75000000	80000000	7461.947040
76000000	80000000	9907.134128
77000000	80000000	17756.835548
78000000	80000000	42600.435265
79000000	80000000	91318.298741
80000000	80000000	297214.535183
0	81000000	776.875743
1000000	81000000	686.187153
2000000	81000000	797.772613
3000000	81000000	1255.596459
4000000	81000000	1798.207586
5000000	81000000	1212.662312
6000000	81000000	556.229610
7000000	81000000	489.562404
8000000	81000000	1152.344527
9000000	81000000	1289.708218
10000000	81000000	1420.051145
11000000	81000000	1542.792877
12000000	81000000	1341.437138
13000000	81000000	826.829956
14000000	81000000	1355.384328
15000000	81000000	1090.954448
16000000	81000000	859.927556
17000000	81000000	1091.701070
18000000	81000000	883.686922
19000000	81000000	1340.911448
20000000	81000000	1256.743223
21000000	81000000	1182.405916
22000000	81000000	1139.035361
23000000	81000000	1582.021698
24000000	81000000	1557.096021
25000000	81000000	1415.910172
26000000	81000000	1047.034008
27000000	81000000	1977.615805
28000000	81000000	1611.780409
29000000	81000000	1083.680854
30000000	81000000	1273.667229
31000000	81000000	1705.305850
32000000	81000000	563.405374
33000000	81000000	942.820778
34000000	81000000	674.340166
35000000	81000000	309.269170
46000000	81000000	3052.793503
47000000	81000000	2962.321345
48000000	81000000	3384.769288
49000000	81000000	4039.199305
50000000	81000000	5388.114763
51000000	81000000	2533.849689
52000000	81000000	2092.164277
53000000	81000000	4829.869854
54000000	81000000	2645.619241
55000000	81000000	3311.921521
56000000	81000000	6784.483151
57000000	81000000	6556.961657
58000000	81000000	6416.557130
59000000	81000000	1908.014204
60000000	81000000	1863.173174
61000000	81000000	2180.803302
62000000	81000000	2453.066974
63000000	81000000	2059.172564
64000000	81000000	2283.265340
65000000	81000000	2819.023141
66000000	81000000	7528.055826
67000000	81000000	4543.161100
68000000	81000000	3590.009554
69000000	81000000	4106.080189
70000000	81000000	5017.652044
71000000	81000000	6393.822092
72000000	81000000	5175.496001
73000000	81000000	4203.469506
74000000	81000000	8094.295871
75000000	81000000	9829.381040
76000000	81000000	5692.430676
77000000	81000000	9725.132367
78000000	81000000	15000.841973
79000000	81000000	16231.513792
80000000	81000000	43502.905772
81000000	81000000	356929.189407
0	82000000	463.797096
1000000	82000000	510.643108
2000000	82000000	350.241213
3000000	82000000	556.989705
4000000	82000000	990.457443
5000000	82000000	2069.354289
6000000	82000000	1569.691366
7000000	82000000	1577.703843
8000000	82000000	1736.608723
9000000	82000000	1682.209059
10000000	82000000	1165.444295
11000000	82000000	663.297114
12000000	82000000	1245.857789
13000000	82000000	1636.784738
14000000	82000000	755.825353
15000000	82000000	813.295906
16000000	82000000	695.570691
17000000	82000000	1343.723153
18000000	82000000	971.295190
19000000	82000000	1411.181634
20000000	82000000	1709.142873
21000000	82000000	831.150322
22000000	82000000	981.071235
23000000	82000000	1039.671273
24000000	82000000	1422.497102
25000000	82000000	2177.033913
26000000	82000000	2749.068906
27000000	82000000	1962.134797
28000000	82000000	1039.760476
29000000	82000000	461.100788
30000000	82000000	418.974720
31000000	82000000	1323.571472
32000000	82000000	1335.759951
33000000	82000000	1804.579743
34000000	82000000	1947.124731
35000000	82000000	1123.303007
46000000	82000000	2413.052163
47000000	82000000	2547.577874
48000000	82000000	3833.407909
49000000	82000000	5845.241907
50000000	82000000	4029.001866
51000000	82000000	5661.323372
52000000	82000000	4890.974413
53000000	82000000	3705.553315
54000000	82000000	5331.016741
55000000	82000000	6268.656090
56000000	82000000	4805.588414
57000000	82000000	2449.215129
58000000	82000000	4212.943700
59000000	82000000	3935.382441
60000000	82000000	3694.096374
61000000	82000000	3672.589902
62000000	82000000	3881.289447
63000000	82000000	4103.804983
64000000	82000000	4388.929078
65000000	82000000	6278.138043
66000000	82000000	6828.950860
67000000	82000000	1535.037139
68000000	82000000	1714.426052
69000000	82000000	1658.551368
70000000	82000000	2460.905500
71000000	82000000	4444.951850
72000000	82000000	4449.991392
73000000	82000000	6296.655341
74000000	82000000	5551.560879
75000000	82000000	4986.882060
76000000	82000000	7846.356469
77000000	82000000	11678.997536
78000000	82000000	15062.547558
79000000	82000000	17547.791112
80000000	82000000	22826.720328
81000000	82000000	49479.321688
82000000	82000000	291476.976373
0	83000000	563.490555
1000000	83000000	697.834852
2000000	83000000	419.045085
3000000	83000000	651.121370
4000000	83000000	1171.826314
5000000	83000000	2562.083934
6000000	83000000	2110.069604
7000000	83000000	2150.693635
8000000	83000000	2100.060291
9000000	83000000	1854.869186
10000000	83000000	1159.219663
11000000	83000000	597.892997
12000000	83000000	1435.027396
13000000	83000000	1894.843113
14000000	83000000	819.963979
15000000	83000000	867.733449
16000000	83000000	878.937554
17000000	83000000	1425.503991
18000000	83000000	1197.709896
19000000	83000000	1601.943136
20000000	83000000	2030.356485
21000000	83000000	853.538488
22000000	83000000	1184.682511
23000000	83000000	1134.655729
24000000	83000000	1665.765399
25000000	83000000	2686.498292
26000000	83000000	3409.294413
27000000	83000000	2180.269233
28000000	83000000	1119.237912
29000000	83000000	462.425811
30000000	83000000	416.776945
31000000	83000000	1378.756512
32000000	83000000	1696.780861
33000000	83000000	1993.652584
34000000	83000000	2531.246436
35000000	83000000	1239.786455
46000000	83000000	2512.984204
47000000	83000000	2578.404283
48000000	83000000	3782.776462
49000000	83000000	5859.274178
50000000	83000000	3727.463308
51000000	83000000	6403.234212
52000000	83000000	5274.684196
53000000	83000000	3165.936247
54000000	83000000	5787.002005
55000000	83000000	6780.936072
56000000	83000000	4325.948634
57000000	83000000	2106.460901
58000000	83000000	3749.754457
59000000	83000000	4416.231352
60000000	83000000	3955.716617
61000000	83000000	3979.368146
62000000	83000000	3972.524125
63000000	83000000	4410.435060
64000000	83000000	4971.915253
65000000	83000000	7088.064043
66000000	83000000	6447.042656
67000000	83000000	1499.722083
68000000	83000000	1670.464294
69000000	83000000	1595.005989
70000000	83000000	2516.902049
71000000	83000000	3997.029288
72000000	83000000	4010.929193
73000000	83000000	6461.560312
74000000	83000000	4962.939830
75000000	83000000	4087.421049
76000000	83000000	7343.462591
77000000	83000000	10243.099778
78000000	83000000	12286.756523
79000000	83000000	14607.470468
80000000	83000000	15257.759911
81000000	83000000	16647.717721
82000000	83000000	88554.133259
83000000	83000000	275150.025540
0	84000000	1297.028939
1000000	84000000	1366.802750
2000000	84000000	1239.031482
3000000	84000000	1718.078232
4000000	84000000	2349.417172
5000000	84000000	1576.158195
6000000	84000000	693.853913
7000000	84000000	667.131811
8000000	84000000	1277.299452
9000000	84000000	1556.350296
10000000	84000000	1432.220238
11000000	84000000	1525.041600
12000000	84000000	1575.662990
13000000	84000000	1163.781215
14000000	84000000	1498.165404
15000000	84000000	1527.844044
16000000	84000000	1191.092401
17000000	84000000	1430.825179
18000000	84000000	1168.107642
19000000	84000000	1774.016690
20000000	84000000	1766.600938
21000000	84000000	1452.145553
22000000	84000000	1659.564925
23000000	84000000	2009.355878
24000000	84000000	2084.158676
25000000	84000000	1800.662906
26000000	84000000	1612.788238
27000000	84000000	2618.426927
28000000	84000000	2306.794407
29000000	84000000	1268.712733
30000000	84000000	1370.213974
31000000	84000000	1787.662305
32000000	84000000	697.411101
33000000	84000000	954.909870
34000000	84000000	779.381173
35000000	84000000	347.089954
46000000	84000000	2476.408404
47000000	84000000	2549.292568
48000000	84000000	3061.294683
49000000	84000000	3893.066845
50000000	84000000	4341.975090
51000000	84000000	2498.374896
52000000	84000000	2051.218484
53000000	84000000	3357.389799
54000000	84000000	2384.909392
55000000	84000000	2850.004335
56000000	84000000	4957.279041
57000000	84000000	4799.314889
58000000	84000000	4243.849543
59000000	84000000	1577.513247
60000000	84000000	1384.948016
61000000	84000000	1501.238839
62000000	84000000	1639.975951
63000000	84000000	1584.679189
64000000	84000000	1736.102813
65000000	84000000	2331.849530
66000000	84000000	5967.378626
67000000	84000000	4218.805911
68000000	84000000	3465.483345
69000000	84000000	3616.515876
70000000	84000000	4635.803998
71000000	84000000	5076.330219
72000000	84000000	3857.807688
73000000	84000000	3482.423954
74000000	84000000	4933.172283
75000000	84000000	4965.721274
76000000	84000000	3169.666049
77000000	84000000	4697.973461
78000000	84000000	5620.928177
79000000	84000000	5509.797519
80000000	84000000	6716.816307
81000000	84000000	14210.246967
82000000	84000000	17196.764564
83000000	84000000	57973.870174
84000000	84000000	337536.176761
0	85000000	1741.981518
1000000	85000000	1797.041620
2000000	85000000	1780.578991
3000000	85000000	2034.193595
4000000	85000000	2338.434655
5000000	85000000	1025.274537
6000000	85000000	403.255856
7000000	85000000	395.491699
8000000	85000000	880.620229
9000000	85000000	1183.962942
10000000	85000000	1333.631848
11000000	85000000	1802.597386
12000000	85000000	1604.728424
13000000	85000000	916.511491
14000000	85000000	1589.601035
15000000	85000000	1618.345152
16000000	85000000	1278.837157
17000000	85000000	1403.895959
18000000	85000000	1051.065266
19000000	85000000	1600.045650
20000000	85000000	1452.026179
21000000	85000000	1601.710397
22000000	85000000	1691.985554
23000000	85000000	2119.476512
24000000	85000000	1763.942938
25000000	85000000	1361.770114
26000000	85000000	1011.596911
27000000	85000000	2274.870213
28000000	85000000	2288.030387
29000000	85000000	1715.857216
30000000	85000000	1600.665937
31000000	85000000	1551.636399
32000000	85000000	340.812498
33000000	85000000	598.712383
34000000	85000000	382.964314
35000000	85000000	196.529258
46000000	85000000	2006.824701
47000000	85000000	1908.354814
48000000	85000000	2251.465396
49000000	85000000	2626.006704
50000000	85000000	3311.712573
51000000	85000000	1408.970680
52000000	85000000	1176.088805
53000000	85000000	2522.381912
54000000	85000000	1383.133114
55000000	85000000	1800.901689
56000000	85000000	4150.259180
57000000	85000000	4715.478508
58000000	85000000	3113.075935
59000000	85000000	823.274480
60000000	85000000	813.821124
61000000	85000000	924.632685
62000000	85000000	999.400376
63000000	85000000	947.040194
64000000	85000000	1029.485904
65000000	85000000	1306.243578
66000000	85000000	4472.066852
67000000	85000000	4693.526711
68000000	85000000	3891.512038
69000000	85000000	3899.282692
70000000	85000000	4250.078532
71000000	85000000	4059.168543
72000000	85000000	2903.885168
73000000	85000000	2260.372710
74000000	85000000	3767.920834
75000000	85000000	3800.361076
76000000	85000000	2074.657750
77000000	85000000	2932.546734
78000000	85000000	3383.663179
79000000	85000000	3243.392315
80000000	85000000	4064.784915
81000000	85000000	9248.665792
82000000	85000000	8015.109590
83000000	85000000	13124.271317
84000000	85000000	67139.153301
85000000	85000000	347404.585343
0	86000000	1331.110585
1000000	86000000	1807.174092
2000000	86000000	939.645053
3000000	86000000	1089.969538
4000000	86000000	1485.233039
5000000	86000000	1791.824862
6000000	86000000	1206.334415
7000000	86000000	1108.721432
8000000	86000000	1336.185127
9000000	86000000	1561.651664
10000000	86000000	1117.882429
11000000	86000000	816.667290
12000000	86000000	1560.229826
13000000	86000000	1788.327645
14000000	86000000	986.082630
15000000	86000000	1306.017931
16000000	86000000	1154.744338
17000000	86000000	1719.632649
18000000	86000000	1251.070603
19000000	86000000	1838.257733
20000000	86000000	2304.297325
21000000	86000000	1173.811748
22000000	86000000	1666.365802
23000000	86000000	1517.542205
24000000	86000000	1736.015803
25000000	86000000	2110.487683
26000000	86000000	2685.016587
27000000	86000000	2439.205748
28000000	86000000	1676.863321
29000000	86000000	838.911210
30000000	86000000	625.101621
31000000	86000000	1207.981872
32000000	86000000	1018.152301
33000000	86000000	1121.887529
34000000	86000000	1147.216364
35000000	86000000	684.395589
46000000	86000000	1629.758737
47000000	86000000	1696.746969
48000000	86000000	2606.474436
49000000	86000000	4119.065930
50000000	86000000	2676.116375
51000000	86000000	3197.811302
52000000	86000000	2508.826250
53000000	86000000	1906.201301
54000000	86000000	2908.613473
55000000	86000000	3480.409224
56000000	86000000	3128.170156
57000000	86000000	2127.502315
58000000	86000000	2238.422681
59000000	86000000	1733.441043
60000000	86000000	1588.775190
61000000	86000000	1572.877349
62000000	86000000	1655.485011
63000000	86000000	1705.655625
64000000	86000000	1900.732218
65000000	86000000	2778.599806
66000000	86000000	4147.427175
67000000	86000000	1827.232320
68000000	86000000	2097.413576
69000000	86000000	1835.916220
70000000	86000000	2477.198909
71000000	86000000	3229.331918
72000000	86000000	2469.440482
73000000	86000000	3462.036972
74000000	86000000	3017.205251
75000000	86000000	2402.796566
76000000	86000000	3070.013707
77000000	86000000	4216.939811
78000000	86000000	4605.820633
79000000	86000000	5178.740455
80000000	86000000	5180.550969
81000000	86000000	5753.973048
82000000	86000000	11591.503208
83000000	86000000	17563.164957
84000000	86000000	22483.281042
85000000	86000000	83909.867426
86000000	86000000	312519.737024
0	87000000	2574.643217
1000000	87000000	2880.457671
2000000	87000000	1983.055206
3000000	87000000	2020.431229
4000000	87000000	2315.681221
5000000	87000000	1663.251920
6000000	87000000	844.884436
7000000	87000000	805.172503
8000000	87000000	1269.949040
9000000	87000000	1369.185363
10000000	87000000	1188.263081
11000000	87000000	1222.743512
12000000	87000000	1492.281633
13000000	87000000	1390.311330
14000000	87000000	1301.104724
15000000	87000000	1750.742598
16000000	87000000	1370.577820
17000000	87000000	1723.303270
18000000	87000000	1391.300515
19000000	87000000	1935.507383
20000000	87000000	1988.429081
21000000	87000000	1549.990634
22000000	87000000	1815.441089
23000000	87000000	1827.468944
24000000	87000000	1760.199011
25000000	87000000	1768.240703
26000000	87000000	1911.615658
27000000	87000000	2503.738437
28000000	87000000	2353.038576
29000000	87000000	1465.135535
30000000	87000000	1337.329591
31000000	87000000	1719.525952
32000000	87000000	730.596297
33000000	87000000	932.984917
34000000	87000000	877.733537
35000000	87000000	482.947013
46000000	87000000	1735.455582
47000000	87000000	1867.381420
48000000	87000000	2282.685952
49000000	87000000	3073.509975
50000000	87000000	2842.194423
51000000	87000000	2206.978068
52000000	87000000	1665.702421
53000000	87000000	2070.636989
54000000	87000000	2015.315157
55000000	87000000	2469.017221
56000000	87000000	3140.298125
57000000	87000000	2768.429974
58000000	87000000	2557.318343
59000000	87000000	1260.035593
60000000	87000000	1134.174523
61000000	87000000	1195.125176
62000000	87000000	1249.298676
63000000	87000000	1238.438014
64000000	87000000	1325.097728
65000000	87000000	1916.724664
66000000	87000000	3955.146927
67000000	87000000	3179.333925
68000000	87000000	2844.812113
69000000	87000000	2777.490945
70000000	87000000	3467.424405
71000000	87000000	3481.946976
72000000	87000000	2493.313898
73000000	87000000	2658.253928
74000000	87000000	3132.266999
75000000	87000000	2773.272841
76000000	87000000	2312.477594
77000000	87000000	3057.333648
78000000	87000000	3497.979537
79000000	87000000	3539.642480
80000000	87000000	3857.309059
81000000	87000000	5986.773822
82000000	87000000	7763.048720
83000000	87000000	10604.913979
84000000	87000000	15644.823356
85000000	87000000	28311.153586
86000000	87000000	95547.292526
87000000	87000000	322889.375868
0	88000000	5258.453315
1000000	88000000	5062.074409
2000000	88000000	4050.854535
3000000	88000000	2795.499316
4000000	88000000	2546.509058
5000000	88000000	1035.030545
6000000	88000000	494.970456
7000000	88000000	436.025739
8000000	88000000	707.286520
9000000	88000000	848.075919
10000000	88000000	822.492905
11000000	88000000	1128.702484
12000000	88000000	1056.170721
13000000	88000000	795.314832
14000000	88000000	1185.477140
15000000	88000000	1676.789152
16000000	88000000	1231.180291
17000000	88000000	1269.665156
18000000	88000000	1205.194641
19000000	88000000	1338.052252
20000000	88000000	1168.334855
21000000	88000000	1243.762004
22000000	88000000	1476.750158
23000000	88000000	1441.772025
24000000	88000000	1141.229871
25000000	88000000	1007.993878
26000000	88000000	928.834172
27000000	88000000	1665.337900
28000000	88000000	2396.206612
29000000	88000000	2413.711486
30000000	88000000	2100.988071
31000000	88000000	1717.097358
32000000	88000000	432.846693
33000000	88000000	642.842431
34000000	88000000	510.070949
35000000	88000000	251.573831
46000000	88000000	1362.151371
47000000	88000000	1337.489779
48000000	88000000	1438.196633
49000000	88000000	1637.223676
50000000	88000000	1935.016637
51000000	88000000	1036.935284
52000000	88000000	930.050412
53000000	88000000	1334.927543
54000000	88000000	993.753178
55000000	88000000	1134.313748
56000000	88000000	2276.267759
57000000	88000000	2913.778936
58000000	88000000	1928.135854
59000000	88000000	665.343685
60000000	88000000	637.838451
61000000	88000000	694.980791
62000000	88000000	702.274163
63000000	88000000	708.218845
64000000	88000000	739.290447
65000000	88000000	1029.583776
66000000	88000000	2532.783244
67000000	88000000	4356.234790
68000000	88000000	3320.134771
69000000	88000000	2943.353514
70000000	88000000	2971.573875
71000000	88000000	2492.868543
72000000	88000000	1751.719969
73000000	88000000	1536.615776
74000000	88000000	2074.034593
75000000	88000000	2114.792863
76000000	88000000	1393.056665
77000000	88000000	1738.442899
78000000	88000000	1806.618642
79000000	88000000	1927.496415
80000000	88000000	2215.983917
81000000	88000000	3864.356580
82000000	88000000	3666.491615
83000000	88000000	4812.260595
84000000	88000000	8327.800872
85000000	88000000	13964.422461
86000000	88000000	19380.343435
87000000	88000000	71114.679733
88000000	88000000	355721.941001
0	89000000	8383.129771
1000000	89000000	5300.515217
2000000	89000000	5324.888640
3000000	89000000	3352.390745
4000000	89000000	2463.036318
5000000	89000000	575.992742
6000000	89000000	195.328375
7000000	89000000	178.037797
8000000	89000000	451.475258
9000000	89000000	550.800227
10000000	89000000	797.081246
11000000	89000000	1295.356184
12000000	89000000	777.661249
13000000	89000000	498.170929
14000000	89000000	1154.803350
15000000	89000000	1385.201765
16000000	89000000	1026.008731
17000000	89000000	876.857634
18000000	89000000	909.201685
19000000	89000000	963.863642
20000000	89000000	729.863936
21000000	89000000	1094.543591
22000000	89000000	1188.036555
23000000	89000000	1167.850971
24000000	89000000	760.194256
25000000	89000000	590.968416
26000000	89000000	337.348007
27000000	89000000	984.712992
28000000	89000000	2129.678782
29000000	89000000	2432.501889
30000000	89000000	2875.307608
31000000	89000000	1482.107264
32000000	89000000	205.815114
33000000	89000000	261.227883
34000000	89000000	217.079324
35000000	89000000	110.345879
46000000	89000000	1219.512345
47000000	89000000	1094.530216
48000000	89000000	997.415937
49000000	89000000	816.938679
50000000	89000000	1513.933001
51000000	89000000	430.444292
52000000	89000000	417.621699
53000000	89000000	1021.502546
54000000	89000000	439.111008
55000000	89000000	536.431773
56000000	89000000	1902.815261
57000000	89000000	3038.681475
58000000	89000000	1506.444588
59000000	89000000	367.870343
60000000	89000000	396.341022
61000000	89000000	415.216612
62000000	89000000	422.268386
63000000	89000000	431.859382
64000000	89000000	455.135748
65000000	89000000	543.274479
66000000	89000000	1833.332021
67000000	89000000	5049.072505
68000000	89000000	3572.850375
69000000	89000000	3345.396361
70000000	89000000	2617.022794
71000000	89000000	2102.561034
72000000	89000000	1350.624065
73000000	89000000	1046.918544
74000000	89000000	1836.549450
75000000	89000000	1995.659903
76000000	89000000	953.823270
77000000	89000000	1074.589690
78000000	89000000	1169.684171
79000000	89000000	1116.119328
80000000	89000000	1455.365940
81000000	89000000	2849.953756
82000000	89000000	1671.452915
83000000	89000000	2057.860575
84000000	89000000	4745.079361
85000000	89000000	7860.563911
86000000	89000000	5719.318000
87000000	89000000	15304.481500
88000000	89000000	110194.016091
89000000	89000000	386417.515541
0	90000000	10859.464669
1000000	90000000	4702.701899
2000000	90000000	2904.183225
3000000	90000000	2205.295981
4000000	90000000	1730.977582
5000000	90000000	599.165194
6000000	90000000	316.718340
7000000	90000000	260.228688
8000000	90000000	483.992991
9000000	90000000	601.210324
10000000	90000000	601.904499
11000000	90000000	772.866376
12000000	90000000	621.593829
13000000	90000000	442.335437
14000000	90000000	755.997585
15000000	90000000	1050.544983
16000000	90000000	734.618103
17000000	90000000	788.447963
18000000	90000000	715.908388
19000000	90000000	867.420312
20000000	90000000	631.814976
21000000	90000000	899.405465
22000000	90000000	895.683298
23000000	90000000	866.874282
24000000	90000000	614.332089
25000000	90000000	529.803230
26000000	90000000	410.799268
27000000	90000000	888.238148
28000000	90000000	1357.751170
29000000	90000000	1313.173638
30000000	90000000	1347.525194
31000000	90000000	1156.746332
32000000	90000000	295.412585
33000000	90000000	351.146399
34000000	90000000	393.127441
35000000	90000000	163.797532
46000000	90000000	1055.597610
47000000	90000000	1010.825288
48000000	90000000	1083.397409
49000000	90000000	925.680111
50000000	90000000	1279.461989
51000000	90000000	580.025302
52000000	90000000	627.363759
53000000	90000000	1041.795112
54000000	90000000	638.771637
55000000	90000000	647.486284
56000000	90000000	1265.439181
57000000	90000000	1663.889653
58000000	90000000	1233.102127
59000000	90000000	450.881095
60000000	90000000	354.456072
61000000	90000000	355.228164
62000000	90000000	494.391842
63000000	90000000	423.303687
64000000	90000000	499.140237
65000000	90000000	569.622075
66000000	90000000	1665.009246
67000000	90000000	2472.474713
68000000	90000000	2050.730167
69000000	90000000	1915.580036
70000000	90000000	1807.750726
71000000	90000000	1590.878940
72000000	90000000	1144.748403
73000000	90000000	1005.883218
74000000	90000000	1478.639761
75000000	90000000	1545.409516
76000000	90000000	1009.738127
77000000	90000000	1104.639867
78000000	90000000	1243.018887
79000000	90000000	1131.632154
80000000	90000000	1323.406319
81000000	90000000	2228.044391
82000000	90000000	1699.743023
83000000	90000000	2020.073750
84000000	90000000	3532.257315
85000000	90000000	4862.421714
86000000	90000000	4492.213135
87000000	90000000	8762.988778
88000000	90000000	19347.572657
89000000	90000000	88154.063518
90000000	90000000	508568.611404
