19	1	19	1	516495.920731
19	1	19	1000001	103923.030145
19	1000001	19	1000001	470419.647328
19	1	19	2000001	18485.839223
19	1000001	19	2000001	96609.816346
19	2000001	19	2000001	499240.048807
19	1	19	3000001	15338.161378
19	1000001	19	3000001	27098.610295
19	2000001	19	3000001	92345.462386
19	3000001	19	3000001	449153.318005
19	1	19	4000001	11905.667444
19	1000001	19	4000001	16142.072309
19	2000001	19	4000001	20506.461794
19	3000001	19	4000001	94990.411736
19	4000001	19	4000001	431733.601262
19	1	19	5000001	8926.934753
19	1000001	19	5000001	8859.573444
19	2000001	19	5000001	9081.426563
19	3000001	19	5000001	24962.390855
19	4000001	19	5000001	104638.274908
19	5000001	19	5000001	445588.671934
19	1	19	6000001	6918.483405
19	1000001	19	6000001	7676.707475
19	2000001	19	6000001	8702.919656
19	3000001	19	6000001	13141.319174
19	4000001	19	6000001	22233.568410
19	5000001	19	6000001	79497.107557
19	6000001	19	6000001	487021.810148
19	1	19	7000001	6249.667296
19	1000001	19	7000001	6447.061540
19	2000001	19	7000001	6897.246915
19	3000001	19	7000001	8936.120722
19	4000001	19	7000001	12464.283897
19	5000001	19	7000001	18902.190756
19	6000001	19	7000001	83065.223075
19	7000001	19	7000001	486610.175357
19	1	19	8000001	6636.707265
19	1000001	19	8000001	4233.497275
19	2000001	19	8000001	3906.778026
19	3000001	19	8000001	6380.205564
19	4000001	19	8000001	8341.249899
19	5000001	19	8000001	12762.781085
19	6000001	19	8000001	16773.446957
19	7000001	19	8000001	70999.716396
19	8000001	19	8000001	398765.152094
19	1	19	9000001	5125.175349
19	1000001	19	9000001	2145.912114
19	2000001	19	9000001	2367.121799
19	3000001	19	9000001	3222.432586
19	4000001	19	9000001	3482.500350
19	5000001	19	9000001	5738.964956
19	6000001	19	9000001	5468.319807
19	7000001	19	9000001	8346.679526
19	8000001	19	9000001	64795.944291
19	9000001	19	9000001	391595.179511
19	1	19	10000001	6174.287779
19	1000001	19	10000001	5986.901284
19	2000001	19	10000001	5203.745260
19	3000001	19	10000001	5914.759591
19	4000001	19	10000001	7166.275613
19	5000001	19	10000001	6716.185169
19	6000001	19	10000001	8768.811365
19	7000001	19	10000001	14025.617979
19	8000001	19	10000001	23799.215889
19	9000001	19	10000001	48686.600960
19	10000001	19	10000001	466011.808394
19	1	19	11000001	4956.765198
19	1000001	19	11000001	5052.965905
19	2000001	19	11000001	5403.941893
19	3000001	19	11000001	5531.068589
19	4000001	19	11000001	6120.405817
19	5000001	19	11000001	5015.911683
19	6000001	19	11000001	6904.885636
19	7000001	19	11000001	9093.180659
19	8000001	19	11000001	9739.031096
19	9000001	19	11000001	13602.322890
19	10000001	19	11000001	67693.029895
19	11000001	19	11000001	439755.944357
19	1	19	12000001	4424.967513
19	1000001	19	12000001	3967.510112
19	2000001	19	12000001	5032.350902
19	3000001	19	12000001	4028.383056
19	4000001	19	12000001	4019.198515
19	5000001	19	12000001	3241.462482
19	6000001	19	12000001	5223.308094
19	7000001	19	12000001	6012.051545
19	8000001	19	12000001	6760.255059
19	9000001	19	12000001	14164.414611
19	10000001	19	12000001	14127.050549
19	11000001	19	12000001	112108.356466
19	12000001	19	12000001	461364.386903
19	1	19	13000001	5274.789480
19	1000001	19	13000001	4566.812261
19	2000001	19	13000001	3731.499441
19	3000001	19	13000001	5701.608284
19	4000001	19	13000001	5916.957634
19	5000001	19	13000001	7240.616869
19	6000001	19	13000001	5303.616116
19	7000001	19	13000001	5460.126696
19	8000001	19	13000001	7741.690448
19	9000001	19	13000001	7036.857962
19	10000001	19	13000001	11162.686027
19	11000001	19	13000001	16351.983853
19	12000001	19	13000001	51705.543872
19	13000001	19	13000001	411885.337137
19	1	19	14000001	4850.375485
19	1000001	19	14000001	4374.252138
19	2000001	19	14000001	3917.154685
19	3000001	19	14000001	5115.055357
19	4000001	19	14000001	5743.904689
19	5000001	19	14000001	5842.521848
19	6000001	19	14000001	5145.232481
19	7000001	19	14000001	5252.292493
19	8000001	19	14000001	6191.829327
19	9000001	19	14000001	4504.170446
19	10000001	19	14000001	8973.632011
19	11000001	19	14000001	10777.961687
19	12000001	19	14000001	14853.570041
19	13000001	19	14000001	113431.254076
19	14000001	19	14000001	416350.296933
19	1	19	15000001	4044.597771
19	1000001	19	15000001	2859.598949
19	2000001	19	15000001	2313.441626
19	3000001	19	15000001	4401.815851
19	4000001	19	15000001	4485.513696
19	5000001	19	15000001	6970.132160
19	6000001	19	15000001	3776.367553
19	7000001	19	15000001	3475.884121
19	8000001	19	15000001	5429.617920
19	9000001	19	15000001	4851.725962
19	10000001	19	15000001	5334.343200
19	11000001	19	15000001	5447.871219
19	12000001	19	15000001	5885.462593
19	13000001	19	15000001	36487.079414
19	14000001	19	15000001	80151.896996
19	15000001	19	15000001	436018.891040
19	1	19	16000001	3807.295560
19	1000001	19	16000001	3650.149968
19	2000001	19	16000001	3313.611027
19	3000001	19	16000001	4512.127482
19	4000001	19	16000001	4862.303405
19	5000001	19	16000001	5391.250179
19	6000001	19	16000001	4362.913034
19	7000001	19	16000001	4171.470290
19	8000001	19	16000001	4679.081771
19	9000001	19	16000001	3132.933196
19	10000001	19	16000001	5971.153902
19	11000001	19	16000001	6529.097791
19	12000001	19	16000001	6476.841279
19	13000001	19	16000001	20621.308665
19	14000001	19	16000001	32829.060650
19	15000001	19	16000001	105480.899502
19	16000001	19	16000001	423817.258365
19	1	19	17000001	4619.951723
19	1000001	19	17000001	5069.421716
19	2000001	19	17000001	4155.627828
19	3000001	19	17000001	5427.990959
19	4000001	19	17000001	5705.470035
19	5000001	19	17000001	5227.357309
19	6000001	19	17000001	5571.565573
19	7000001	19	17000001	5540.089969
19	8000001	19	17000001	4449.947032
19	9000001	19	17000001	2660.702413
19	10000001	19	17000001	7400.140634
19	11000001	19	17000001	7987.570772
19	12000001	19	17000001	7033.259492
19	13000001	19	17000001	13544.377741
19	14000001	19	17000001	17542.795251
19	15000001	19	17000001	23740.790527
19	16000001	19	17000001	100093.174926
19	17000001	19	17000001	444155.263328
19	1	19	18000001	5233.116891
19	1000001	19	18000001	5954.750634
19	2000001	19	18000001	4455.483901
19	3000001	19	18000001	5112.675767
19	4000001	19	18000001	5693.404051
19	5000001	19	18000001	4667.463701
19	6000001	19	18000001	5621.132955
19	7000001	19	18000001	6655.247552
19	8000001	19	18000001	5717.802902
19	9000001	19	18000001	2711.399798
19	10000001	19	18000001	10365.171891
19	11000001	19	18000001	8730.265703
19	12000001	19	18000001	6457.632988
19	13000001	19	18000001	8972.827095
19	14000001	19	18000001	10132.089913
19	15000001	19	18000001	8856.714649
19	16000001	19	18000001	16966.140496
19	17000001	19	18000001	80370.289465
19	18000001	19	18000001	463865.631149
19	1	19	19000001	3954.167064
19	1000001	19	19000001	3033.301496
19	2000001	19	19000001	2398.568314
19	3000001	19	19000001	3178.377067
19	4000001	19	19000001	3606.714186
19	5000001	19	19000001	3302.509923
19	6000001	19	19000001	3723.721624
19	7000001	19	19000001	5434.248378
19	8000001	19	19000001	9101.493574
19	9000001	19	19000001	9349.047009
19	10000001	19	19000001	10555.745877
19	11000001	19	19000001	7662.763923
19	12000001	19	19000001	7413.741700
19	13000001	19	19000001	6532.942293
19	14000001	19	19000001	6887.489338
19	15000001	19	19000001	6214.244488
19	16000001	19	19000001	8346.723799
19	17000001	19	19000001	13134.079381
19	18000001	19	19000001	76827.396546
19	19000001	19	19000001	381919.114418
19	1	19	20000001	1618.963228
19	1000001	19	20000001	603.511237
19	2000001	19	20000001	673.410243
19	3000001	19	20000001	657.058870
19	4000001	19	20000001	703.665245
19	5000001	19	20000001	1007.328161
19	6000001	19	20000001	987.796761
19	7000001	19	20000001	1203.009158
19	8000001	19	20000001	5421.962300
19	9000001	19	20000001	15883.112773
19	10000001	19	20000001	2126.865100
19	11000001	19	20000001	2961.058246
19	12000001	19	20000001	5294.060524
19	13000001	19	20000001	2259.751055
19	14000001	19	20000001	1999.556335
19	15000001	19	20000001	2488.156598
19	16000001	19	20000001	2144.024376
19	17000001	19	20000001	2451.963291
19	18000001	19	20000001	3721.249620
19	19000001	19	20000001	68805.338157
19	20000001	19	20000001	337553.134163
19	1	19	21000001	1757.432398
19	1000001	19	21000001	671.734646
19	2000001	19	21000001	824.131448
19	3000001	19	21000001	853.818726
19	4000001	19	21000001	845.706796
19	5000001	19	21000001	1086.881004
19	6000001	19	21000001	1191.109195
19	7000001	19	21000001	1444.278837
19	8000001	19	21000001	5556.039867
19	9000001	19	21000001	14859.653651
19	10000001	19	21000001	2557.529015
19	11000001	19	21000001	3406.107866
19	12000001	19	21000001	5582.343420
19	13000001	19	21000001	2447.855023
19	14000001	19	21000001	2181.452835
19	15000001	19	21000001	2374.772005
19	16000001	19	21000001	2218.268898
19	17000001	19	21000001	2400.138793
19	18000001	19	21000001	3506.025600
19	19000001	19	21000001	34571.884728
19	20000001	19	21000001	133692.311212
19	21000001	19	21000001	332301.016749
19	1	19	22000001	1280.385607
19	1000001	19	22000001	406.791583
19	2000001	19	22000001	462.982325
19	3000001	19	22000001	521.254474
19	4000001	19	22000001	532.227450
19	5000001	19	22000001	868.654754
19	6000001	19	22000001	744.540466
19	7000001	19	22000001	805.417416
19	8000001	19	22000001	5187.644553
19	9000001	19	22000001	14100.496455
19	10000001	19	22000001	1332.450193
19	11000001	19	22000001	1931.134170
19	12000001	19	22000001	3283.367401
19	13000001	19	22000001	2043.369175
19	14000001	19	22000001	1464.397970
19	15000001	19	22000001	2297.396336
19	16000001	19	22000001	1525.595268
19	17000001	19	22000001	1458.289811
19	18000001	19	22000001	1839.789815
19	19000001	19	22000001	13473.066316
19	20000001	19	22000001	68550.053577
19	21000001	19	22000001	95851.429920
19	22000001	19	22000001	334232.102641
19	1	19	23000001	1534.917488
19	1000001	19	23000001	486.020015
19	2000001	19	23000001	632.713475
19	3000001	19	23000001	646.931684
19	4000001	19	23000001	679.319746
19	5000001	19	23000001	963.019463
19	6000001	19	23000001	885.590537
19	7000001	19	23000001	1037.392667
19	8000001	19	23000001	5319.413045
19	9000001	19	23000001	14639.230663
19	10000001	19	23000001	1823.828666
19	11000001	19	23000001	2592.628303
19	12000001	19	23000001	4324.316864
19	13000001	19	23000001	2153.307181
19	14000001	19	23000001	1708.596951
19	15000001	19	23000001	2084.912391
19	16000001	19	23000001	1586.495921
19	17000001	19	23000001	1552.482748
19	18000001	19	23000001	2162.593760
19	19000001	19	23000001	13771.000591
19	20000001	19	23000001	37446.814013
19	21000001	19	23000001	45551.189747
19	22000001	19	23000001	98522.942160
19	23000001	19	23000001	326832.094989
19	1	19	24000001	1299.844703
19	1000001	19	24000001	433.905729
19	2000001	19	24000001	511.783521
19	3000001	19	24000001	622.704945
19	4000001	19	24000001	618.824827
19	5000001	19	24000001	889.452309
19	6000001	19	24000001	823.505796
19	7000001	19	24000001	895.503385
19	8000001	19	24000001	4543.339103
19	9000001	19	24000001	11666.971665
19	10000001	19	24000001	1485.707520
19	11000001	19	24000001	2149.645387
19	12000001	19	24000001	3324.525376
19	13000001	19	24000001	1860.013298
19	14000001	19	24000001	1454.389327
19	15000001	19	24000001	1858.442428
19	16000001	19	24000001	1352.676407
19	17000001	19	24000001	1255.826036
19	18000001	19	24000001	1629.713381
19	19000001	19	24000001	8696.681298
19	20000001	19	24000001	23481.043400
19	21000001	19	24000001	27617.541940
19	22000001	19	24000001	53044.886230
19	23000001	19	24000001	134842.998141
19	24000001	19	24000001	427856.124767
19	1	19	27000001	444.574453
19	1000001	19	27000001	124.480515
19	2000001	19	27000001	210.052215
19	3000001	19	27000001	242.804802
19	4000001	19	27000001	166.226539
19	5000001	19	27000001	388.173391
19	6000001	19	27000001	175.532560
19	7000001	19	27000001	356.983584
19	8000001	19	27000001	2422.850609
19	9000001	19	27000001	6006.378538
19	10000001	19	27000001	457.734896
19	11000001	19	27000001	602.047643
19	12000001	19	27000001	1144.051612
19	13000001	19	27000001	837.513759
19	14000001	19	27000001	525.534154
19	15000001	19	27000001	606.057152
19	16000001	19	27000001	393.946300
19	17000001	19	27000001	335.909618
19	18000001	19	27000001	360.860860
19	19000001	19	27000001	1612.445385
19	20000001	19	27000001	8528.029026
19	21000001	19	27000001	7059.338403
19	22000001	19	27000001	15718.086572
19	23000001	19	27000001	12018.662583
19	24000001	19	27000001	13339.470297
19	27000001	19	27000001	531262.517192
19	1	19	28000001	1045.140341
19	1000001	19	28000001	286.698463
19	2000001	19	28000001	298.617590
19	3000001	19	28000001	381.048647
19	4000001	19	28000001	385.962398
19	5000001	19	28000001	750.103294
19	6000001	19	28000001	446.249306
19	7000001	19	28000001	557.429416
19	8000001	19	28000001	3978.219996
19	9000001	19	28000001	8229.287270
19	10000001	19	28000001	1021.733703
19	11000001	19	28000001	970.736860
19	12000001	19	28000001	1404.638793
19	13000001	19	28000001	1389.201730
19	14000001	19	28000001	923.425549
19	15000001	19	28000001	1448.770834
19	16000001	19	28000001	819.050719
19	17000001	19	28000001	640.513030
19	18000001	19	28000001	725.270863
19	19000001	19	28000001	3033.927325
19	20000001	19	28000001	9498.603469
19	21000001	19	28000001	8684.563574
19	22000001	19	28000001	14924.715109
19	23000001	19	28000001	12539.710569
19	24000001	19	28000001	11932.712140
19	27000001	19	28000001	94074.795377
19	28000001	19	28000001	360994.870740
19	1	19	29000001	1164.872272
19	1000001	19	29000001	281.395846
19	2000001	19	29000001	296.849040
19	3000001	19	29000001	353.475603
19	4000001	19	29000001	398.185958
19	5000001	19	29000001	872.939832
19	6000001	19	29000001	473.813484
19	7000001	19	29000001	500.879086
19	8000001	19	29000001	4334.574734
19	9000001	19	29000001	7555.458918
19	10000001	19	29000001	1050.406718
19	11000001	19	29000001	815.233719
19	12000001	19	29000001	997.305036
19	13000001	19	29000001	1516.999130
19	14000001	19	29000001	910.459211
19	15000001	19	29000001	1652.151398
19	16000001	19	29000001	862.933061
19	17000001	19	29000001	626.712173
19	18000001	19	29000001	779.617900
19	19000001	19	29000001	2681.946035
19	20000001	19	29000001	8090.447908
19	21000001	19	29000001	7136.602357
19	22000001	19	29000001	12581.121080
19	23000001	19	29000001	10253.871760
19	24000001	19	29000001	10018.813399
19	27000001	19	29000001	40318.622220
19	28000001	19	29000001	107443.468747
19	29000001	19	29000001	339890.885116
19	1	19	30000001	1634.723140
19	1000001	19	30000001	693.745841
19	2000001	19	30000001	615.644097
19	3000001	19	30000001	769.667145
19	4000001	19	30000001	943.506304
19	5000001	19	30000001	1562.995121
19	6000001	19	30000001	978.472461
19	7000001	19	30000001	1262.176395
19	8000001	19	30000001	5493.135074
19	9000001	19	30000001	4740.328531
19	10000001	19	30000001	2546.965922
19	11000001	19	30000001	1331.812788
19	12000001	19	30000001	1240.420224
19	13000001	19	30000001	2384.309876
19	14000001	19	30000001	1925.983772
19	15000001	19	30000001	2584.293856
19	16000001	19	30000001	1729.595828
19	17000001	19	30000001	1491.545676
19	18000001	19	30000001	1965.174559
19	19000001	19	30000001	4809.527008
19	20000001	19	30000001	4075.027972
19	21000001	19	30000001	4497.164064
19	22000001	19	30000001	4165.578531
19	23000001	19	30000001	5356.386750
19	24000001	19	30000001	5701.774878
19	27000001	19	30000001	9498.421728
19	28000001	19	30000001	27328.848949
19	29000001	19	30000001	72422.269651
19	30000001	19	30000001	380704.602525
19	1	19	31000001	950.193158
19	1000001	19	31000001	287.477433
19	2000001	19	31000001	213.435922
19	3000001	19	31000001	377.085148
19	4000001	19	31000001	347.804068
19	5000001	19	31000001	821.492373
19	6000001	19	31000001	387.842949
19	7000001	19	31000001	425.333710
19	8000001	19	31000001	3756.527763
19	9000001	19	31000001	6095.824579
19	10000001	19	31000001	756.242659
19	11000001	19	31000001	628.946437
19	12000001	19	31000001	776.110508
19	13000001	19	31000001	1367.912017
19	14000001	19	31000001	836.453463
19	15000001	19	31000001	1619.177825
19	16000001	19	31000001	736.350966
19	17000001	19	31000001	560.267807
19	18000001	19	31000001	600.044086
19	19000001	19	31000001	1955.270342
19	20000001	19	31000001	6659.385491
19	21000001	19	31000001	5447.653396
19	22000001	19	31000001	11248.438747
19	23000001	19	31000001	8576.484621
19	24000001	19	31000001	8258.931355
19	27000001	19	31000001	18907.491252
19	28000001	19	31000001	33679.997162
19	29000001	19	31000001	51947.112596
19	30000001	19	31000001	74587.470986
19	31000001	19	31000001	335751.353100
19	1	19	32000001	1132.325209
19	1000001	19	32000001	381.649533
19	2000001	19	32000001	301.140828
19	3000001	19	32000001	477.654783
19	4000001	19	32000001	490.871629
19	5000001	19	32000001	1094.279442
19	6000001	19	32000001	528.719621
19	7000001	19	32000001	700.919236
19	8000001	19	32000001	4282.360045
19	9000001	19	32000001	6238.490382
19	10000001	19	32000001	1237.774643
19	11000001	19	32000001	885.935384
19	12000001	19	32000001	929.609437
19	13000001	19	32000001	1572.544022
19	14000001	19	32000001	1148.208925
19	15000001	19	32000001	1786.305585
19	16000001	19	32000001	950.056481
19	17000001	19	32000001	780.917908
19	18000001	19	32000001	893.193564
19	19000001	19	32000001	2811.387885
19	20000001	19	32000001	6676.066934
19	21000001	19	32000001	5673.925935
19	22000001	19	32000001	10144.332770
19	23000001	19	32000001	8307.946099
19	24000001	19	32000001	8105.626494
19	27000001	19	32000001	14953.436185
19	28000001	19	32000001	26719.844662
19	29000001	19	32000001	38040.248157
19	30000001	19	32000001	46123.109989
19	31000001	19	32000001	134361.800481
19	32000001	19	32000001	325557.294650
19	1	19	33000001	1686.112274
19	1000001	19	33000001	764.283157
19	2000001	19	33000001	629.700083
19	3000001	19	33000001	1003.125495
19	4000001	19	33000001	1306.484074
19	5000001	19	33000001	2035.748522
19	6000001	19	33000001	1167.274166
19	7000001	19	33000001	1625.674840
19	8000001	19	33000001	4927.552437
19	9000001	19	33000001	3253.326870
19	10000001	19	33000001	2534.383645
19	11000001	19	33000001	1427.435689
19	12000001	19	33000001	1093.409770
19	13000001	19	33000001	2586.512496
19	14000001	19	33000001	2146.977185
19	15000001	19	33000001	3102.603440
19	16000001	19	33000001	2145.931208
19	17000001	19	33000001	1808.130365
19	18000001	19	33000001	2520.647092
19	19000001	19	33000001	4882.378210
19	20000001	19	33000001	2526.803565
19	21000001	19	33000001	2901.872833
19	22000001	19	33000001	2460.505192
19	23000001	19	33000001	3148.317560
19	24000001	19	33000001	3391.866538
19	27000001	19	33000001	3347.188609
19	28000001	19	33000001	8882.317888
19	29000001	19	33000001	13963.666213
19	30000001	19	33000001	36787.790042
19	31000001	19	33000001	28985.824110
19	32000001	19	33000001	67293.308057
19	33000001	19	33000001	387536.255137
19	1	19	34000001	1892.403175
19	1000001	19	34000001	859.592357
19	2000001	19	34000001	725.555663
19	3000001	19	34000001	1184.764246
19	4000001	19	34000001	1405.680455
19	5000001	19	34000001	2316.505392
19	6000001	19	34000001	1273.918696
19	7000001	19	34000001	1708.819166
19	8000001	19	34000001	5507.534573
19	9000001	19	34000001	3735.287018
19	10000001	19	34000001	2929.843469
19	11000001	19	34000001	1625.256542
19	12000001	19	34000001	1180.355226
19	13000001	19	34000001	2974.237094
19	14000001	19	34000001	2403.440477
19	15000001	19	34000001	3617.007173
19	16000001	19	34000001	2414.304998
19	17000001	19	34000001	2009.316015
19	18000001	19	34000001	2691.607907
19	19000001	19	34000001	4595.246774
19	20000001	19	34000001	2489.680191
19	21000001	19	34000001	2616.728633
19	22000001	19	34000001	2783.927023
19	23000001	19	34000001	3187.601041
19	24000001	19	34000001	3326.870524
19	27000001	19	34000001	3578.917288
19	28000001	19	34000001	8615.377658
19	29000001	19	34000001	13177.774378
19	30000001	19	34000001	24453.160778
19	31000001	19	34000001	19610.478904
19	32000001	19	34000001	26644.873062
19	33000001	19	34000001	113728.887769
19	34000001	19	34000001	392075.203642
19	1	19	35000001	3123.741309
19	1000001	19	35000001	1708.811217
19	2000001	19	35000001	1561.368996
19	3000001	19	35000001	1798.303180
19	4000001	19	35000001	1985.012779
19	5000001	19	35000001	2163.236321
19	6000001	19	35000001	2226.808903
19	7000001	19	35000001	3141.632910
19	8000001	19	35000001	6428.493388
19	9000001	19	35000001	6615.559718
19	10000001	19	35000001	4704.815836
19	11000001	19	35000001	3229.609862
19	12000001	19	35000001	2823.974049
19	13000001	19	35000001	3201.716690
19	14000001	19	35000001	2916.612897
19	15000001	19	35000001	2831.501603
19	16000001	19	35000001	2684.895617
19	17000001	19	35000001	3102.004064
19	18000001	19	35000001	4400.717003
19	19000001	19	35000001	7233.280936
19	20000001	19	35000001	4428.635422
19	21000001	19	35000001	4575.734359
19	22000001	19	35000001	3884.486412
19	23000001	19	35000001	4756.035620
19	24000001	19	35000001	4364.387869
19	27000001	19	35000001	3611.529785
19	28000001	19	35000001	7362.371578
19	29000001	19	35000001	8628.121847
19	30000001	19	35000001	11520.721468
19	31000001	19	35000001	9575.318682
19	32000001	19	35000001	12180.821006
19	33000001	19	35000001	20958.674128
19	34000001	19	35000001	54857.660073
19	35000001	19	35000001	384598.355153
19	1	19	36000001	3661.066839
19	1000001	19	36000001	2489.033101
19	2000001	19	36000001	1892.448204
19	3000001	19	36000001	2363.603905
19	4000001	19	36000001	2505.013240
19	5000001	19	36000001	2226.765418
19	6000001	19	36000001	2472.759040
19	7000001	19	36000001	3349.340486
19	8000001	19	36000001	6164.551999
19	9000001	19	36000001	6131.587329
19	10000001	19	36000001	6068.922997
19	11000001	19	36000001	4382.950271
19	12000001	19	36000001	3947.644074
19	13000001	19	36000001	3094.609505
19	14000001	19	36000001	2997.571212
19	15000001	19	36000001	2351.034908
19	16000001	19	36000001	2672.703039
19	17000001	19	36000001	3658.725685
19	18000001	19	36000001	5587.965452
19	19000001	19	36000001	8712.291215
19	20000001	19	36000001	3479.188156
19	21000001	19	36000001	4028.997618
19	22000001	19	36000001	2655.204610
19	23000001	19	36000001	3785.531433
19	24000001	19	36000001	3203.300789
19	27000001	19	36000001	2616.505749
19	28000001	19	36000001	4098.796375
19	29000001	19	36000001	3988.612253
19	30000001	19	36000001	5962.582073
19	31000001	19	36000001	3746.878853
19	32000001	19	36000001	5358.027858
19	33000001	19	36000001	8706.647941
19	34000001	19	36000001	12922.093357
19	35000001	19	36000001	83629.794041
19	36000001	19	36000001	364554.395720
19	1	19	37000001	1881.927185
19	1000001	19	37000001	807.763321
19	2000001	19	37000001	1017.204337
19	3000001	19	37000001	846.532479
19	4000001	19	37000001	784.395754
19	5000001	19	37000001	856.336768
19	6000001	19	37000001	1084.988547
19	7000001	19	37000001	1339.939319
19	8000001	19	37000001	4289.253567
19	9000001	19	37000001	11978.779501
19	10000001	19	37000001	1878.782770
19	11000001	19	37000001	3324.746415
19	12000001	19	37000001	6147.360946
19	13000001	19	37000001	1467.040401
19	14000001	19	37000001	1250.777743
19	15000001	19	37000001	1095.328757
19	16000001	19	37000001	1057.031831
19	17000001	19	37000001	1156.143933
19	18000001	19	37000001	1465.878721
19	19000001	19	37000001	6162.773659
19	20000001	19	37000001	9738.582649
19	21000001	19	37000001	10097.670411
19	22000001	19	37000001	7932.482962
19	23000001	19	37000001	10061.057591
19	24000001	19	37000001	7813.506479
19	27000001	19	37000001	6390.588445
19	28000001	19	37000001	7913.465062
19	29000001	19	37000001	6655.452150
19	30000001	19	37000001	4385.609871
19	31000001	19	37000001	5980.171757
19	32000001	19	37000001	6845.804021
19	33000001	19	37000001	4479.029103
19	34000001	19	37000001	5826.302016
19	35000001	19	37000001	17881.354404
19	36000001	19	37000001	84370.439969
19	37000001	19	37000001	388144.084419
19	1	19	38000001	2194.698117
19	1000001	19	38000001	1274.083753
19	2000001	19	38000001	1170.449213
19	3000001	19	38000001	1533.168482
19	4000001	19	38000001	1602.079387
19	5000001	19	38000001	1738.554090
19	6000001	19	38000001	1742.405884
19	7000001	19	38000001	2227.022878
19	8000001	19	38000001	5010.642026
19	9000001	19	38000001	5807.443732
19	10000001	19	38000001	3226.731944
19	11000001	19	38000001	2971.256225
19	12000001	19	38000001	3136.246974
19	13000001	19	38000001	2659.166127
19	14000001	19	38000001	2253.248349
19	15000001	19	38000001	1995.238128
19	16000001	19	38000001	2054.575822
19	17000001	19	38000001	2212.798315
19	18000001	19	38000001	3050.343774
19	19000001	19	38000001	5209.009312
19	20000001	19	38000001	3791.488070
19	21000001	19	38000001	4079.546427
19	22000001	19	38000001	3076.279684
19	23000001	19	38000001	4025.610054
19	24000001	19	38000001	3589.409583
19	27000001	19	38000001	3050.915608
19	28000001	19	38000001	4750.032598
19	29000001	19	38000001	4898.014177
19	30000001	19	38000001	6486.162343
19	31000001	19	38000001	4557.248287
19	32000001	19	38000001	5518.786589
19	33000001	19	38000001	8121.515435
19	34000001	19	38000001	9927.345968
19	35000001	19	38000001	16298.213580
19	36000001	19	38000001	32291.651607
19	37000001	19	38000001	82252.328482
19	38000001	19	38000001	369323.984415
19	1	19	39000001	2902.099677
19	1000001	19	39000001	2645.626285
19	2000001	19	39000001	2105.742485
19	3000001	19	39000001	2726.150733
19	4000001	19	39000001	3014.015837
19	5000001	19	39000001	2805.599895
19	6000001	19	39000001	2883.096020
19	7000001	19	39000001	3504.361158
19	8000001	19	39000001	3765.689538
19	9000001	19	39000001	1680.667344
19	10000001	19	39000001	4496.439604
19	11000001	19	39000001	3235.242636
19	12000001	19	39000001	2254.439529
19	13000001	19	39000001	3375.134678
19	14000001	19	39000001	3252.179726
19	15000001	19	39000001	2691.708915
19	16000001	19	39000001	3148.911040
19	17000001	19	39000001	4002.312137
19	18000001	19	39000001	5276.034595
19	19000001	19	39000001	4766.934178
19	20000001	19	39000001	769.980089
19	21000001	19	39000001	957.959010
19	22000001	19	39000001	565.802157
19	23000001	19	39000001	771.377113
19	24000001	19	39000001	702.131210
19	27000001	19	39000001	642.961987
19	28000001	19	39000001	1265.054672
19	29000001	19	39000001	1409.162123
19	30000001	19	39000001	3112.600610
19	31000001	19	39000001	1446.419646
19	32000001	19	39000001	1963.279202
19	33000001	19	39000001	4708.785189
19	34000001	19	39000001	5486.594936
19	35000001	19	39000001	9366.927294
19	36000001	19	39000001	15842.384776
19	37000001	19	39000001	7606.196378
19	38000001	19	39000001	85053.465656
19	39000001	19	39000001	428801.196840
19	1	19	40000001	2821.392534
19	1000001	19	40000001	2511.929557
19	2000001	19	40000001	2310.039221
19	3000001	19	40000001	2908.048148
19	4000001	19	40000001	3097.049971
19	5000001	19	40000001	2917.875165
19	6000001	19	40000001	2975.335390
19	7000001	19	40000001	3226.690032
19	8000001	19	40000001	3201.621807
19	9000001	19	40000001	1948.459314
19	10000001	19	40000001	3455.618115
19	11000001	19	40000001	3422.910011
19	12000001	19	40000001	3039.657604
19	13000001	19	40000001	3251.137139
19	14000001	19	40000001	3237.720936
19	15000001	19	40000001	2886.473089
19	16000001	19	40000001	3164.032689
19	17000001	19	40000001	3809.115951
19	18000001	19	40000001	4227.859563
19	19000001	19	40000001	3757.269603
19	20000001	19	40000001	873.824476
19	21000001	19	40000001	1252.426370
19	22000001	19	40000001	692.060164
19	23000001	19	40000001	1003.756406
19	24000001	19	40000001	915.915771
19	27000001	19	40000001	768.698526
19	28000001	19	40000001	1311.262802
19	29000001	19	40000001	1439.636480
19	30000001	19	40000001	2657.596970
19	31000001	19	40000001	1382.219484
19	32000001	19	40000001	1767.050520
19	33000001	19	40000001	3621.921424
19	34000001	19	40000001	4185.215471
19	35000001	19	40000001	6816.801404
19	36000001	19	40000001	9627.818410
19	37000001	19	40000001	6817.312104
19	38000001	19	40000001	19036.811606
19	39000001	19	40000001	88086.229760
19	40000001	19	40000001	431183.626209
19	1	19	41000001	3060.890898
19	1000001	19	41000001	2495.978008
19	2000001	19	41000001	1850.806326
19	3000001	19	41000001	2860.678097
19	4000001	19	41000001	3204.510806
19	5000001	19	41000001	3662.410903
19	6000001	19	41000001	2459.269059
19	7000001	19	41000001	2573.826697
19	8000001	19	41000001	3434.066386
19	9000001	19	41000001	1973.965837
19	10000001	19	41000001	3221.897573
19	11000001	19	41000001	2540.403873
19	12000001	19	41000001	1924.614912
19	13000001	19	41000001	4205.011848
19	14000001	19	41000001	3537.397155
19	15000001	19	41000001	4156.371888
19	16000001	19	41000001	3650.942452
19	17000001	19	41000001	3815.805864
19	18000001	19	41000001	3893.104754
19	19000001	19	41000001	3313.943468
19	20000001	19	41000001	793.432724
19	21000001	19	41000001	868.258613
19	22000001	19	41000001	766.446243
19	23000001	19	41000001	818.633686
19	24000001	19	41000001	880.803612
19	27000001	19	41000001	784.425209
19	28000001	19	41000001	1700.617740
19	29000001	19	41000001	2017.712211
19	30000001	19	41000001	3691.604458
19	31000001	19	41000001	2096.306385
19	32000001	19	41000001	2601.019556
19	33000001	19	41000001	5061.900110
19	34000001	19	41000001	6353.058514
19	35000001	19	41000001	6326.727823
19	36000001	19	41000001	7394.779703
19	37000001	19	41000001	3715.702483
19	38000001	19	41000001	11723.874582
19	39000001	19	41000001	23694.720722
19	40000001	19	41000001	90371.228000
19	41000001	19	41000001	404623.078812
19	1	19	42000001	3320.049874
19	1000001	19	42000001	2593.913277
19	2000001	19	42000001	1901.829480
19	3000001	19	42000001	2900.898983
19	4000001	19	42000001	3218.982202
19	5000001	19	42000001	3486.688572
19	6000001	19	42000001	2483.408022
19	7000001	19	42000001	2864.671775
19	8000001	19	42000001	3847.013922
19	9000001	19	42000001	1922.087142
19	10000001	19	42000001	3841.357527
19	11000001	19	42000001	2393.348038
19	12000001	19	42000001	1841.032090
19	13000001	19	42000001	4033.385747
19	14000001	19	42000001	3700.863594
19	15000001	19	42000001	3992.746699
19	16000001	19	42000001	3631.005377
19	17000001	19	42000001	3457.581640
19	18000001	19	42000001	4203.909288
19	19000001	19	42000001	3990.144504
19	20000001	19	42000001	720.256750
19	21000001	19	42000001	977.878635
19	22000001	19	42000001	590.359525
19	23000001	19	42000001	875.438349
19	24000001	19	42000001	767.426172
19	27000001	19	42000001	621.600320
19	28000001	19	42000001	1388.187081
19	29000001	19	42000001	1776.247751
19	30000001	19	42000001	4250.059152
19	31000001	19	42000001	1677.718628
19	32000001	19	42000001	2422.996182
19	33000001	19	42000001	6088.136652
19	34000001	19	42000001	6776.430070
19	35000001	19	42000001	7226.560783
19	36000001	19	42000001	8378.532874
19	37000001	19	42000001	3170.747622
19	38000001	19	42000001	10587.752705
19	39000001	19	42000001	18430.875944
19	40000001	19	42000001	23897.498382
19	41000001	19	42000001	91064.906290
19	42000001	19	42000001	393693.522069
19	1	19	43000001	2177.783985
19	1000001	19	43000001	945.783361
19	2000001	19	43000001	728.205321
19	3000001	19	43000001	1405.623998
19	4000001	19	43000001	1509.377099
19	5000001	19	43000001	2789.723300
19	6000001	19	43000001	1281.390590
19	7000001	19	43000001	1330.232570
19	8000001	19	43000001	4740.258367
19	9000001	19	43000001	4551.018845
19	10000001	19	43000001	2079.635748
19	11000001	19	43000001	1382.629486
19	12000001	19	43000001	1138.439978
19	13000001	19	43000001	3647.538992
19	14000001	19	43000001	2637.396234
19	15000001	19	43000001	4610.923840
19	16000001	19	43000001	2345.550271
19	17000001	19	43000001	1715.878081
19	18000001	19	43000001	1565.635970
19	19000001	19	43000001	2525.891057
19	20000001	19	43000001	2479.064983
19	21000001	19	43000001	2250.929214
19	22000001	19	43000001	2779.014744
19	23000001	19	43000001	2785.081351
19	24000001	19	43000001	3023.126027
19	27000001	19	43000001	3028.700177
19	28000001	19	43000001	5926.538556
19	29000001	19	43000001	7611.551940
19	30000001	19	43000001	9831.393204
19	31000001	19	43000001	8071.726136
19	32000001	19	43000001	8252.881303
19	33000001	19	43000001	10988.555321
19	34000001	19	43000001	13017.498296
19	35000001	19	43000001	8188.315669
19	36000001	19	43000001	5540.508339
19	37000001	19	43000001	4979.225636
19	38000001	19	43000001	11166.308381
19	39000001	19	43000001	8035.199791
19	40000001	19	43000001	9548.266632
19	41000001	19	43000001	24156.273626
19	42000001	19	43000001	79231.868612
19	43000001	19	43000001	376926.725659
19	1	19	44000001	2940.891514
19	1000001	19	44000001	1517.590497
19	2000001	19	44000001	1706.142970
19	3000001	19	44000001	1759.602444
19	4000001	19	44000001	1921.596398
19	5000001	19	44000001	1944.970813
19	6000001	19	44000001	1820.495745
19	7000001	19	44000001	2281.572610
19	8000001	19	44000001	4866.276934
19	9000001	19	44000001	7159.140326
19	10000001	19	44000001	3227.234636
19	11000001	19	44000001	3443.949558
19	12000001	19	44000001	4389.042861
19	13000001	19	44000001	2732.813547
19	14000001	19	44000001	2576.001718
19	15000001	19	44000001	2096.424369
19	16000001	19	44000001	2039.961495
19	17000001	19	44000001	2003.555066
19	18000001	19	44000001	2281.652123
19	19000001	19	44000001	4627.290864
19	20000001	19	44000001	4102.109319
19	21000001	19	44000001	4717.729056
19	22000001	19	44000001	3438.757681
19	23000001	19	44000001	4550.654996
19	24000001	19	44000001	4040.431750
19	27000001	19	44000001	2577.725942
19	28000001	19	44000001	4510.265741
19	29000001	19	44000001	4228.096395
19	30000001	19	44000001	5012.702336
19	31000001	19	44000001	3674.046285
19	32000001	19	44000001	4358.574268
19	33000001	19	44000001	4886.355552
19	34000001	19	44000001	5647.559579
19	35000001	19	44000001	8804.749336
19	36000001	19	44000001	8832.142893
19	37000001	19	44000001	13756.957701
19	38000001	19	44000001	11199.245509
19	39000001	19	44000001	6326.361365
19	40000001	19	44000001	9218.791027
19	41000001	19	44000001	11106.929133
19	42000001	19	44000001	17624.403490
19	43000001	19	44000001	79462.161415
19	44000001	19	44000001	395435.363684
19	1	19	45000001	3370.234238
19	1000001	19	45000001	2892.997138
19	2000001	19	45000001	2274.253321
19	3000001	19	45000001	2869.241564
19	4000001	19	45000001	3206.685089
19	5000001	19	45000001	2964.638104
19	6000001	19	45000001	2776.353660
19	7000001	19	45000001	3243.296336
19	8000001	19	45000001	4834.630399
19	9000001	19	45000001	3026.382077
19	10000001	19	45000001	4489.956727
19	11000001	19	45000001	3531.086842
19	12000001	19	45000001	2717.797533
19	13000001	19	45000001	3744.210072
19	14000001	19	45000001	3353.468421
19	15000001	19	45000001	2861.837439
19	16000001	19	45000001	3101.790683
19	17000001	19	45000001	3626.668166
19	18000001	19	45000001	4442.477197
19	19000001	19	45000001	4776.681266
19	20000001	19	45000001	1372.332257
19	21000001	19	45000001	1550.704952
19	22000001	19	45000001	1110.881727
19	23000001	19	45000001	1526.970776
19	24000001	19	45000001	1394.821121
19	27000001	19	45000001	1001.532060
19	28000001	19	45000001	2084.959790
19	29000001	19	45000001	2234.843940
19	30000001	19	45000001	3972.138217
19	31000001	19	45000001	2103.773288
19	32000001	19	45000001	2688.859592
19	33000001	19	45000001	4636.174907
19	34000001	19	45000001	5335.784289
19	35000001	19	45000001	6658.911288
19	36000001	19	45000001	7579.690301
19	37000001	19	45000001	4289.408267
19	38000001	19	45000001	7731.308901
19	39000001	19	45000001	8394.541034
19	40000001	19	45000001	8519.742368
19	41000001	19	45000001	11661.368023
19	42000001	19	45000001	17345.234515
19	43000001	19	45000001	23087.700200
19	44000001	19	45000001	60127.415264
19	45000001	19	45000001	418173.324400
19	1	19	46000001	3523.268884
19	1000001	19	46000001	3584.359395
19	2000001	19	46000001	2765.122441
19	3000001	19	46000001	3885.383033
19	4000001	19	46000001	4096.985702
19	5000001	19	46000001	4267.722902
19	6000001	19	46000001	3139.287129
19	7000001	19	46000001	3148.041540
19	8000001	19	46000001	3019.076716
19	9000001	19	46000001	1519.677088
19	10000001	19	46000001	3744.385491
19	11000001	19	46000001	3136.945527
19	12000001	19	46000001	2258.151260
19	13000001	19	46000001	4182.242235
19	14000001	19	46000001	3737.288840
19	15000001	19	46000001	4077.798956
19	16000001	19	46000001	3754.930299
19	17000001	19	46000001	4207.858939
19	18000001	19	46000001	4536.222796
19	19000001	19	46000001	3137.082614
19	20000001	19	46000001	588.484910
19	21000001	19	46000001	732.579040
19	22000001	19	46000001	444.524558
19	23000001	19	46000001	644.927553
19	24000001	19	46000001	582.661772
19	27000001	19	46000001	452.863719
19	28000001	19	46000001	1043.325326
19	29000001	19	46000001	1237.571273
19	30000001	19	46000001	2480.043694
19	31000001	19	46000001	1273.243762
19	32000001	19	46000001	1595.230827
19	33000001	19	46000001	3291.329777
19	34000001	19	46000001	3878.797442
19	35000001	19	46000001	4152.419673
19	36000001	19	46000001	4960.747304
19	37000001	19	46000001	2023.085419
19	38000001	19	46000001	4592.695942
19	39000001	19	46000001	7208.727523
19	40000001	19	46000001	7523.528817
19	41000001	19	46000001	10687.457320
19	42000001	19	46000001	13128.523189
19	43000001	19	46000001	11155.902938
19	44000001	19	46000001	11909.610992
19	45000001	19	46000001	71058.242075
19	46000001	19	46000001	432454.989031
19	1	19	47000001	3000.057463
19	1000001	19	47000001	3248.715270
19	2000001	19	47000001	2644.443737
19	3000001	19	47000001	3399.024140
19	4000001	19	47000001	4013.382697
19	5000001	19	47000001	3365.509499
19	6000001	19	47000001	3053.064031
19	7000001	19	47000001	2946.373838
19	8000001	19	47000001	2573.990856
19	9000001	19	47000001	1110.732250
19	10000001	19	47000001	3359.792303
19	11000001	19	47000001	3008.411489
19	12000001	19	47000001	2105.420583
19	13000001	19	47000001	3328.481614
19	14000001	19	47000001	3525.877077
19	15000001	19	47000001	2777.000033
19	16000001	19	47000001	3281.415397
19	17000001	19	47000001	3868.590222
19	18000001	19	47000001	4036.211977
19	19000001	19	47000001	2702.439693
19	20000001	19	47000001	482.502410
19	21000001	19	47000001	555.849262
19	22000001	19	47000001	305.220625
19	23000001	19	47000001	449.752879
19	24000001	19	47000001	425.483782
19	27000001	19	47000001	267.309727
19	28000001	19	47000001	689.204159
19	29000001	19	47000001	701.780149
19	30000001	19	47000001	1697.905790
19	31000001	19	47000001	721.477279
19	32000001	19	47000001	1002.296126
19	33000001	19	47000001	2517.617804
19	34000001	19	47000001	2832.058365
19	35000001	19	47000001	3274.975251
19	36000001	19	47000001	3917.686987
19	37000001	19	47000001	1657.399734
19	38000001	19	47000001	3590.522151
19	39000001	19	47000001	5900.449858
19	40000001	19	47000001	6094.829850
19	41000001	19	47000001	7499.071169
19	42000001	19	47000001	8766.068401
19	43000001	19	47000001	5857.568251
19	44000001	19	47000001	7159.252653
19	45000001	19	47000001	18607.510807
19	46000001	19	47000001	85274.686731
19	47000001	19	47000001	458782.568938
19	1	19	48000001	3551.321413
19	1000001	19	48000001	3075.246704
19	2000001	19	48000001	2283.945580
19	3000001	19	48000001	3818.726412
19	4000001	19	48000001	4057.289748
19	5000001	19	48000001	4178.232239
19	6000001	19	48000001	2876.920450
19	7000001	19	48000001	2665.774642
19	8000001	19	48000001	3083.077423
19	9000001	19	48000001	1904.071220
19	10000001	19	48000001	3064.452349
19	11000001	19	48000001	2714.449387
19	12000001	19	48000001	1916.070670
19	13000001	19	48000001	4021.401740
19	14000001	19	48000001	3529.229489
19	15000001	19	48000001	3936.494848
19	16000001	19	48000001	3521.748316
19	17000001	19	48000001	3690.176673
19	18000001	19	48000001	3471.980010
19	19000001	19	48000001	2638.121036
19	20000001	19	48000001	706.492969
19	21000001	19	48000001	869.413214
19	22000001	19	48000001	666.767126
19	23000001	19	48000001	800.226199
19	24000001	19	48000001	819.799467
19	27000001	19	48000001	746.713400
19	28000001	19	48000001	1381.819064
19	29000001	19	48000001	1437.691328
19	30000001	19	48000001	2548.383472
19	31000001	19	48000001	1532.256997
19	32000001	19	48000001	1921.079879
19	33000001	19	48000001	3410.846490
19	34000001	19	48000001	3828.901153
19	35000001	19	48000001	3715.372913
19	36000001	19	48000001	4149.846898
19	37000001	19	48000001	1996.481420
19	38000001	19	48000001	4061.678209
19	39000001	19	48000001	5481.351445
19	40000001	19	48000001	5845.183198
19	41000001	19	48000001	7915.144976
19	42000001	19	48000001	8841.862132
19	43000001	19	48000001	8635.900722
19	44000001	19	48000001	7683.763204
19	45000001	19	48000001	13774.784964
19	46000001	19	48000001	28555.011717
19	47000001	19	48000001	95574.235723
19	48000001	19	48000001	420768.601198
19	1	19	49000001	4561.187731
19	1000001	19	49000001	4783.756875
19	2000001	19	49000001	3645.950490
19	3000001	19	49000001	4510.142930
19	4000001	19	49000001	4814.130960
19	5000001	19	49000001	3681.632028
19	6000001	19	49000001	3681.344285
19	7000001	19	49000001	3774.970105
19	8000001	19	49000001	3034.926182
19	9000001	19	49000001	1512.279347
19	10000001	19	49000001	4036.738896
19	11000001	19	49000001	3721.261855
19	12000001	19	49000001	3030.531303
19	13000001	19	49000001	3590.679895
19	14000001	19	49000001	3581.417492
19	15000001	19	49000001	2737.157036
19	16000001	19	49000001	3295.142338
19	17000001	19	49000001	4653.492724
19	18000001	19	49000001	4873.163409
19	19000001	19	49000001	3238.306521
19	20000001	19	49000001	528.316190
19	21000001	19	49000001	684.974669
19	22000001	19	49000001	386.365610
19	23000001	19	49000001	591.782703
19	24000001	19	49000001	557.521743
19	27000001	19	49000001	386.641501
19	28000001	19	49000001	597.239468
19	29000001	19	49000001	696.224815
19	30000001	19	49000001	1545.354203
19	31000001	19	49000001	670.305399
19	32000001	19	49000001	938.896339
19	33000001	19	49000001	2073.378088
19	34000001	19	49000001	2238.143920
19	35000001	19	49000001	3690.615188
19	36000001	19	49000001	4734.255609
19	37000001	19	49000001	1888.390705
19	38000001	19	49000001	3581.069712
19	39000001	19	49000001	5927.010911
19	40000001	19	49000001	6091.389801
19	41000001	19	49000001	6587.642815
19	42000001	19	49000001	7507.763507
19	43000001	19	49000001	4075.548869
19	44000001	19	49000001	5742.413992
19	45000001	19	49000001	11055.932789
19	46000001	19	49000001	16441.993473
19	47000001	19	49000001	21523.993743
19	48000001	19	49000001	82329.391905
19	49000001	19	49000001	456705.356059
19	1	19	50000001	5357.122918
19	1000001	19	50000001	4417.645882
19	2000001	19	50000001	3158.537445
19	3000001	19	50000001	4033.279584
19	4000001	19	50000001	4153.653381
19	5000001	19	50000001	3931.407557
19	6000001	19	50000001	3700.696205
19	7000001	19	50000001	3824.359100
19	8000001	19	50000001	4137.643934
19	9000001	19	50000001	2553.738017
19	10000001	19	50000001	4801.008156
19	11000001	19	50000001	3540.267047
19	12000001	19	50000001	2877.017805
19	13000001	19	50000001	4220.368808
19	14000001	19	50000001	3870.044337
19	15000001	19	50000001	3503.078364
19	16000001	19	50000001	3461.362938
19	17000001	19	50000001	4131.872687
19	18000001	19	50000001	4771.505316
19	19000001	19	50000001	3745.180866
19	20000001	19	50000001	906.617176
19	21000001	19	50000001	1094.450381
19	22000001	19	50000001	686.622469
19	23000001	19	50000001	991.719272
19	24000001	19	50000001	939.827397
19	27000001	19	50000001	720.233888
19	28000001	19	50000001	1417.558442
19	29000001	19	50000001	1512.723341
19	30000001	19	50000001	2809.370731
19	31000001	19	50000001	1399.490274
19	32000001	19	50000001	1809.885299
19	33000001	19	50000001	3219.685142
19	34000001	19	50000001	3763.342906
19	35000001	19	50000001	5188.608551
19	36000001	19	50000001	6022.062018
19	37000001	19	50000001	2443.458410
19	38000001	19	50000001	4504.844750
19	39000001	19	50000001	6834.999689
19	40000001	19	50000001	6496.198272
19	41000001	19	50000001	7685.278495
19	42000001	19	50000001	9045.392000
19	43000001	19	50000001	6869.304417
19	44000001	19	50000001	7426.333437
19	45000001	19	50000001	11567.377802
19	46000001	19	50000001	13414.845152
19	47000001	19	50000001	12719.586460
19	48000001	19	50000001	21015.006909
19	49000001	19	50000001	78550.911759
19	50000001	19	50000001	402385.666473
19	1	19	51000001	3854.985114
19	1000001	19	51000001	2004.379880
19	2000001	19	51000001	1526.248933
19	3000001	19	51000001	2560.758823
19	4000001	19	51000001	2637.639888
19	5000001	19	51000001	3618.171265
19	6000001	19	51000001	2249.177174
19	7000001	19	51000001	2669.952156
19	8000001	19	51000001	5538.229378
19	9000001	19	51000001	3571.274837
19	10000001	19	51000001	3851.571219
19	11000001	19	51000001	2377.105877
19	12000001	19	51000001	1772.861432
19	13000001	19	51000001	4294.020881
19	14000001	19	51000001	3195.986805
19	15000001	19	51000001	4380.514778
19	16000001	19	51000001	3092.293649
19	17000001	19	51000001	2873.377706
19	18000001	19	51000001	3263.827571
19	19000001	19	51000001	3875.239030
19	20000001	19	51000001	1361.029542
19	21000001	19	51000001	1377.920285
19	22000001	19	51000001	1201.851585
19	23000001	19	51000001	1467.017722
19	24000001	19	51000001	1412.428179
19	27000001	19	51000001	1341.444847
19	28000001	19	51000001	2911.026512
19	29000001	19	51000001	3586.446031
19	30000001	19	51000001	5780.063532
19	31000001	19	51000001	3323.773649
19	32000001	19	51000001	3802.663864
19	33000001	19	51000001	6412.976247
19	34000001	19	51000001	7630.453823
19	35000001	19	51000001	6719.437804
19	36000001	19	51000001	6044.407437
19	37000001	19	51000001	2822.586649
19	38000001	19	51000001	7246.899073
19	39000001	19	51000001	6850.540918
19	40000001	19	51000001	5864.365793
19	41000001	19	51000001	8591.392689
19	42000001	19	51000001	10496.996924
19	43000001	19	51000001	13200.486864
19	44000001	19	51000001	7944.172228
19	45000001	19	51000001	10758.017189
19	46000001	19	51000001	10751.182341
19	47000001	19	51000001	7819.823930
19	48000001	19	51000001	13429.985593
19	49000001	19	51000001	14446.746981
19	50000001	19	51000001	88145.605824
19	51000001	19	51000001	382997.152420
19	1	19	52000001	2489.329189
19	1000001	19	52000001	1105.352300
19	2000001	19	52000001	1144.486773
19	3000001	19	52000001	1208.792821
19	4000001	19	52000001	1221.595403
19	5000001	19	52000001	1333.674708
19	6000001	19	52000001	1393.183974
19	7000001	19	52000001	1667.231678
19	8000001	19	52000001	4619.897637
19	9000001	19	52000001	9027.295083
19	10000001	19	52000001	2527.246099
19	11000001	19	52000001	3162.057568
19	12000001	19	52000001	4927.189458
19	13000001	19	52000001	2007.059818
19	14000001	19	52000001	1651.291431
19	15000001	19	52000001	1452.901672
19	16000001	19	52000001	1340.765020
19	17000001	19	52000001	1416.405735
19	18000001	19	52000001	1686.029382
19	19000001	19	52000001	4579.515310
19	20000001	19	52000001	5721.706757
19	21000001	19	52000001	5704.121977
19	22000001	19	52000001	4745.027251
19	23000001	19	52000001	5790.544384
19	24000001	19	52000001	4774.863020
19	27000001	19	52000001	3501.448473
19	28000001	19	52000001	5246.534943
19	29000001	19	52000001	4586.612949
19	30000001	19	52000001	3800.594149
19	31000001	19	52000001	3660.802609
19	32000001	19	52000001	4063.762151
19	33000001	19	52000001	3239.584609
19	34000001	19	52000001	3620.549045
19	35000001	19	52000001	6138.702097
19	36000001	19	52000001	6798.351302
19	37000001	19	52000001	13983.996280
19	38000001	19	52000001	7905.820929
19	39000001	19	52000001	2923.549726
19	40000001	19	52000001	3585.413043
19	41000001	19	52000001	3314.829191
19	42000001	19	52000001	3528.376287
19	43000001	19	52000001	6300.310894
19	44000001	19	52000001	11534.525994
19	45000001	19	52000001	6098.438216
19	46000001	19	52000001	3742.040112
19	47000001	19	52000001	3130.583189
19	48000001	19	52000001	5055.044731
19	49000001	19	52000001	5378.402927
19	50000001	19	52000001	13189.909162
19	51000001	19	52000001	69099.135386
19	52000001	19	52000001	338537.823202
19	1	19	53000001	2214.092148
19	1000001	19	53000001	996.699851
19	2000001	19	53000001	1131.237524
19	3000001	19	53000001	906.183726
19	4000001	19	53000001	895.302390
19	5000001	19	53000001	953.834635
19	6000001	19	53000001	1186.089113
19	7000001	19	53000001	1535.279192
19	8000001	19	53000001	4313.587630
19	9000001	19	53000001	10064.298064
19	10000001	19	53000001	2222.178497
19	11000001	19	53000001	3177.693491
19	12000001	19	53000001	5051.582854
19	13000001	19	53000001	1440.171056
19	14000001	19	53000001	1305.434390
19	15000001	19	53000001	973.474080
19	16000001	19	53000001	1067.609800
19	17000001	19	53000001	1123.047579
19	18000001	19	53000001	1463.678403
19	19000001	19	53000001	4586.353704
19	20000001	19	53000001	6704.654592
19	21000001	19	53000001	6925.227531
19	22000001	19	53000001	5671.344211
19	23000001	19	53000001	7026.557813
19	24000001	19	53000001	5683.623217
19	27000001	19	53000001	4183.548751
19	28000001	19	53000001	5516.376875
19	29000001	19	53000001	4365.016684
19	30000001	19	53000001	3012.692333
19	31000001	19	53000001	3465.479680
19	32000001	19	53000001	3837.445665
19	33000001	19	53000001	2352.617831
19	34000001	19	53000001	2472.085348
19	35000001	19	53000001	5599.744505
19	36000001	19	53000001	6109.517379
19	37000001	19	53000001	14331.502371
19	38000001	19	53000001	6615.213113
19	39000001	19	53000001	2085.736792
19	40000001	19	53000001	2787.805183
19	41000001	19	53000001	2152.893975
19	42000001	19	53000001	2257.193976
19	43000001	19	53000001	3876.624402
19	44000001	19	53000001	10208.226840
19	45000001	19	53000001	4200.625871
19	46000001	19	53000001	2440.917012
19	47000001	19	53000001	2278.372131
19	48000001	19	53000001	3187.346850
19	49000001	19	53000001	3601.783129
19	50000001	19	53000001	6362.227683
19	51000001	19	53000001	11283.037311
19	52000001	19	53000001	125528.689569
19	53000001	19	53000001	360061.868210
19	1	19	54000001	3134.767137
19	1000001	19	54000001	1310.037165
19	2000001	19	54000001	1056.669014
19	3000001	19	54000001	1306.475552
19	4000001	19	54000001	1322.156847
19	5000001	19	54000001	1624.360864
19	6000001	19	54000001	1466.123673
19	7000001	19	54000001	1752.746157
19	8000001	19	54000001	6140.689523
19	9000001	19	54000001	9870.484525
19	10000001	19	54000001	3163.173555
19	11000001	19	54000001	2295.874075
19	12000001	19	54000001	2622.415478
19	13000001	19	54000001	2392.518327
19	14000001	19	54000001	1809.987289
19	15000001	19	54000001	2021.993985
19	16000001	19	54000001	1545.796591
19	17000001	19	54000001	1534.878804
19	18000001	19	54000001	1989.233624
19	19000001	19	54000001	4122.078197
19	20000001	19	54000001	5546.495705
19	21000001	19	54000001	5107.011628
19	22000001	19	54000001	6065.463875
19	23000001	19	54000001	5686.464609
19	24000001	19	54000001	4915.021198
19	27000001	19	54000001	5459.017950
19	28000001	19	54000001	7558.231218
19	29000001	19	54000001	7220.164691
19	30000001	19	54000001	5286.226431
19	31000001	19	54000001	6231.996085
19	32000001	19	54000001	6196.993687
19	33000001	19	54000001	4210.826871
19	34000001	19	54000001	4966.099814
19	35000001	19	54000001	7019.902789
19	36000001	19	54000001	6797.886012
19	37000001	19	54000001	9155.744687
19	38000001	19	54000001	6128.719975
19	39000001	19	54000001	3167.114748
19	40000001	19	54000001	3095.557740
19	41000001	19	54000001	3710.928511
19	42000001	19	54000001	4273.038657
19	43000001	19	54000001	7734.012890
19	44000001	19	54000001	8566.875033
19	45000001	19	54000001	5750.753476
19	46000001	19	54000001	3718.482708
19	47000001	19	54000001	2916.444083
19	48000001	19	54000001	4694.450843
19	49000001	19	54000001	4224.906579
19	50000001	19	54000001	9185.028215
19	51000001	19	54000001	17528.414200
19	52000001	19	54000001	39999.375073
19	53000001	19	54000001	91037.978289
19	54000001	19	54000001	325094.919037
19	1	19	55000001	4399.163409
19	1000001	19	55000001	2332.020679
19	2000001	19	55000001	1683.377603
19	3000001	19	55000001	2044.005066
19	4000001	19	55000001	2172.987539
19	5000001	19	55000001	2327.204796
19	6000001	19	55000001	2138.146133
19	7000001	19	55000001	2875.963320
19	8000001	19	55000001	6040.979497
19	9000001	19	55000001	5033.338286
19	10000001	19	55000001	4803.042361
19	11000001	19	55000001	2687.844640
19	12000001	19	55000001	2113.573005
19	13000001	19	55000001	2974.387019
19	14000001	19	55000001	2532.924843
19	15000001	19	55000001	2648.276029
19	16000001	19	55000001	2250.975814
19	17000001	19	55000001	2603.196935
19	18000001	19	55000001	3627.162713
19	19000001	19	55000001	5182.855951
19	20000001	19	55000001	2290.461047
19	21000001	19	55000001	2398.481468
19	22000001	19	55000001	2008.860063
19	23000001	19	55000001	2389.937925
19	24000001	19	55000001	2318.326853
19	27000001	19	55000001	1728.575446
19	28000001	19	55000001	3561.434851
19	29000001	19	55000001	3774.338943
19	30000001	19	55000001	5516.135233
19	31000001	19	55000001	3024.947051
19	32000001	19	55000001	3686.864063
19	33000001	19	55000001	4885.037043
19	34000001	19	55000001	5442.190341
19	35000001	19	55000001	6961.444912
19	36000001	19	55000001	7128.248435
19	37000001	19	55000001	3520.118096
19	38000001	19	55000001	5069.564554
19	39000001	19	55000001	4720.354527
19	40000001	19	55000001	4229.236821
19	41000001	19	55000001	4904.091791
19	42000001	19	55000001	6402.320308
19	43000001	19	55000001	7121.200304
19	44000001	19	55000001	6213.854409
19	45000001	19	55000001	6729.966792
19	46000001	19	55000001	5355.632229
19	47000001	19	55000001	4006.468690
19	48000001	19	55000001	5536.148042
19	49000001	19	55000001	5774.885396
19	50000001	19	55000001	10810.831672
19	51000001	19	55000001	15783.999128
19	52000001	19	55000001	11964.923476
19	53000001	19	55000001	13511.009102
19	54000001	19	55000001	72106.758658
19	55000001	19	55000001	404295.339993
19	1	19	56000001	3744.672813
19	1000001	19	56000001	1420.399628
19	2000001	19	56000001	1037.268528
19	3000001	19	56000001	1269.535331
19	4000001	19	56000001	1283.018077
19	5000001	19	56000001	1612.853971
19	6000001	19	56000001	1205.526320
19	7000001	19	56000001	1472.396945
19	8000001	19	56000001	6189.545946
19	9000001	19	56000001	9036.179741
19	10000001	19	56000001	3062.666038
19	11000001	19	56000001	1946.025424
19	12000001	19	56000001	2018.677763
19	13000001	19	56000001	2363.041976
19	14000001	19	56000001	1757.985611
19	15000001	19	56000001	1990.342316
19	16000001	19	56000001	1444.890304
19	17000001	19	56000001	1391.065688
19	18000001	19	56000001	1909.090180
19	19000001	19	56000001	4275.532226
19	20000001	19	56000001	5219.321738
19	21000001	19	56000001	4793.616539
19	22000001	19	56000001	5389.961825
19	23000001	19	56000001	5669.862269
19	24000001	19	56000001	4712.121253
19	27000001	19	56000001	4390.328803
19	28000001	19	56000001	7590.661431
19	29000001	19	56000001	8017.169898
19	30000001	19	56000001	7054.155524
19	31000001	19	56000001	6762.444147
19	32000001	19	56000001	7081.528160
19	33000001	19	56000001	5697.787907
19	34000001	19	56000001	6054.632880
19	35000001	19	56000001	7348.586028
19	36000001	19	56000001	6305.542608
19	37000001	19	56000001	7220.378281
19	38000001	19	56000001	5489.678356
19	39000001	19	56000001	2750.358673
19	40000001	19	56000001	2768.156075
19	41000001	19	56000001	3390.233203
19	42000001	19	56000001	3999.946792
19	43000001	19	56000001	8369.135511
19	44000001	19	56000001	7989.122821
19	45000001	19	56000001	5516.785108
19	46000001	19	56000001	3301.215411
19	47000001	19	56000001	2518.003343
19	48000001	19	56000001	4173.491334
19	49000001	19	56000001	3526.595624
19	50000001	19	56000001	7006.261142
19	51000001	19	56000001	11381.012197
19	52000001	19	56000001	14613.264944
19	53000001	19	56000001	17169.014162
19	54000001	19	56000001	39449.848511
19	55000001	19	56000001	93343.388125
19	56000001	19	56000001	340912.856012
19	1	19	57000001	3107.298682
19	1000001	19	57000001	886.737008
19	2000001	19	57000001	841.856581
19	3000001	19	57000001	857.977475
19	4000001	19	57000001	833.067993
19	5000001	19	57000001	1010.028835
19	6000001	19	57000001	904.978012
19	7000001	19	57000001	1133.657023
19	8000001	19	57000001	5096.813360
19	9000001	19	57000001	10797.982718
19	10000001	19	57000001	1967.182632
19	11000001	19	57000001	1966.604372
19	12000001	19	57000001	2649.215560
19	13000001	19	57000001	1535.837393
19	14000001	19	57000001	1170.644933
19	15000001	19	57000001	1155.518066
19	16000001	19	57000001	999.722860
19	17000001	19	57000001	928.153026
19	18000001	19	57000001	1244.730161
19	19000001	19	57000001	3662.277005
19	20000001	19	57000001	7518.630817
19	21000001	19	57000001	6726.915462
19	22000001	19	57000001	9139.239580
19	23000001	19	57000001	8146.834742
19	24000001	19	57000001	6804.645421
19	27000001	19	57000001	7153.685372
19	28000001	19	57000001	9783.323566
19	29000001	19	57000001	8911.314583
19	30000001	19	57000001	4906.791689
19	31000001	19	57000001	7723.103340
19	32000001	19	57000001	7677.998179
19	33000001	19	57000001	3404.561901
19	34000001	19	57000001	3865.589915
19	35000001	19	57000001	5984.881042
19	36000001	19	57000001	5433.769050
19	37000001	19	57000001	11068.784590
19	38000001	19	57000001	5783.808537
19	39000001	19	57000001	1739.496057
19	40000001	19	57000001	2038.677728
19	41000001	19	57000001	2088.162113
19	42000001	19	57000001	2160.693723
19	43000001	19	57000001	5767.929802
19	44000001	19	57000001	8596.968547
19	45000001	19	57000001	3681.729873
19	46000001	19	57000001	2064.247124
19	47000001	19	57000001	1597.016686
19	48000001	19	57000001	2543.293938
19	49000001	19	57000001	2234.656608
19	50000001	19	57000001	3890.368057
19	51000001	19	57000001	6071.676725
19	52000001	19	57000001	16562.672875
19	53000001	19	57000001	20732.495093
19	54000001	19	57000001	27231.716173
19	55000001	19	57000001	17321.350785
19	56000001	19	57000001	80244.828292
19	57000001	19	57000001	339710.133433
19	1	19	58000001	4325.801226
19	1000001	19	58000001	1515.672426
19	2000001	19	58000001	1496.153566
19	3000001	19	58000001	1329.821582
19	4000001	19	58000001	1234.635057
19	5000001	19	58000001	1109.002529
19	6000001	19	58000001	1383.515847
19	7000001	19	58000001	1850.862253
19	8000001	19	58000001	4012.874809
19	9000001	19	58000001	8055.028908
19	10000001	19	58000001	2723.687242
19	11000001	19	58000001	3325.222796
19	12000001	19	58000001	5058.139084
19	13000001	19	58000001	1581.945370
19	14000001	19	58000001	1440.192055
19	15000001	19	58000001	969.053682
19	16000001	19	58000001	1113.079673
19	17000001	19	58000001	1425.941852
19	18000001	19	58000001	2069.408249
19	19000001	19	58000001	5726.663466
19	20000001	19	58000001	5466.278819
19	21000001	19	58000001	5792.417435
19	22000001	19	58000001	4394.133032
19	23000001	19	58000001	6006.880665
19	24000001	19	58000001	4922.744328
19	27000001	19	58000001	3080.020328
19	28000001	19	58000001	4325.081271
19	29000001	19	58000001	3702.479724
19	30000001	19	58000001	3206.967579
19	31000001	19	58000001	2726.829213
19	32000001	19	58000001	3037.313711
19	33000001	19	58000001	2596.000551
19	34000001	19	58000001	2689.693601
19	35000001	19	58000001	5542.766638
19	36000001	19	58000001	6661.583872
19	37000001	19	58000001	13068.940711
19	38000001	19	58000001	5872.454620
19	39000001	19	58000001	2418.832242
19	40000001	19	58000001	2822.105153
19	41000001	19	58000001	2141.644250
19	42000001	19	58000001	2465.795863
19	43000001	19	58000001	3070.163052
19	44000001	19	58000001	8996.980952
19	45000001	19	58000001	3976.621708
19	46000001	19	58000001	2408.636665
19	47000001	19	58000001	2124.642738
19	48000001	19	58000001	2574.849059
19	49000001	19	58000001	3088.702375
19	50000001	19	58000001	4227.747087
19	51000001	19	58000001	4922.444275
19	52000001	19	58000001	16989.563468
19	53000001	19	58000001	18621.286758
19	54000001	19	58000001	13672.742287
19	55000001	19	58000001	11449.693121
19	56000001	19	58000001	29672.605630
19	57000001	19	58000001	115851.739347
19	58000001	19	58000001	348549.220009
19	1	19	59000001	5439.147711
19	1000001	19	59000001	2027.392640
19	2000001	19	59000001	1546.497052
19	3000001	19	59000001	1259.167217
19	4000001	19	59000001	1577.545103
19	5000001	19	59000001	1143.074724
19	6000001	19	59000001	1395.630048
19	7000001	19	59000001	1982.203735
19	8000001	19	59000001	2624.348853
19	9000001	19	59000001	2101.065594
19	10000001	19	59000001	3027.714217
19	11000001	19	59000001	2233.619838
19	12000001	19	59000001	2309.424346
19	13000001	19	59000001	1537.429871
19	14000001	19	59000001	1627.530023
19	15000001	19	59000001	1004.634813
19	16000001	19	59000001	1329.650114
19	17000001	19	59000001	1734.300548
19	18000001	19	59000001	2844.595560
19	19000001	19	59000001	4121.226329
19	20000001	19	59000001	1075.615264
19	21000001	19	59000001	1455.554973
19	22000001	19	59000001	560.259750
19	23000001	19	59000001	1152.418862
19	24000001	19	59000001	1088.365155
19	27000001	19	59000001	418.674536
19	28000001	19	59000001	955.603181
19	29000001	19	59000001	896.719869
19	30000001	19	59000001	2011.311214
19	31000001	19	59000001	594.627406
19	32000001	19	59000001	1108.600684
19	33000001	19	59000001	1772.557807
19	34000001	19	59000001	1986.580945
19	35000001	19	59000001	3224.045727
19	36000001	19	59000001	4555.849025
19	37000001	19	59000001	2767.456463
19	38000001	19	59000001	2895.393654
19	39000001	19	59000001	2963.706269
19	40000001	19	59000001	2536.410797
19	41000001	19	59000001	2166.295191
19	42000001	19	59000001	2861.296990
19	43000001	19	59000001	1433.175949
19	44000001	19	59000001	3996.949286
19	45000001	19	59000001	3480.948461
19	46000001	19	59000001	2652.575083
19	47000001	19	59000001	2355.634414
19	48000001	19	59000001	2737.437262
19	49000001	19	59000001	3581.093751
19	50000001	19	59000001	4495.659201
19	51000001	19	59000001	3928.568561
19	52000001	19	59000001	4623.652428
19	53000001	19	59000001	5079.144675
19	54000001	19	59000001	5750.775364
19	55000001	19	59000001	9186.908067
19	56000001	19	59000001	11620.275547
19	57000001	19	59000001	24030.651954
19	58000001	19	59000001	114059.661565
19	59000001	19	59000001	564018.115441
