0	0	527861.734222
0	1000000	66988.673667
1000000	1000000	460306.614610
0	2000000	20346.453965
1000000	2000000	104687.551433
2000000	2000000	417739.699724
0	3000000	14290.407337
1000000	3000000	19398.906145
2000000	3000000	79806.638924
3000000	3000000	422990.245137
0	4000000	8319.916315
1000000	4000000	15161.271111
2000000	4000000	20918.683084
3000000	4000000	86870.129089
4000000	4000000	452073.770109
0	5000000	9352.119160
1000000	5000000	8031.881767
2000000	5000000	14276.794184
3000000	5000000	23317.536368
4000000	5000000	65666.649558
5000000	5000000	377321.873467
0	6000000	9660.782194
1000000	6000000	6662.799543
2000000	6000000	13045.146253
3000000	6000000	17145.303563
4000000	6000000	19303.688310
5000000	6000000	125010.411397
6000000	6000000	364475.448488
0	7000000	5473.927638
1000000	7000000	8735.071777
2000000	7000000	7846.253998
3000000	7000000	8535.785240
4000000	7000000	16696.565583
5000000	7000000	17818.771485
6000000	7000000	64223.292585
7000000	7000000	452439.693954
0	8000000	5369.436998
1000000	8000000	5417.347779
2000000	8000000	6184.174570
3000000	8000000	6913.506686
4000000	8000000	8192.043850
5000000	8000000	11506.370373
6000000	8000000	18679.693806
7000000	8000000	78909.798645
8000000	8000000	408379.480926
0	9000000	5359.533692
1000000	9000000	2743.457631
2000000	9000000	4936.346243
3000000	9000000	5915.986566
4000000	9000000	3770.499986
5000000	9000000	10235.238344
6000000	9000000	13874.061968
7000000	9000000	10665.938939
8000000	9000000	77680.639152
9000000	9000000	338209.387198
0	10000000	4228.873792
1000000	10000000	1807.756457
2000000	10000000	3533.841740
3000000	10000000	4486.008141
4000000	10000000	2255.857330
5000000	10000000	7007.264374
6000000	10000000	8359.663478
7000000	10000000	4199.337983
8000000	10000000	12540.101166
9000000	10000000	104544.618312
10000000	10000000	326921.778063
0	11000000	3297.672120
1000000	11000000	1265.468106
2000000	11000000	2475.856066
3000000	11000000	3208.441116
4000000	11000000	1500.654826
5000000	11000000	4545.881117
6000000	11000000	4938.002157
7000000	11000000	2190.872187
8000000	11000000	5054.838257
9000000	11000000	16786.103861
10000000	11000000	82214.288263
11000000	11000000	363111.806815
0	12000000	3090.503362
1000000	12000000	1558.662545
2000000	12000000	2681.193116
3000000	12000000	3270.827291
4000000	12000000	1743.575598
5000000	12000000	4172.962987
6000000	12000000	4734.762438
7000000	12000000	2425.378905
8000000	12000000	5763.027864
9000000	12000000	14659.766562
10000000	12000000	34332.195788
11000000	12000000	79101.948470
12000000	12000000	381268.826465
0	13000000	2729.494827
1000000	13000000	1131.987427
2000000	13000000	2029.772982
3000000	13000000	2673.900487
4000000	13000000	1205.642700
5000000	13000000	3336.107350
6000000	13000000	3677.642897
7000000	13000000	1493.420836
8000000	13000000	3291.585484
9000000	13000000	9314.084111
10000000	13000000	20788.118173
11000000	13000000	42957.045758
12000000	13000000	64297.796410
13000000	13000000	329400.637900
0	14000000	2576.706333
1000000	14000000	1048.511215
2000000	14000000	2059.254355
3000000	14000000	2631.358916
4000000	14000000	1112.874309
5000000	14000000	3372.537735
6000000	14000000	3544.546421
7000000	14000000	1417.755435
8000000	14000000	3152.411790
9000000	14000000	9169.734182
10000000	14000000	18597.057603
11000000	14000000	35407.569571
12000000	14000000	37405.460971
13000000	14000000	144774.053913
14000000	14000000	336709.858460
0	15000000	3451.501705
1000000	15000000	1577.333728
2000000	15000000	2756.153823
3000000	15000000	3323.899613
4000000	15000000	1638.268988
5000000	15000000	4335.986141
6000000	15000000	4816.245536
7000000	15000000	2289.080758
8000000	15000000	4998.312430
9000000	15000000	12912.708865
10000000	15000000	18637.830748
11000000	15000000	20529.350487
12000000	15000000	26297.356132
13000000	15000000	42736.391244
14000000	15000000	67365.678362
15000000	15000000	355919.563819
0	16000000	3284.609663
1000000	16000000	2979.804002
2000000	16000000	3439.636813
3000000	16000000	3620.394924
4000000	16000000	3496.386691
5000000	16000000	4342.103478
6000000	16000000	4407.761002
7000000	16000000	4782.589016
8000000	16000000	7781.049527
9000000	16000000	8642.260527
10000000	16000000	7031.481395
11000000	16000000	5150.230903
12000000	16000000	8535.592512
13000000	16000000	6863.065491
14000000	16000000	8172.932202
15000000	16000000	61422.037723
16000000	16000000	390433.993290
0	17000000	3341.869176
1000000	17000000	3307.627451
2000000	17000000	3519.107090
3000000	17000000	3312.800674
4000000	17000000	3640.776461
5000000	17000000	3919.035326
6000000	17000000	4640.146714
7000000	17000000	5438.783040
8000000	17000000	6994.066392
9000000	17000000	6897.232669
10000000	17000000	4696.454707
11000000	17000000	2805.667950
12000000	17000000	4413.304882
13000000	17000000	3665.740817
14000000	17000000	4234.921484
15000000	17000000	12207.393239
16000000	17000000	93659.231062
17000000	17000000	399293.960912
0	18000000	2771.608938
1000000	18000000	3225.116950
2000000	18000000	2972.429276
3000000	18000000	2961.310620
4000000	18000000	3747.973724
5000000	18000000	3150.607310
6000000	18000000	3316.694524
7000000	18000000	5234.500476
8000000	18000000	5973.602247
9000000	18000000	4605.832971
10000000	18000000	2934.362474
11000000	18000000	2020.612646
12000000	18000000	2979.131873
13000000	18000000	2295.158395
14000000	18000000	2683.808692
15000000	18000000	7841.581768
16000000	18000000	25709.215451
17000000	18000000	79595.417428
18000000	18000000	474728.715920
0	19000000	3252.480679
1000000	19000000	2249.248259
2000000	19000000	2754.533238
3000000	19000000	2883.008359
4000000	19000000	2374.679874
5000000	19000000	3599.138910
6000000	19000000	4382.488135
7000000	19000000	3443.135380
8000000	19000000	6371.918578
9000000	19000000	8517.611562
10000000	19000000	6312.072261
11000000	19000000	4037.675580
12000000	19000000	5746.380800
13000000	19000000	4646.498578
14000000	19000000	5192.583208
15000000	19000000	11669.884836
16000000	19000000	17914.716413
17000000	19000000	23706.318604
18000000	19000000	41640.913410
19000000	19000000	414526.843810
0	20000000	2822.689444
1000000	20000000	1671.313857
2000000	20000000	2337.081067
3000000	20000000	2430.178501
4000000	20000000	1770.684346
5000000	20000000	3390.753251
6000000	20000000	3775.387250
7000000	20000000	2326.949750
8000000	20000000	5032.834024
9000000	20000000	9487.566696
10000000	20000000	9269.873610
11000000	20000000	6054.201032
12000000	20000000	8203.643465
13000000	20000000	6685.923955
14000000	20000000	7283.956932
15000000	20000000	14386.355103
16000000	20000000	13092.664157
17000000	20000000	12429.900451
18000000	20000000	12357.925605
19000000	20000000	88483.379491
20000000	20000000	383628.676869
0	21000000	3074.947101
1000000	21000000	1210.097501
2000000	21000000	2202.830368
3000000	21000000	2509.792977
4000000	21000000	1307.475417
5000000	21000000	3299.641942
6000000	21000000	3608.048898
7000000	21000000	1753.503273
8000000	21000000	3671.181763
9000000	21000000	8790.331995
10000000	21000000	14137.722767
11000000	21000000	18159.664604
12000000	21000000	14095.329727
13000000	21000000	15822.638626
14000000	21000000	16596.100303
15000000	21000000	17372.059769
16000000	21000000	8565.723318
17000000	21000000	6451.756891
18000000	21000000	5919.666597
19000000	21000000	17107.975521
20000000	21000000	86625.369269
21000000	21000000	359168.034975
0	22000000	1036.758562
1000000	22000000	297.392542
2000000	22000000	723.831114
3000000	22000000	941.033250
4000000	22000000	327.847754
5000000	22000000	1289.345253
6000000	22000000	1330.426269
7000000	22000000	551.749978
8000000	22000000	1025.130333
9000000	22000000	3177.242544
10000000	22000000	6510.507514
11000000	22000000	15163.518499
12000000	22000000	6605.499990
13000000	22000000	12215.522745
14000000	22000000	11886.259590
15000000	22000000	6358.638367
16000000	22000000	1758.088690
17000000	22000000	1283.347802
18000000	22000000	1284.327480
19000000	22000000	3051.491798
20000000	22000000	5535.304635
21000000	22000000	74696.613370
22000000	22000000	595975.890199
0	25000000	1973.540122
1000000	25000000	1205.542359
2000000	25000000	1760.332472
3000000	25000000	2075.458943
4000000	25000000	1342.544485
5000000	25000000	2557.887322
6000000	25000000	2839.373622
7000000	25000000	1840.091800
8000000	25000000	3857.733088
9000000	25000000	7091.244017
10000000	25000000	8429.260238
11000000	25000000	7217.814689
12000000	25000000	8373.024463
13000000	25000000	6110.696595
14000000	25000000	5940.609749
15000000	25000000	7933.335137
16000000	25000000	5766.408467
17000000	25000000	3839.643244
18000000	25000000	3444.415915
19000000	25000000	6573.269450
20000000	25000000	10148.647068
21000000	25000000	15420.480743
22000000	25000000	6034.396320
25000000	25000000	462044.477452
0	26000000	2370.201272
1000000	26000000	2563.958282
2000000	26000000	2655.807461
3000000	26000000	2713.825751
4000000	26000000	2859.219031
5000000	26000000	3284.746569
6000000	26000000	3561.899951
7000000	26000000	4306.684303
8000000	26000000	6250.735028
9000000	26000000	6533.451883
10000000	26000000	4998.269633
11000000	26000000	2890.393115
12000000	26000000	4370.319644
13000000	26000000	2652.312824
14000000	26000000	2891.885537
15000000	26000000	5209.803306
16000000	26000000	7047.556910
17000000	26000000	6447.765860
18000000	26000000	6170.585588
19000000	26000000	8121.516943
20000000	26000000	8584.920909
21000000	26000000	7409.166886
22000000	26000000	2061.572723
25000000	26000000	78561.224573
26000000	26000000	385770.519993
0	27000000	1844.836830
1000000	27000000	3102.490384
2000000	27000000	2438.132410
3000000	27000000	2443.336958
4000000	27000000	3490.986367
5000000	27000000	2446.653890
6000000	27000000	2508.652074
7000000	27000000	4817.418548
8000000	27000000	4140.008164
9000000	27000000	2296.015136
10000000	27000000	1298.152375
11000000	27000000	703.665723
12000000	27000000	1083.367073
13000000	27000000	674.555235
14000000	27000000	724.188270
15000000	27000000	1685.689514
16000000	27000000	4104.784659
17000000	27000000	4838.631863
18000000	27000000	5418.852488
19000000	27000000	4409.422515
20000000	27000000	3313.150561
21000000	27000000	1986.049505
22000000	27000000	589.576573
25000000	27000000	9164.775801
26000000	27000000	59963.411358
27000000	27000000	415364.014559
0	28000000	1401.380062
1000000	28000000	2008.580532
2000000	28000000	1719.267816
3000000	28000000	1670.261370
4000000	28000000	2094.826744
5000000	28000000	1674.806066
6000000	28000000	1660.709175
7000000	28000000	2310.875059
8000000	28000000	2202.309520
9000000	28000000	1742.117649
10000000	28000000	1048.225584
11000000	28000000	621.351032
12000000	28000000	927.090857
13000000	28000000	648.936087
14000000	28000000	682.607148
15000000	28000000	1281.273872
16000000	28000000	2776.341736
17000000	28000000	3055.644586
18000000	28000000	3313.568075
19000000	28000000	3034.695092
20000000	28000000	2368.387131
21000000	28000000	1469.148276
22000000	28000000	589.881644
25000000	28000000	5544.365256
26000000	28000000	12594.402583
27000000	28000000	91473.646514
28000000	28000000	449850.177500
0	29000000	1540.402912
1000000	29000000	2071.498907
2000000	29000000	1843.873752
3000000	29000000	1825.559185
4000000	29000000	2233.761700
5000000	29000000	1872.384101
6000000	29000000	1807.204503
7000000	29000000	2291.132151
8000000	29000000	2318.143287
9000000	29000000	1712.300955
10000000	29000000	1011.799684
11000000	29000000	666.216719
12000000	29000000	979.521211
13000000	29000000	622.269530
14000000	29000000	684.565579
15000000	29000000	1383.830684
16000000	29000000	2753.644643
17000000	29000000	2971.652196
18000000	29000000	3088.479758
19000000	29000000	2783.859209
20000000	29000000	2094.837393
21000000	29000000	1495.176416
22000000	29000000	494.540433
25000000	29000000	4966.083560
26000000	29000000	9878.341009
27000000	29000000	22758.116015
28000000	29000000	74822.243319
29000000	29000000	424859.035397
0	30000000	1751.531752
1000000	30000000	2080.839577
2000000	30000000	2078.892680
3000000	30000000	2038.217286
4000000	30000000	2117.057189
5000000	30000000	2492.871338
6000000	30000000	2362.186932
7000000	30000000	2277.558398
8000000	30000000	2688.764690
9000000	30000000	2446.818336
10000000	30000000	1715.073881
11000000	30000000	983.132740
12000000	30000000	1473.576529
13000000	30000000	1006.264802
14000000	30000000	1012.794577
15000000	30000000	2073.920266
16000000	30000000	3327.260190
17000000	30000000	3190.974658
18000000	30000000	3283.273940
19000000	30000000	3433.764424
20000000	30000000	2955.763513
21000000	30000000	2043.355393
22000000	30000000	615.647897
25000000	30000000	5847.308081
26000000	30000000	10027.448117
27000000	30000000	13664.174818
28000000	30000000	18439.795339
29000000	30000000	95176.153037
30000000	30000000	374740.021244
0	31000000	2173.680416
1000000	31000000	995.438751
2000000	31000000	1922.685846
3000000	31000000	2158.775560
4000000	31000000	1062.775068
5000000	31000000	3438.853746
6000000	31000000	3728.692845
7000000	31000000	1224.652256
8000000	31000000	2268.859356
9000000	31000000	4527.911390
10000000	31000000	4095.530927
11000000	31000000	2843.980142
12000000	31000000	2811.185450
13000000	31000000	2607.171727
14000000	31000000	2896.882702
15000000	31000000	3860.584844
16000000	31000000	2380.689039
17000000	31000000	2605.133008
18000000	31000000	1924.983936
19000000	31000000	3531.521552
20000000	31000000	4004.947528
21000000	31000000	4077.244191
22000000	31000000	1604.666743
25000000	31000000	6836.691793
26000000	31000000	7320.756652
27000000	31000000	4902.335679
28000000	31000000	5682.500816
29000000	31000000	11009.857914
30000000	31000000	77270.847603
31000000	31000000	360581.333902
0	32000000	2148.932784
1000000	32000000	782.878021
2000000	32000000	1713.810295
3000000	32000000	1971.139233
4000000	32000000	893.488068
5000000	32000000	3269.097393
6000000	32000000	3708.341484
7000000	32000000	1012.136261
8000000	32000000	2062.426725
9000000	32000000	4509.716593
10000000	32000000	4010.870672
11000000	32000000	2717.151406
12000000	32000000	2616.757854
13000000	32000000	2542.450962
14000000	32000000	2739.223825
15000000	32000000	3733.094880
16000000	32000000	2057.058241
17000000	32000000	2393.871770
18000000	32000000	1642.786407
19000000	32000000	3477.316522
20000000	32000000	3546.186279
21000000	32000000	3819.443253
22000000	32000000	1739.266295
25000000	32000000	5863.534859
26000000	32000000	5790.750552
27000000	32000000	3517.962319
28000000	32000000	3766.950458
29000000	32000000	6336.337027
30000000	32000000	15606.296318
31000000	32000000	99681.296347
32000000	32000000	361056.739987
0	33000000	1898.278981
1000000	33000000	1434.337566
2000000	33000000	1883.291061
3000000	33000000	2003.347545
4000000	33000000	1594.812506
5000000	33000000	2627.121645
6000000	33000000	2880.692822
7000000	33000000	1712.292830
8000000	33000000	2542.586145
9000000	33000000	3112.660435
10000000	33000000	2327.414785
11000000	33000000	1447.293880
12000000	33000000	1853.312820
13000000	33000000	1436.023541
14000000	33000000	1442.270938
15000000	33000000	2376.240415
16000000	33000000	2699.889542
17000000	33000000	2667.373718
18000000	33000000	2266.047253
19000000	33000000	3184.231413
20000000	33000000	3005.781955
21000000	33000000	2572.745827
22000000	33000000	826.797446
25000000	33000000	4619.393736
26000000	33000000	5797.502588
27000000	33000000	4912.879800
28000000	33000000	4994.854592
29000000	33000000	7396.415566
30000000	33000000	15059.203992
31000000	33000000	32018.587348
32000000	33000000	98741.951802
33000000	33000000	364929.237437
0	34000000	1618.907162
1000000	34000000	1723.127672
2000000	34000000	1899.371410
3000000	34000000	1725.948880
4000000	34000000	1760.500110
5000000	34000000	2020.256638
6000000	34000000	2010.979570
7000000	34000000	1879.394527
8000000	34000000	2461.684728
9000000	34000000	1974.306436
10000000	34000000	1220.405893
11000000	34000000	681.730153
12000000	34000000	958.406972
13000000	34000000	622.801553
14000000	34000000	724.883407
15000000	34000000	1411.756056
16000000	34000000	2404.463234
17000000	34000000	2614.699437
18000000	34000000	2341.320336
19000000	34000000	2617.908791
20000000	34000000	1901.360110
21000000	34000000	1356.344883
22000000	34000000	487.986241
25000000	34000000	2999.141957
26000000	34000000	4498.846777
27000000	34000000	5230.584331
28000000	34000000	5057.473157
29000000	34000000	6950.191775
30000000	34000000	11671.413829
31000000	34000000	12558.355570
32000000	34000000	20542.929040
33000000	34000000	80776.032563
34000000	34000000	404085.660142
0	35000000	2017.769303
1000000	35000000	1880.978721
2000000	35000000	1990.961528
3000000	35000000	1939.261323
4000000	35000000	2073.352825
5000000	35000000	2325.646199
6000000	35000000	2319.191464
7000000	35000000	1940.073447
8000000	35000000	2205.309962
9000000	35000000	1933.966484
10000000	35000000	1195.711466
11000000	35000000	677.145257
12000000	35000000	910.550442
13000000	35000000	744.216754
14000000	35000000	759.804179
15000000	35000000	1393.967254
16000000	35000000	2275.262275
17000000	35000000	2768.602750
18000000	35000000	2449.400696
19000000	35000000	2615.303316
20000000	35000000	1981.876353
21000000	35000000	1208.374346
22000000	35000000	402.782485
25000000	35000000	2358.935240
26000000	35000000	4208.778423
27000000	35000000	5693.210067
28000000	35000000	5467.056333
29000000	35000000	6949.435735
30000000	35000000	9862.520618
31000000	35000000	10671.884765
32000000	35000000	13222.025581
33000000	35000000	19770.584756
34000000	35000000	87828.139026
35000000	35000000	394027.404408
0	36000000	1739.069801
1000000	36000000	2522.349323
2000000	36000000	2038.930992
3000000	36000000	1906.047578
4000000	36000000	2545.202635
5000000	36000000	1859.184655
6000000	36000000	1801.709449
7000000	36000000	2866.278801
8000000	36000000	2259.176773
9000000	36000000	1274.230835
10000000	36000000	793.971233
11000000	36000000	499.499327
12000000	36000000	624.996593
13000000	36000000	443.856058
14000000	36000000	488.032778
15000000	36000000	825.199364
16000000	36000000	2030.389822
17000000	36000000	2520.417066
18000000	36000000	2453.566454
19000000	36000000	1984.137031
20000000	36000000	1331.586583
21000000	36000000	790.843479
22000000	36000000	230.107659
25000000	36000000	1950.760627
26000000	36000000	3798.659418
27000000	36000000	5673.277018
28000000	36000000	4938.458202
29000000	36000000	5656.483975
30000000	36000000	6554.625103
31000000	36000000	4769.186030
32000000	36000000	5096.175843
33000000	36000000	8997.268506
34000000	36000000	20067.459189
35000000	36000000	73417.016946
36000000	36000000	422341.309661
0	37000000	1797.651828
1000000	37000000	2473.704732
2000000	37000000	2181.672190
3000000	37000000	2016.000374
4000000	37000000	2651.279677
5000000	37000000	1989.889301
6000000	37000000	1865.698753
7000000	37000000	2767.120537
8000000	37000000	2311.512105
9000000	37000000	1267.910872
10000000	37000000	796.533596
11000000	37000000	510.621873
12000000	37000000	642.590980
13000000	37000000	494.970692
14000000	37000000	481.384407
15000000	37000000	930.342053
16000000	37000000	2035.010534
17000000	37000000	2422.506951
18000000	37000000	2547.678126
19000000	37000000	1938.673846
20000000	37000000	1344.934325
21000000	37000000	860.407139
22000000	37000000	310.889184
25000000	37000000	1887.179325
26000000	37000000	3645.039514
27000000	37000000	5522.162036
28000000	37000000	4643.742441
29000000	37000000	5267.149851
30000000	37000000	6042.066075
31000000	37000000	3862.779681
32000000	37000000	3936.195050
33000000	37000000	6759.662152
34000000	37000000	10413.679332
35000000	37000000	18425.679136
36000000	37000000	83873.869108
37000000	37000000	405879.979258
0	38000000	1553.216319
1000000	38000000	2215.971822
2000000	38000000	2002.797687
3000000	38000000	2047.956243
4000000	38000000	2205.667657
5000000	38000000	2010.037311
6000000	38000000	1903.129953
7000000	38000000	2423.842550
8000000	38000000	2370.367856
9000000	38000000	1514.903654
10000000	38000000	1007.812021
11000000	38000000	598.663122
12000000	38000000	894.276540
13000000	38000000	562.464444
14000000	38000000	626.352651
15000000	38000000	1141.550903
16000000	38000000	2078.538177
17000000	38000000	2137.287763
18000000	38000000	2186.252663
19000000	38000000	1812.416211
20000000	38000000	1394.291775
21000000	38000000	1138.483844
22000000	38000000	305.795271
25000000	38000000	2387.303548
26000000	38000000	3481.490859
27000000	38000000	4116.019203
28000000	38000000	3519.508999
29000000	38000000	4131.111492
30000000	38000000	5294.373465
31000000	38000000	3955.245841
32000000	38000000	3960.596952
33000000	38000000	6265.268822
34000000	38000000	7699.125059
35000000	38000000	9328.133464
36000000	38000000	16283.525671
37000000	38000000	83475.373238
38000000	38000000	413772.347154
0	39000000	2485.557921
1000000	39000000	1521.981934
2000000	39000000	2311.270689
3000000	39000000	2450.396638
4000000	39000000	1519.083530
5000000	39000000	3253.404741
6000000	39000000	3791.039565
7000000	39000000	1884.963622
8000000	39000000	2461.298659
9000000	39000000	2855.458918
10000000	39000000	2209.580902
11000000	39000000	1505.975891
12000000	39000000	1557.485538
13000000	39000000	1522.867555
14000000	39000000	1471.293037
15000000	39000000	2114.612864
16000000	39000000	1980.657582
17000000	39000000	2346.589134
18000000	39000000	1773.998888
19000000	39000000	2520.209399
20000000	39000000	2205.262561
21000000	39000000	2015.707396
22000000	39000000	903.497451
25000000	39000000	2831.020371
26000000	39000000	3585.428435
27000000	39000000	3148.624335
28000000	39000000	2696.822226
29000000	39000000	3400.552762
30000000	39000000	4645.269274
31000000	39000000	9439.028840
32000000	39000000	10433.785589
33000000	39000000	7770.559443
34000000	39000000	6288.729522
35000000	39000000	8897.393129
36000000	39000000	8813.707471
37000000	39000000	16137.749371
38000000	39000000	86586.346728
39000000	39000000	407721.090398
0	40000000	1610.831723
1000000	40000000	3048.629011
2000000	40000000	2336.430928
3000000	40000000	2126.046731
4000000	40000000	3190.271329
5000000	40000000	2025.159349
6000000	40000000	1664.112343
7000000	40000000	3524.894838
8000000	40000000	2500.655153
9000000	40000000	1130.662537
10000000	40000000	679.536460
11000000	40000000	413.928188
12000000	40000000	593.290378
13000000	40000000	379.445243
14000000	40000000	406.507974
15000000	40000000	808.160222
16000000	40000000	2106.072657
17000000	40000000	2391.043980
18000000	40000000	2946.227521
19000000	40000000	1814.348930
20000000	40000000	1206.699535
21000000	40000000	806.123636
22000000	40000000	213.968593
25000000	40000000	1955.364152
26000000	40000000	3799.826152
27000000	40000000	5215.090887
28000000	40000000	3734.025538
29000000	40000000	4041.894063
30000000	40000000	4311.421829
31000000	40000000	2193.903374
32000000	40000000	1972.821777
33000000	40000000	3869.307441
34000000	40000000	4928.823398
35000000	40000000	6155.853352
36000000	40000000	9685.839369
37000000	40000000	14764.134945
38000000	40000000	22608.501480
39000000	40000000	52330.155976
40000000	40000000	444898.967849
0	41000000	2483.865649
1000000	41000000	2446.479460
2000000	41000000	2358.516226
3000000	41000000	2345.121852
4000000	41000000	2777.596453
5000000	41000000	2634.610289
6000000	41000000	2726.552392
7000000	41000000	3035.998385
8000000	41000000	2791.110029
9000000	41000000	1850.918535
10000000	41000000	1401.600528
11000000	41000000	1168.565720
12000000	41000000	1362.837221
13000000	41000000	1016.742046
14000000	41000000	967.754825
15000000	41000000	1483.370920
16000000	41000000	2576.165072
17000000	41000000	2758.226247
18000000	41000000	3524.612868
19000000	41000000	3164.912568
20000000	41000000	2053.204847
21000000	41000000	1872.039746
22000000	41000000	666.645038
25000000	41000000	3038.485146
26000000	41000000	4087.541845
27000000	41000000	4343.773196
28000000	41000000	3307.467291
29000000	41000000	3721.139833
30000000	41000000	4217.026860
31000000	41000000	3679.843935
32000000	41000000	3665.578126
33000000	41000000	4551.642247
34000000	41000000	4868.764239
35000000	41000000	6122.406050
36000000	41000000	7261.403913
37000000	41000000	9515.732371
38000000	41000000	10457.161101
39000000	41000000	16447.763407
40000000	41000000	75861.855618
41000000	41000000	404628.797796
0	42000000	1966.051455
1000000	42000000	2714.723624
2000000	42000000	2328.100513
3000000	42000000	2025.797510
4000000	42000000	2862.206953
5000000	42000000	2023.752280
6000000	42000000	2270.211060
7000000	42000000	3290.654051
8000000	42000000	2425.951797
9000000	42000000	1340.090052
10000000	42000000	781.387993
11000000	42000000	506.826888
12000000	42000000	672.326394
13000000	42000000	474.355707
14000000	42000000	471.702360
15000000	42000000	873.528380
16000000	42000000	1997.599894
17000000	42000000	2550.650174
18000000	42000000	2741.328041
19000000	42000000	2041.502954
20000000	42000000	1321.044819
21000000	42000000	859.410762
22000000	42000000	197.810847
25000000	42000000	1642.425683
26000000	42000000	3345.747395
27000000	42000000	4571.181812
28000000	42000000	3502.294376
29000000	42000000	3666.454569
30000000	42000000	3790.390001
31000000	42000000	2519.444519
32000000	42000000	2517.614673
33000000	42000000	3557.960767
34000000	42000000	4179.347907
35000000	42000000	5403.809395
36000000	42000000	6910.270539
37000000	42000000	7916.825667
38000000	42000000	7318.076657
39000000	42000000	8463.646347
40000000	42000000	17993.267859
41000000	42000000	67506.198370
42000000	42000000	409750.630518
0	43000000	1761.156576
1000000	43000000	1982.024773
2000000	43000000	1892.296571
3000000	43000000	1989.900111
4000000	43000000	2080.754168
5000000	43000000	2000.724487
6000000	43000000	2182.715393
7000000	43000000	2305.627453
8000000	43000000	1981.034701
9000000	43000000	1374.863229
10000000	43000000	896.768229
11000000	43000000	475.677653
12000000	43000000	690.056861
13000000	43000000	537.528025
14000000	43000000	494.460835
15000000	43000000	858.492326
16000000	43000000	1754.452933
17000000	43000000	2088.921722
18000000	43000000	2076.194478
19000000	43000000	1826.397900
20000000	43000000	1310.520900
21000000	43000000	854.570420
22000000	43000000	219.295892
25000000	43000000	1419.215031
26000000	43000000	2629.917394
27000000	43000000	3333.206408
28000000	43000000	2648.162673
29000000	43000000	3145.426112
30000000	43000000	3277.371471
31000000	43000000	2995.916580
32000000	43000000	3257.521763
33000000	43000000	3441.219743
34000000	43000000	3621.799023
35000000	43000000	4712.051238
36000000	43000000	5316.114326
37000000	43000000	5446.138212
38000000	43000000	5475.496449
39000000	43000000	7298.988351
40000000	43000000	9184.298953
41000000	43000000	15974.206563
42000000	43000000	85534.338157
43000000	43000000	423333.674570
0	44000000	1499.964125
1000000	44000000	1540.346240
2000000	44000000	1562.587415
3000000	44000000	1585.263204
4000000	44000000	1558.312574
5000000	44000000	1652.152638
6000000	44000000	1683.424033
7000000	44000000	1482.346837
8000000	44000000	1465.955568
9000000	44000000	1362.494884
10000000	44000000	833.319905
11000000	44000000	437.952736
12000000	44000000	675.607220
13000000	44000000	505.668693
14000000	44000000	501.288218
15000000	44000000	872.187317
16000000	44000000	1644.133687
17000000	44000000	1812.589228
18000000	44000000	1822.389843
19000000	44000000	1934.571981
20000000	44000000	1425.168070
21000000	44000000	887.227165
22000000	44000000	233.631808
25000000	44000000	1404.342675
26000000	44000000	2300.953726
27000000	44000000	2842.363939
28000000	44000000	2947.184648
29000000	44000000	3215.056399
30000000	44000000	3380.860100
31000000	44000000	2922.761175
32000000	44000000	2959.062539
33000000	44000000	3305.872571
34000000	44000000	3543.859346
35000000	44000000	4772.139679
36000000	44000000	4627.387858
37000000	44000000	4568.376017
38000000	44000000	4217.049138
39000000	44000000	5622.579685
40000000	44000000	5608.692708
41000000	44000000	9455.481765
42000000	44000000	17461.268148
43000000	44000000	71793.616092
44000000	44000000	457598.350128
0	45000000	1288.792232
1000000	45000000	1772.708474
2000000	45000000	1546.731379
3000000	45000000	1468.069394
4000000	45000000	1879.899671
5000000	45000000	1534.964608
6000000	45000000	1434.667732
7000000	45000000	1846.911144
8000000	45000000	1620.749510
9000000	45000000	1073.527906
10000000	45000000	618.201505
11000000	45000000	399.079825
12000000	45000000	609.350173
13000000	45000000	418.026717
14000000	45000000	400.387035
15000000	45000000	789.519107
16000000	45000000	1734.036244
17000000	45000000	1833.563505
18000000	45000000	1986.982035
19000000	45000000	1657.285366
20000000	45000000	1243.192951
21000000	45000000	635.092163
22000000	45000000	162.870131
25000000	45000000	1295.810171
26000000	45000000	2440.626320
27000000	45000000	3696.146056
28000000	45000000	3244.027110
29000000	45000000	3548.511276
30000000	45000000	3718.080932
31000000	45000000	2027.088632
32000000	45000000	1948.299526
33000000	45000000	2874.321251
34000000	45000000	3450.600868
35000000	45000000	4414.875590
36000000	45000000	4512.292120
37000000	45000000	4590.975807
38000000	45000000	4234.025231
39000000	45000000	3832.789747
40000000	45000000	5839.880003
41000000	45000000	7710.025257
42000000	45000000	11721.300574
43000000	45000000	17632.772676
44000000	45000000	60874.969336
45000000	45000000	448967.039765
0	46000000	1075.419463
1000000	46000000	1511.700462
2000000	46000000	1350.570890
3000000	46000000	1226.659140
4000000	46000000	1536.549368
5000000	46000000	1303.881102
6000000	46000000	1361.123620
7000000	46000000	1773.058487
8000000	46000000	1657.961892
9000000	46000000	1224.175757
10000000	46000000	781.026825
11000000	46000000	399.479394
12000000	46000000	636.530041
13000000	46000000	377.072708
14000000	46000000	416.871209
15000000	46000000	697.399831
16000000	46000000	1564.550566
17000000	46000000	1921.769521
18000000	46000000	1877.186250
19000000	46000000	1782.482621
20000000	46000000	1425.976969
21000000	46000000	770.683658
22000000	46000000	130.802639
25000000	46000000	1308.809465
26000000	46000000	2401.859255
27000000	46000000	2987.808310
28000000	46000000	2849.444786
29000000	46000000	3002.131727
30000000	46000000	2928.890862
31000000	46000000	2051.052627
32000000	46000000	1945.413061
33000000	46000000	2668.650269
34000000	46000000	3036.975181
35000000	46000000	3557.061016
36000000	46000000	3623.603168
37000000	46000000	3711.514652
38000000	46000000	3628.191636
39000000	46000000	3363.602368
40000000	46000000	4576.608404
41000000	46000000	5505.635433
42000000	46000000	7362.803851
43000000	46000000	8312.817981
44000000	46000000	13078.361950
45000000	46000000	72979.695653
46000000	46000000	458139.108173
0	47000000	1483.100547
1000000	47000000	1825.916798
2000000	47000000	1532.274195
3000000	47000000	1498.908053
4000000	47000000	1846.059273
5000000	47000000	1633.764855
6000000	47000000	1826.600158
7000000	47000000	2250.154389
8000000	47000000	2170.267355
9000000	47000000	1480.241288
10000000	47000000	820.421579
11000000	47000000	490.789696
12000000	47000000	718.994719
13000000	47000000	400.811982
14000000	47000000	445.335555
15000000	47000000	925.768545
16000000	47000000	2188.586386
17000000	47000000	2579.509425
18000000	47000000	2521.965004
19000000	47000000	2233.951478
20000000	47000000	1491.058746
21000000	47000000	868.736630
22000000	47000000	237.575955
25000000	47000000	1487.404653
26000000	47000000	3107.603663
27000000	47000000	4070.356708
28000000	47000000	3169.304369
29000000	47000000	3206.364611
30000000	47000000	3267.408315
31000000	47000000	2268.904103
32000000	47000000	2288.721128
33000000	47000000	2839.488508
34000000	47000000	3185.277129
35000000	47000000	3785.767119
36000000	47000000	3945.463564
37000000	47000000	4145.243900
38000000	47000000	3629.042495
39000000	47000000	4180.633746
40000000	47000000	4566.721295
41000000	47000000	6253.058323
42000000	47000000	7996.497632
43000000	47000000	8569.099235
44000000	47000000	11070.075917
45000000	47000000	22026.923248
46000000	47000000	77914.060631
47000000	47000000	413763.233378
0	48000000	1643.368913
1000000	48000000	1920.904930
2000000	48000000	1633.409735
3000000	48000000	1519.136864
4000000	48000000	1998.793965
5000000	48000000	1667.253088
6000000	48000000	1748.573439
7000000	48000000	2514.431975
8000000	48000000	2884.422199
9000000	48000000	2238.640037
10000000	48000000	1352.435093
11000000	48000000	664.679630
12000000	48000000	1054.763120
13000000	48000000	710.061207
14000000	48000000	663.565830
15000000	48000000	1485.648555
16000000	48000000	3295.678193
17000000	48000000	3745.146967
18000000	48000000	3537.315306
19000000	48000000	3413.923382
20000000	48000000	2532.209983
21000000	48000000	1588.252133
22000000	48000000	275.184764
25000000	48000000	2802.602640
26000000	48000000	5135.474641
27000000	48000000	5092.432980
28000000	48000000	3491.237644
29000000	48000000	3319.432922
30000000	48000000	3720.679459
31000000	48000000	2462.924373
32000000	48000000	2399.455299
33000000	48000000	3177.438975
34000000	48000000	3470.450868
35000000	48000000	3836.125619
36000000	48000000	3867.366055
37000000	48000000	3925.835372
38000000	48000000	3448.169015
39000000	48000000	3677.272410
40000000	48000000	4772.229629
41000000	48000000	5861.474007
42000000	48000000	7173.442026
43000000	48000000	7216.557098
44000000	48000000	8671.729043
45000000	48000000	12079.025740
46000000	48000000	17338.008309
47000000	48000000	80821.283918
48000000	48000000	382558.476224
0	49000000	1272.488915
1000000	49000000	870.031286
2000000	49000000	1229.923780
3000000	49000000	1281.485436
4000000	49000000	871.935429
5000000	49000000	1687.052876
6000000	49000000	1757.626145
7000000	49000000	1054.706874
8000000	49000000	1940.775791
9000000	49000000	3725.467341
10000000	49000000	4550.881081
11000000	49000000	3531.043624
12000000	49000000	3830.703072
13000000	49000000	3202.965370
14000000	49000000	3305.455088
15000000	49000000	4700.186939
16000000	49000000	3062.014628
17000000	49000000	2247.365590
18000000	49000000	1875.409054
19000000	49000000	3145.621116
20000000	49000000	4173.224487
21000000	49000000	4982.249260
22000000	49000000	1618.880384
25000000	49000000	5452.052524
26000000	49000000	4693.646922
27000000	49000000	2314.935641
28000000	49000000	1854.067900
29000000	49000000	1810.222834
30000000	49000000	2581.844218
31000000	49000000	4053.302604
32000000	49000000	4129.716751
33000000	49000000	3300.012299
34000000	49000000	2164.064939
35000000	49000000	2461.178727
36000000	49000000	1764.727416
37000000	49000000	2019.325301
38000000	49000000	2280.630051
39000000	49000000	3749.601870
40000000	49000000	2422.267656
41000000	49000000	3669.527812
42000000	49000000	3292.238030
43000000	49000000	3361.500757
44000000	49000000	4233.880261
45000000	49000000	4899.022268
46000000	49000000	5681.972679
47000000	49000000	8661.885201
48000000	49000000	65895.407901
49000000	49000000	335896.050830
0	50000000	819.222385
1000000	50000000	246.477860
2000000	50000000	554.404698
3000000	50000000	803.313146
4000000	50000000	224.915751
5000000	50000000	1112.454636
6000000	50000000	1250.251613
7000000	50000000	327.740779
8000000	50000000	704.607265
9000000	50000000	2505.707132
10000000	50000000	4529.034369
11000000	50000000	7660.721977
12000000	50000000	4574.615963
13000000	50000000	6569.527418
14000000	50000000	6672.960939
15000000	50000000	4164.492275
16000000	50000000	917.254837
17000000	50000000	676.550116
18000000	50000000	411.722789
19000000	50000000	1366.034474
20000000	50000000	2221.938043
21000000	50000000	6224.588402
22000000	50000000	5615.872777
25000000	50000000	3865.449424
26000000	50000000	1919.879041
27000000	50000000	516.482204
28000000	50000000	544.807525
29000000	50000000	555.546802
30000000	50000000	882.588961
31000000	50000000	3259.580968
32000000	50000000	3295.483004
33000000	50000000	1603.936349
34000000	50000000	778.073218
35000000	50000000	1012.570652
36000000	50000000	638.384641
37000000	50000000	790.427380
38000000	50000000	987.923630
39000000	50000000	2770.053996
40000000	50000000	756.635280
41000000	50000000	2012.310464
42000000	50000000	1305.666542
43000000	50000000	1583.835719
44000000	50000000	1697.301499
45000000	50000000	1590.908474
46000000	50000000	1801.253116
47000000	50000000	2730.826827
48000000	50000000	4604.735056
49000000	50000000	62729.043144
50000000	50000000	342288.860531
0	51000000	628.965721
1000000	51000000	205.566144
2000000	51000000	432.336044
3000000	51000000	668.204140
4000000	51000000	224.486448
5000000	51000000	857.895387
6000000	51000000	879.427336
7000000	51000000	218.195794
8000000	51000000	585.056692
9000000	51000000	1850.645806
10000000	51000000	3851.087073
11000000	51000000	7712.957635
12000000	51000000	4269.737632
13000000	51000000	7195.287644
14000000	51000000	7109.867032
15000000	51000000	3639.625550
16000000	51000000	824.357722
17000000	51000000	525.132466
18000000	51000000	334.745353
19000000	51000000	1037.929665
20000000	51000000	1699.085025
21000000	51000000	6013.932074
22000000	51000000	7113.878873
25000000	51000000	3278.595292
26000000	51000000	1498.666869
27000000	51000000	401.376647
28000000	51000000	457.494015
29000000	51000000	502.231151
30000000	51000000	720.228064
31000000	51000000	2418.753873
32000000	51000000	2305.448285
33000000	51000000	1219.690124
34000000	51000000	677.680699
35000000	51000000	801.894846
36000000	51000000	536.405779
37000000	51000000	725.492533
38000000	51000000	839.119720
39000000	51000000	2068.991652
40000000	51000000	709.925516
41000000	51000000	1731.634053
42000000	51000000	988.061628
43000000	51000000	1276.885886
44000000	51000000	1338.518122
45000000	51000000	1199.564056
46000000	51000000	1364.131570
47000000	51000000	1974.791083
48000000	51000000	2903.232607
49000000	51000000	23206.626887
50000000	51000000	110519.295760
51000000	51000000	358849.064103
0	52000000	741.768948
1000000	52000000	210.970309
2000000	52000000	508.034682
3000000	52000000	706.886519
4000000	52000000	212.683114
5000000	52000000	904.020762
6000000	52000000	953.786573
7000000	52000000	254.966282
8000000	52000000	638.229384
9000000	52000000	2135.670654
10000000	52000000	4302.486013
11000000	52000000	7505.008972
12000000	52000000	4552.416281
13000000	52000000	6655.772947
14000000	52000000	6523.424482
15000000	52000000	4117.804724
16000000	52000000	924.775223
17000000	52000000	591.230707
18000000	52000000	409.598781
19000000	52000000	1280.409993
20000000	52000000	1852.147407
21000000	52000000	5733.657088
22000000	52000000	5972.180020
25000000	52000000	3589.599752
26000000	52000000	1711.834764
27000000	52000000	456.513474
28000000	52000000	495.697616
29000000	52000000	573.788008
30000000	52000000	776.676250
31000000	52000000	2526.975166
32000000	52000000	2690.664952
33000000	52000000	1301.156871
34000000	52000000	703.459427
35000000	52000000	823.565151
36000000	52000000	595.482107
37000000	52000000	689.785178
38000000	52000000	837.559836
39000000	52000000	2227.476245
40000000	52000000	708.949069
41000000	52000000	1754.864984
42000000	52000000	1091.185019
43000000	52000000	1237.447099
44000000	52000000	1257.080124
45000000	52000000	1040.153836
46000000	52000000	1236.655653
47000000	52000000	1616.777290
48000000	52000000	2873.420534
49000000	52000000	27986.161003
50000000	52000000	75256.547073
51000000	52000000	118975.726232
52000000	52000000	342073.972912
0	53000000	1014.672501
1000000	53000000	590.035484
2000000	53000000	860.686506
3000000	53000000	1038.059456
4000000	53000000	516.728676
5000000	53000000	1200.672103
6000000	53000000	1341.066202
7000000	53000000	702.064826
8000000	53000000	1588.801761
9000000	53000000	3513.461065
10000000	53000000	3993.200792
11000000	53000000	2902.238675
12000000	53000000	3839.945426
13000000	53000000	2853.049262
14000000	53000000	2966.620785
15000000	53000000	3764.663010
16000000	53000000	2184.174753
17000000	53000000	1546.539133
18000000	53000000	1191.375833
19000000	53000000	2534.261438
20000000	53000000	3804.805319
21000000	53000000	4446.999670
22000000	53000000	1388.297418
25000000	53000000	5708.661062
26000000	53000000	3601.606148
27000000	53000000	1277.861593
28000000	53000000	1143.680755
29000000	53000000	1170.295648
30000000	53000000	1719.698574
31000000	53000000	3368.948688
32000000	53000000	3326.538225
33000000	53000000	2496.146309
34000000	53000000	1431.101756
35000000	53000000	1494.733119
36000000	53000000	1023.001484
37000000	53000000	1161.325980
38000000	53000000	1517.350233
39000000	53000000	2661.869568
40000000	53000000	1229.583893
41000000	53000000	2229.275573
42000000	53000000	1654.085832
43000000	53000000	1867.537800
44000000	53000000	2130.303816
45000000	53000000	1982.511606
46000000	53000000	2562.300713
47000000	53000000	2843.241058
48000000	53000000	6155.949723
49000000	53000000	27334.731357
50000000	53000000	23517.306991
51000000	53000000	22565.126829
52000000	53000000	53632.856676
53000000	53000000	376136.806266
0	54000000	1017.981521
1000000	54000000	561.625599
2000000	54000000	941.706112
3000000	54000000	1056.141965
4000000	54000000	550.173465
5000000	54000000	1512.754992
6000000	54000000	1710.572962
7000000	54000000	677.431885
8000000	54000000	1472.217284
9000000	54000000	3763.265518
10000000	54000000	4231.607020
11000000	54000000	3111.998889
12000000	54000000	3335.588138
13000000	54000000	2983.315359
14000000	54000000	3197.215842
15000000	54000000	3907.733280
16000000	54000000	1898.306185
17000000	54000000	1643.068917
18000000	54000000	1092.426963
19000000	54000000	2621.407949
20000000	54000000	3491.846162
21000000	54000000	3965.294111
22000000	54000000	1734.692761
25000000	54000000	4188.156821
26000000	54000000	3367.634613
27000000	54000000	1178.848012
28000000	54000000	1044.784307
29000000	54000000	1211.231165
30000000	54000000	1704.574640
31000000	54000000	4699.552858
32000000	54000000	4778.428549
33000000	54000000	2776.926921
34000000	54000000	1630.364721
35000000	54000000	1779.694076
36000000	54000000	1131.959956
37000000	54000000	1216.188936
38000000	54000000	1507.852733
39000000	54000000	3385.435364
40000000	54000000	1145.709039
41000000	54000000	2132.447614
42000000	54000000	1581.302080
43000000	54000000	2019.945686
44000000	54000000	2102.142154
45000000	54000000	1887.060032
46000000	54000000	2144.841677
47000000	54000000	2938.289506
48000000	54000000	5666.243892
49000000	54000000	18511.565810
50000000	54000000	16706.703505
51000000	54000000	14740.716007
52000000	54000000	21852.561976
53000000	54000000	73709.430253
54000000	54000000	363093.582520
0	55000000	997.700135
1000000	55000000	918.289169
2000000	55000000	1112.062885
3000000	55000000	1133.446090
4000000	55000000	949.701450
5000000	55000000	1184.380254
6000000	55000000	1385.864978
7000000	55000000	1261.619006
8000000	55000000	1960.003096
9000000	55000000	2716.659249
10000000	55000000	1931.864055
11000000	55000000	914.436647
12000000	55000000	1594.577145
13000000	55000000	956.437032
14000000	55000000	979.538449
15000000	55000000	1825.998421
16000000	55000000	2325.214930
17000000	55000000	2221.437331
18000000	55000000	1988.234666
19000000	55000000	3106.822582
20000000	55000000	2963.808519
21000000	55000000	1852.438584
22000000	55000000	282.753080
25000000	55000000	2767.552501
26000000	55000000	3627.469082
27000000	55000000	2269.070041
28000000	55000000	1927.919291
29000000	55000000	1932.306307
30000000	55000000	2454.834088
31000000	55000000	2593.106265
32000000	55000000	2547.905928
33000000	55000000	2579.680504
34000000	55000000	2393.417506
35000000	55000000	2395.092708
36000000	55000000	1911.101435
37000000	55000000	1859.903101
38000000	55000000	1979.726212
39000000	55000000	2436.449846
40000000	55000000	1839.244268
41000000	55000000	2326.645688
42000000	55000000	2357.434450
43000000	55000000	2281.607649
44000000	55000000	2500.729748
45000000	55000000	2670.923814
46000000	55000000	3134.162888
47000000	55000000	4311.984447
48000000	55000000	8484.030866
49000000	55000000	9232.402556
50000000	55000000	3550.959526
51000000	55000000	3101.076617
52000000	55000000	4233.125275
53000000	55000000	16991.853419
54000000	55000000	61411.300335
55000000	55000000	399761.360861
0	56000000	1198.254914
1000000	56000000	1370.882727
2000000	56000000	1398.864120
3000000	56000000	1247.301448
4000000	56000000	1417.561390
5000000	56000000	1341.602371
6000000	56000000	1512.342717
7000000	56000000	1992.011369
8000000	56000000	2492.058530
9000000	56000000	1907.356438
10000000	56000000	1131.680019
11000000	56000000	582.403049
12000000	56000000	921.724891
13000000	56000000	576.275433
14000000	56000000	562.073982
15000000	56000000	1227.858628
16000000	56000000	2325.978361
17000000	56000000	2461.343246
18000000	56000000	2563.580175
19000000	56000000	2740.632572
20000000	56000000	1952.722198
21000000	56000000	1096.701617
22000000	56000000	205.324339
25000000	56000000	1895.334957
26000000	56000000	3616.095608
27000000	56000000	3335.622463
28000000	56000000	2296.900126
29000000	56000000	2414.552371
30000000	56000000	2657.489414
31000000	56000000	1970.676612
32000000	56000000	1859.145148
33000000	56000000	2404.923404
34000000	56000000	2494.454792
35000000	56000000	2531.704170
36000000	56000000	2525.497799
37000000	56000000	2564.823069
38000000	56000000	2394.005601
39000000	56000000	2625.129645
40000000	56000000	2591.432478
41000000	56000000	3258.147414
42000000	56000000	3067.589311
43000000	56000000	2924.130310
44000000	56000000	2920.203488
45000000	56000000	3498.465407
46000000	56000000	3707.022688
47000000	56000000	5484.911265
48000000	56000000	8348.884372
49000000	56000000	5454.534873
50000000	56000000	2287.165014
51000000	56000000	2168.638771
52000000	56000000	2753.379821
53000000	56000000	7262.946944
54000000	56000000	15100.754860
55000000	56000000	90580.403894
56000000	56000000	381659.605403
0	57000000	1096.238277
1000000	57000000	1504.588492
2000000	57000000	1318.295067
3000000	57000000	1210.033593
4000000	57000000	1459.014893
5000000	57000000	1294.685690
6000000	57000000	1152.931064
7000000	57000000	1693.244199
8000000	57000000	1903.500901
9000000	57000000	1403.674401
10000000	57000000	757.473036
11000000	57000000	431.994602
12000000	57000000	717.618545
13000000	57000000	410.011558
14000000	57000000	468.031457
15000000	57000000	981.700313
16000000	57000000	2241.887071
17000000	57000000	2144.530292
18000000	57000000	2361.631204
19000000	57000000	1943.449277
20000000	57000000	1498.332520
21000000	57000000	896.010313
22000000	57000000	148.573084
25000000	57000000	1669.951989
26000000	57000000	3080.463446
27000000	57000000	3655.776146
28000000	57000000	3103.735968
29000000	57000000	3046.496912
30000000	57000000	3151.946823
31000000	57000000	1487.483058
32000000	57000000	1204.342646
33000000	57000000	2106.459220
34000000	57000000	2482.614015
35000000	57000000	2902.874572
36000000	57000000	2726.516958
37000000	57000000	2930.062866
38000000	57000000	2628.861583
39000000	57000000	2026.839416
40000000	57000000	2928.495792
41000000	57000000	2881.745911
42000000	57000000	3138.449416
43000000	57000000	2936.957819
44000000	57000000	3410.206331
45000000	57000000	4335.624093
46000000	57000000	4122.778291
47000000	57000000	4999.650884
48000000	57000000	6434.958552
49000000	57000000	4461.830910
50000000	57000000	1464.680222
51000000	57000000	1473.183981
52000000	57000000	1828.003326
53000000	57000000	4705.287873
54000000	57000000	6837.013975
55000000	57000000	18491.438387
56000000	57000000	89717.990114
57000000	57000000	405233.420017
0	58000000	1023.344304
1000000	58000000	1042.918614
2000000	58000000	1086.509112
3000000	58000000	1074.017997
4000000	58000000	1031.576540
5000000	58000000	1072.487550
6000000	58000000	1100.067147
7000000	58000000	1072.500353
8000000	58000000	1458.423455
9000000	58000000	1542.774834
10000000	58000000	989.462417
11000000	58000000	670.905424
12000000	58000000	906.477159
13000000	58000000	653.429398
14000000	58000000	653.810253
15000000	58000000	1122.951826
16000000	58000000	1874.633371
17000000	58000000	1699.144566
18000000	58000000	1674.977231
19000000	58000000	1846.586877
20000000	58000000	1610.335673
21000000	58000000	1183.183098
22000000	58000000	251.612591
25000000	58000000	1647.831128
26000000	58000000	2506.820792
27000000	58000000	2445.689328
28000000	58000000	2485.792321
29000000	58000000	2364.497909
30000000	58000000	2628.527984
31000000	58000000	1905.848725
32000000	58000000	1574.719204
33000000	58000000	2158.776722
34000000	58000000	2187.564576
35000000	58000000	2432.745000
36000000	58000000	1958.791315
37000000	58000000	2257.455837
38000000	58000000	2112.757565
39000000	58000000	1983.375316
40000000	58000000	1984.195388
41000000	58000000	2253.189329
42000000	58000000	2323.354284
43000000	58000000	2248.413631
44000000	58000000	2939.113126
45000000	58000000	3170.354705
46000000	58000000	3327.460511
47000000	58000000	3463.302148
48000000	58000000	4636.498789
49000000	58000000	4746.112925
50000000	58000000	2230.982943
51000000	58000000	2155.517959
52000000	58000000	2585.831768
53000000	58000000	5816.273483
54000000	58000000	7315.254905
55000000	58000000	11873.712301
56000000	58000000	17286.423472
57000000	58000000	75033.106674
58000000	58000000	397300.357847
0	59000000	1070.019420
1000000	59000000	674.901636
2000000	59000000	958.899534
3000000	59000000	970.216169
4000000	59000000	621.968226
5000000	59000000	1235.030739
6000000	59000000	1235.509039
7000000	59000000	703.125097
8000000	59000000	1213.166705
9000000	59000000	1879.580611
10000000	59000000	1518.144325
11000000	59000000	986.057681
12000000	59000000	1492.371836
13000000	59000000	1161.952358
14000000	59000000	1053.005322
15000000	59000000	1555.977022
16000000	59000000	1372.721454
17000000	59000000	1242.015275
18000000	59000000	1062.055430
19000000	59000000	1713.284800
20000000	59000000	1771.271116
21000000	59000000	1393.443999
22000000	59000000	479.173301
25000000	59000000	1801.797130
26000000	59000000	1942.983040
27000000	59000000	1394.099832
28000000	59000000	1524.273281
29000000	59000000	1580.385965
30000000	59000000	2057.203710
31000000	59000000	2937.152606
32000000	59000000	2744.670619
33000000	59000000	2150.056650
34000000	59000000	1655.209729
35000000	59000000	1984.751291
36000000	59000000	1298.271077
37000000	59000000	1448.246445
38000000	59000000	1515.955548
39000000	59000000	2531.882806
40000000	59000000	1102.712450
41000000	59000000	1779.367470
42000000	59000000	1597.256102
43000000	59000000	1962.278641
44000000	59000000	2267.619967
45000000	59000000	2186.064060
46000000	59000000	2459.810220
47000000	59000000	2543.695011
48000000	59000000	2947.793400
49000000	59000000	5006.364465
50000000	59000000	4013.174834
51000000	59000000	3742.807407
52000000	59000000	4574.059188
53000000	59000000	7334.697588
54000000	59000000	9764.220304
55000000	59000000	8507.085503
56000000	59000000	9170.131806
57000000	59000000	14081.277682
58000000	59000000	83570.371852
59000000	59000000	380267.394274
0	60000000	1078.673930
1000000	60000000	826.485086
2000000	60000000	1199.257389
3000000	60000000	1150.753779
4000000	60000000	828.293923
5000000	60000000	1403.623072
6000000	60000000	1417.966292
7000000	60000000	815.367802
8000000	60000000	1362.888600
9000000	60000000	1926.766326
10000000	60000000	1511.814234
11000000	60000000	1127.036168
12000000	60000000	1414.399955
13000000	60000000	1086.548468
14000000	60000000	1216.387679
15000000	60000000	1698.614022
16000000	60000000	1536.247673
17000000	60000000	1489.299899
18000000	60000000	1169.957116
19000000	60000000	1780.837885
20000000	60000000	1833.922087
21000000	60000000	1452.896185
22000000	60000000	494.764394
25000000	60000000	1976.386017
26000000	60000000	2196.997506
27000000	60000000	1598.650681
28000000	60000000	1588.765593
29000000	60000000	1657.565769
30000000	60000000	2215.618860
31000000	60000000	3009.585422
32000000	60000000	2839.324304
33000000	60000000	2339.333902
34000000	60000000	1892.263518
35000000	60000000	2196.577016
36000000	60000000	1502.119235
37000000	60000000	1652.608652
38000000	60000000	1732.918834
39000000	60000000	2721.961638
40000000	60000000	1379.415424
41000000	60000000	1845.271744
42000000	60000000	1829.884695
43000000	60000000	2166.154630
44000000	60000000	2454.467419
45000000	60000000	2479.480871
46000000	60000000	2548.824397
47000000	60000000	2724.942838
48000000	60000000	3361.584945
49000000	60000000	5492.017438
50000000	60000000	3771.667987
51000000	60000000	3519.967603
52000000	60000000	3855.035308
53000000	60000000	6784.409392
54000000	60000000	8507.096934
55000000	60000000	7761.621723
56000000	60000000	7764.768771
57000000	60000000	11962.333599
58000000	60000000	30182.562864
59000000	60000000	104223.895211
60000000	60000000	347485.751829
0	61000000	1099.352206
1000000	61000000	1008.812530
2000000	61000000	1238.265734
3000000	61000000	1284.208019
4000000	61000000	1049.543624
5000000	61000000	1514.938541
6000000	61000000	1486.731152
7000000	61000000	1287.403971
8000000	61000000	1623.045041
9000000	61000000	1778.665090
10000000	61000000	1450.975830
11000000	61000000	905.895899
12000000	61000000	1189.791221
13000000	61000000	972.272557
14000000	61000000	969.200863
15000000	61000000	1494.086255
16000000	61000000	1658.972395
17000000	61000000	1677.271040
18000000	61000000	1504.841802
19000000	61000000	1900.509475
20000000	61000000	1675.220252
21000000	61000000	1397.157993
22000000	61000000	480.455261
25000000	61000000	2057.358778
26000000	61000000	2674.364202
27000000	61000000	2179.083930
28000000	61000000	1710.611311
29000000	61000000	1869.275696
30000000	61000000	2352.354567
31000000	61000000	2740.575497
32000000	61000000	2583.214773
33000000	61000000	2322.999999
34000000	61000000	1923.204669
35000000	61000000	2288.863003
36000000	61000000	1758.759457
37000000	61000000	1953.474767
38000000	61000000	1987.786811
39000000	61000000	2730.195092
40000000	61000000	1946.998878
41000000	61000000	2226.282998
42000000	61000000	2246.639231
43000000	61000000	2423.256060
44000000	61000000	2550.034548
45000000	61000000	2748.733352
46000000	61000000	2725.884450
47000000	61000000	3037.334099
48000000	61000000	4092.532884
49000000	61000000	5284.963501
50000000	61000000	3347.137068
51000000	61000000	2902.856455
52000000	61000000	3215.510288
53000000	61000000	5936.929739
54000000	61000000	7401.760868
55000000	61000000	7039.369228
56000000	61000000	7674.282445
57000000	61000000	9740.266747
58000000	61000000	16706.188842
59000000	61000000	26377.651650
60000000	61000000	94930.059141
61000000	61000000	370168.096851
0	62000000	1040.543807
1000000	62000000	1417.334882
2000000	62000000	1221.122148
3000000	62000000	1171.312682
4000000	62000000	1303.306585
5000000	62000000	1146.128031
6000000	62000000	1135.104781
7000000	62000000	1652.983703
8000000	62000000	1912.169846
9000000	62000000	1489.438781
10000000	62000000	876.047667
11000000	62000000	444.383493
12000000	62000000	745.116199
13000000	62000000	441.957623
14000000	62000000	462.616313
15000000	62000000	1010.481520
16000000	62000000	2070.075639
17000000	62000000	2003.392103
18000000	62000000	2040.850868
19000000	62000000	1843.270274
20000000	62000000	1462.426831
21000000	62000000	937.328132
22000000	62000000	193.448532
25000000	62000000	1852.493918
26000000	62000000	3007.637141
27000000	62000000	2841.336014
28000000	62000000	2375.537684
29000000	62000000	2327.245395
30000000	62000000	2581.401190
31000000	62000000	1537.867870
32000000	62000000	1169.232502
33000000	62000000	1988.960460
34000000	62000000	2064.369546
35000000	62000000	2103.623204
36000000	62000000	2170.360663
37000000	62000000	2346.605191
38000000	62000000	2198.769070
39000000	62000000	1842.048004
40000000	62000000	2431.019886
41000000	62000000	2336.190486
42000000	62000000	2774.591844
43000000	62000000	3095.541840
44000000	62000000	5077.077935
45000000	62000000	3332.092451
46000000	62000000	3321.559471
47000000	62000000	3592.214022
48000000	62000000	5235.119262
49000000	62000000	3727.488005
50000000	62000000	1230.470926
51000000	62000000	1099.917476
52000000	62000000	1299.241792
53000000	62000000	3523.514197
54000000	62000000	3730.978857
55000000	62000000	6976.086822
56000000	62000000	7613.718068
57000000	62000000	9407.088385
58000000	62000000	9778.054609
59000000	62000000	8172.443604
60000000	62000000	14007.024613
61000000	62000000	69912.026563
62000000	62000000	422832.575446
0	63000000	976.422780
1000000	63000000	653.131644
2000000	63000000	874.517018
3000000	63000000	929.297016
4000000	63000000	634.133802
5000000	63000000	1162.408024
6000000	63000000	1291.444586
7000000	63000000	689.691618
8000000	63000000	1283.014425
9000000	63000000	2029.641274
10000000	63000000	1808.025886
11000000	63000000	1472.741906
12000000	63000000	1733.988245
13000000	63000000	1459.338753
14000000	63000000	1524.839571
15000000	63000000	1829.556159
16000000	63000000	1422.245087
17000000	63000000	1246.899651
18000000	63000000	979.667611
19000000	63000000	1563.042415
20000000	63000000	1733.719477
21000000	63000000	1832.120916
22000000	63000000	868.095114
25000000	63000000	2482.988262
26000000	63000000	2145.923767
27000000	63000000	1251.889599
28000000	63000000	1269.668330
29000000	63000000	1235.909282
30000000	63000000	1679.876066
31000000	63000000	2825.376444
32000000	63000000	2671.939018
33000000	63000000	1950.419481
34000000	63000000	1322.515830
35000000	63000000	1457.362987
36000000	63000000	1187.975494
37000000	63000000	1195.525305
38000000	63000000	1413.849571
39000000	63000000	2395.013081
40000000	63000000	1002.318480
41000000	63000000	1565.395327
42000000	63000000	1405.211662
43000000	63000000	1764.401530
44000000	63000000	1845.567652
45000000	63000000	1700.417579
46000000	63000000	1973.486662
47000000	63000000	2293.774170
48000000	63000000	2853.689998
49000000	63000000	5114.943435
50000000	63000000	4892.912356
51000000	63000000	4435.711938
52000000	63000000	4956.706261
53000000	63000000	6053.698258
54000000	63000000	7351.302842
55000000	63000000	4994.972664
56000000	63000000	4348.001352
57000000	63000000	4220.734954
58000000	63000000	5978.878617
59000000	63000000	8792.650040
60000000	63000000	12007.208925
61000000	63000000	16194.127389
62000000	63000000	61789.093388
63000000	63000000	380583.706578
0	64000000	924.194418
1000000	64000000	543.002565
2000000	64000000	822.426828
3000000	64000000	851.330897
4000000	64000000	511.128469
5000000	64000000	1072.229469
6000000	64000000	1261.663204
7000000	64000000	586.893315
8000000	64000000	1048.725082
9000000	64000000	2028.822148
10000000	64000000	1888.591190
11000000	64000000	1403.172630
12000000	64000000	1624.137802
13000000	64000000	1474.486187
14000000	64000000	1452.650809
15000000	64000000	1820.382277
16000000	64000000	1201.794307
17000000	64000000	1124.727373
18000000	64000000	892.705103
19000000	64000000	1535.523963
20000000	64000000	1718.621111
21000000	64000000	1803.190528
22000000	64000000	845.236462
25000000	64000000	2053.326432
26000000	64000000	1974.077442
27000000	64000000	1101.782554
28000000	64000000	1189.695610
29000000	64000000	1208.492237
30000000	64000000	1609.346481
31000000	64000000	3112.362858
32000000	64000000	3022.440101
33000000	64000000	1931.715296
34000000	64000000	1254.381314
35000000	64000000	1394.784386
36000000	64000000	989.315334
37000000	64000000	1025.304380
38000000	64000000	1165.510651
39000000	64000000	2426.840784
40000000	64000000	866.468400
41000000	64000000	1412.419719
42000000	64000000	1193.368884
43000000	64000000	1567.629071
44000000	64000000	1863.237097
45000000	64000000	1665.835999
46000000	64000000	1797.331422
47000000	64000000	2088.027984
48000000	64000000	2822.473629
49000000	64000000	5233.631340
50000000	64000000	4958.269904
51000000	64000000	4348.441931
52000000	64000000	4645.032765
53000000	64000000	5885.404096
54000000	64000000	7435.049508
55000000	64000000	4767.069319
56000000	64000000	3921.489082
57000000	64000000	3482.394551
58000000	64000000	5353.113644
59000000	64000000	8581.513247
60000000	64000000	9977.338803
61000000	64000000	11809.676476
62000000	64000000	19048.956404
63000000	64000000	107618.224202
64000000	64000000	369168.234075
0	65000000	932.232057
1000000	65000000	1047.540233
2000000	65000000	1008.234171
3000000	65000000	1011.194298
4000000	65000000	1078.472114
5000000	65000000	944.056407
6000000	65000000	915.456498
7000000	65000000	1001.350992
8000000	65000000	1432.211555
9000000	65000000	1582.265784
10000000	65000000	1162.296836
11000000	65000000	607.050247
12000000	65000000	1097.131067
13000000	65000000	624.484698
14000000	65000000	657.187824
15000000	65000000	1197.963414
16000000	65000000	2082.307222
17000000	65000000	1655.858900
18000000	65000000	1783.894505
19000000	65000000	1927.200610
20000000	65000000	1874.649898
21000000	65000000	1330.047524
22000000	65000000	242.518174
25000000	65000000	2119.687450
26000000	65000000	2711.129789
27000000	65000000	2305.178268
28000000	65000000	2062.049608
29000000	65000000	2112.578404
30000000	65000000	2499.716447
31000000	65000000	1568.615011
32000000	65000000	1404.706097
33000000	65000000	2006.621097
34000000	65000000	1992.691721
35000000	65000000	2004.444805
36000000	65000000	1681.085999
37000000	65000000	1747.707524
38000000	65000000	1875.599320
39000000	65000000	1426.370062
40000000	65000000	1867.278090
41000000	65000000	1787.130111
42000000	65000000	1868.461305
43000000	65000000	1852.644700
44000000	65000000	2360.444382
45000000	65000000	2661.833512
46000000	65000000	2581.466189
47000000	65000000	3082.097794
48000000	65000000	4763.408332
49000000	65000000	4729.646449
50000000	65000000	1534.158581
51000000	65000000	1410.941765
52000000	65000000	1671.256896
53000000	65000000	4787.376332
54000000	65000000	4020.780402
55000000	65000000	5551.839301
56000000	65000000	5167.417592
57000000	65000000	6861.791005
58000000	65000000	7362.478788
59000000	65000000	5898.526017
60000000	65000000	7679.676813
61000000	65000000	9539.968573
62000000	65000000	18869.635685
63000000	65000000	24025.651942
64000000	65000000	79267.436148
65000000	65000000	413461.137159
0	66000000	869.091510
1000000	66000000	776.154265
2000000	66000000	840.171494
3000000	66000000	923.093202
4000000	66000000	775.155193
5000000	66000000	906.942340
6000000	66000000	1016.494419
7000000	66000000	841.630334
8000000	66000000	1306.867873
9000000	66000000	1793.151026
10000000	66000000	1516.964318
11000000	66000000	1127.620861
12000000	66000000	1581.542903
13000000	66000000	1056.316469
14000000	66000000	1055.380223
15000000	66000000	1573.549744
16000000	66000000	1828.218759
17000000	66000000	1517.972299
18000000	66000000	1338.612971
19000000	66000000	1880.129994
20000000	66000000	1919.301193
21000000	66000000	1691.043709
22000000	66000000	595.420271
25000000	66000000	2489.105927
26000000	66000000	2636.396012
27000000	66000000	1648.607487
28000000	66000000	1429.301655
29000000	66000000	1495.808116
30000000	66000000	1853.507026
31000000	66000000	1712.812083
32000000	66000000	1597.742466
33000000	66000000	1733.520523
34000000	66000000	1364.630898
35000000	66000000	1419.945968
36000000	66000000	1242.409160
37000000	66000000	1334.654266
38000000	66000000	1341.577319
39000000	66000000	1594.974803
40000000	66000000	1276.532237
41000000	66000000	1584.082216
42000000	66000000	1444.624146
43000000	66000000	1578.522570
44000000	66000000	1973.748758
45000000	66000000	1884.905421
46000000	66000000	1874.310966
47000000	66000000	2390.928697
48000000	66000000	3753.424530
49000000	66000000	5468.851647
50000000	66000000	3510.031004
51000000	66000000	3091.448233
52000000	66000000	3480.532219
53000000	66000000	5984.026695
54000000	66000000	5637.008856
55000000	66000000	5250.453090
56000000	66000000	4583.706073
57000000	66000000	4494.677989
58000000	66000000	5270.433189
59000000	66000000	5312.879157
60000000	66000000	6075.866485
61000000	66000000	7101.845578
62000000	66000000	9331.290052
63000000	66000000	12789.146394
64000000	66000000	17914.886271
65000000	66000000	59588.020744
66000000	66000000	385877.417081
0	67000000	630.011246
1000000	67000000	435.674384
2000000	67000000	649.695722
3000000	67000000	743.512293
4000000	67000000	390.512142
5000000	67000000	797.489280
6000000	67000000	809.071756
7000000	67000000	518.388076
8000000	67000000	973.652265
9000000	67000000	1777.815273
10000000	67000000	1981.728334
11000000	67000000	1895.649405
12000000	67000000	2290.836694
13000000	67000000	1840.006538
14000000	67000000	1852.772240
15000000	67000000	2097.299958
16000000	67000000	1350.357692
17000000	67000000	1001.346128
18000000	67000000	750.554559
19000000	67000000	1299.746968
20000000	67000000	1835.345383
21000000	67000000	2175.764888
22000000	67000000	1033.286755
25000000	67000000	2998.917418
26000000	67000000	1971.260120
27000000	67000000	884.491273
28000000	67000000	914.207741
29000000	67000000	900.013126
30000000	67000000	1221.539406
31000000	67000000	1901.775705
32000000	67000000	1719.970935
33000000	67000000	1411.425308
34000000	67000000	915.702448
35000000	67000000	969.373548
36000000	67000000	770.413651
37000000	67000000	817.805857
38000000	67000000	945.674559
39000000	67000000	1434.361187
40000000	67000000	745.729310
41000000	67000000	1176.335986
42000000	67000000	962.522328
43000000	67000000	1032.377371
44000000	67000000	1341.095887
45000000	67000000	1155.858278
46000000	67000000	1303.767603
47000000	67000000	1456.662063
48000000	67000000	2184.933423
49000000	67000000	5613.108593
50000000	67000000	5548.010069
51000000	67000000	5249.045089
52000000	67000000	5762.714584
53000000	67000000	7467.509045
54000000	67000000	6857.781691
55000000	67000000	4175.087144
56000000	67000000	2846.889166
57000000	67000000	2692.313155
58000000	67000000	3865.682894
59000000	67000000	5043.270020
60000000	67000000	5612.590004
61000000	67000000	5676.002854
62000000	67000000	4827.325520
63000000	67000000	9719.636099
64000000	67000000	11808.224636
65000000	67000000	16508.370474
66000000	67000000	102291.060125
67000000	67000000	339191.799561
0	68000000	616.678462
1000000	68000000	260.723655
2000000	68000000	497.026038
3000000	68000000	645.312474
4000000	68000000	283.164718
5000000	68000000	759.598729
6000000	68000000	790.157814
7000000	68000000	319.081876
8000000	68000000	608.305335
9000000	68000000	1684.601680
10000000	68000000	2469.669378
11000000	68000000	3224.783584
12000000	68000000	2485.750973
13000000	68000000	2965.073060
14000000	68000000	2988.267605
15000000	68000000	2313.445356
16000000	68000000	745.333936
17000000	68000000	565.138721
18000000	68000000	452.582701
19000000	68000000	880.476801
20000000	68000000	1492.469138
21000000	68000000	2826.300141
22000000	68000000	2213.893850
25000000	68000000	2576.374607
26000000	68000000	1318.555600
27000000	68000000	469.703650
28000000	68000000	532.307177
29000000	68000000	549.813538
30000000	68000000	762.148977
31000000	68000000	2034.204614
32000000	68000000	1759.524454
33000000	68000000	1094.971034
34000000	68000000	568.372561
35000000	68000000	649.663419
36000000	68000000	438.573853
37000000	68000000	503.145387
38000000	68000000	639.962293
39000000	68000000	1495.459487
40000000	68000000	414.286821
41000000	68000000	922.298877
42000000	68000000	584.714267
43000000	68000000	819.116418
44000000	68000000	885.905803
45000000	68000000	765.609838
46000000	68000000	798.563553
47000000	68000000	963.983159
48000000	68000000	1293.123502
49000000	68000000	5312.215405
50000000	68000000	9878.836296
51000000	68000000	10054.863722
52000000	68000000	10111.519533
53000000	68000000	6753.153449
54000000	68000000	6954.726120
55000000	68000000	2447.922084
56000000	68000000	1846.301034
57000000	68000000	1398.810093
58000000	68000000	2450.245199
59000000	68000000	4326.336971
60000000	68000000	4346.542486
61000000	68000000	4254.468711
62000000	68000000	2538.847148
63000000	68000000	8686.247397
64000000	68000000	9909.398029
65000000	68000000	6068.176917
66000000	68000000	21697.502788
67000000	68000000	108748.751788
68000000	68000000	345328.352521
0	69000000	660.395474
1000000	69000000	286.620021
2000000	69000000	528.639938
3000000	69000000	656.326160
4000000	69000000	264.718114
5000000	69000000	785.477956
6000000	69000000	855.218548
7000000	69000000	312.258236
8000000	69000000	644.180427
9000000	69000000	1780.987038
10000000	69000000	2415.566619
11000000	69000000	3435.450527
12000000	69000000	2777.739118
13000000	69000000	3116.196394
14000000	69000000	3092.537022
15000000	69000000	2375.286586
16000000	69000000	788.216956
17000000	69000000	589.301895
18000000	69000000	451.520925
19000000	69000000	968.518619
20000000	69000000	1345.292966
21000000	69000000	2843.267378
22000000	69000000	2408.066174
25000000	69000000	2540.023796
26000000	69000000	1307.014925
27000000	69000000	443.084687
28000000	69000000	483.622957
29000000	69000000	480.091807
30000000	69000000	749.623515
31000000	69000000	2017.144644
32000000	69000000	1864.856153
33000000	69000000	986.330420
34000000	69000000	476.134069
35000000	69000000	587.696852
36000000	69000000	403.103977
37000000	69000000	455.456592
38000000	69000000	618.691885
39000000	69000000	1354.035978
40000000	69000000	398.957618
41000000	69000000	889.137455
42000000	69000000	596.280036
43000000	69000000	738.844962
44000000	69000000	759.393179
45000000	69000000	667.454171
46000000	69000000	689.076781
47000000	69000000	909.283757
48000000	69000000	1241.940405
49000000	69000000	5382.170000
50000000	69000000	9935.292536
51000000	69000000	9939.394599
52000000	69000000	10152.906742
53000000	69000000	5851.593131
54000000	69000000	6638.602775
55000000	69000000	2172.728726
56000000	69000000	1563.788583
57000000	69000000	1340.195562
58000000	69000000	2189.095744
59000000	69000000	3603.305804
60000000	69000000	3777.813406
61000000	69000000	3443.659467
62000000	69000000	1998.011569
63000000	69000000	7034.844453
64000000	69000000	7782.009871
65000000	69000000	3957.378184
66000000	69000000	11443.609885
67000000	69000000	30496.609328
68000000	69000000	101759.151178
69000000	69000000	354101.196580
0	70000000	782.224106
1000000	70000000	489.764217
2000000	70000000	696.189331
3000000	70000000	759.623366
4000000	70000000	509.316385
5000000	70000000	905.696236
6000000	70000000	982.127313
7000000	70000000	598.313294
8000000	70000000	1138.440602
9000000	70000000	2301.446642
10000000	70000000	2395.063050
11000000	70000000	1663.033703
12000000	70000000	2170.715569
13000000	70000000	1587.643015
14000000	70000000	1676.860263
15000000	70000000	2054.321330
16000000	70000000	1481.403709
17000000	70000000	1101.014948
18000000	70000000	823.304708
19000000	70000000	1582.339986
20000000	70000000	2031.537181
21000000	70000000	2497.857691
22000000	70000000	773.801266
25000000	70000000	3131.706745
26000000	70000000	2156.262738
27000000	70000000	902.743456
28000000	70000000	801.853996
29000000	70000000	884.780873
30000000	70000000	1189.360612
31000000	70000000	2042.563773
32000000	70000000	1883.810470
33000000	70000000	1504.046383
34000000	70000000	963.151636
35000000	70000000	935.366526
36000000	70000000	705.404854
37000000	70000000	764.462070
38000000	70000000	986.205458
39000000	70000000	1438.051212
40000000	70000000	737.301956
41000000	70000000	1239.698610
42000000	70000000	891.000970
43000000	70000000	1087.023844
44000000	70000000	1290.607750
45000000	70000000	1073.359609
46000000	70000000	1278.707384
47000000	70000000	1443.755465
48000000	70000000	2479.885276
49000000	70000000	5728.496730
50000000	70000000	4435.991580
51000000	70000000	3782.556720
52000000	70000000	4470.685297
53000000	70000000	7481.861564
54000000	70000000	6168.003536
55000000	70000000	4058.041715
56000000	70000000	2553.195588
57000000	70000000	2285.474393
58000000	70000000	3060.293577
59000000	70000000	3856.745620
60000000	70000000	4179.977491
61000000	70000000	4015.930908
62000000	70000000	3861.901290
63000000	70000000	6590.865114
64000000	70000000	7625.741223
65000000	70000000	7529.713812
66000000	70000000	13680.786375
67000000	70000000	25300.532389
68000000	70000000	44540.241810
69000000	70000000	124398.521466
70000000	70000000	323090.125849
0	71000000	1436.098485
1000000	71000000	693.341080
2000000	71000000	1088.772034
3000000	71000000	1093.940856
4000000	71000000	679.030308
5000000	71000000	1695.585796
6000000	71000000	1835.918380
7000000	71000000	874.468365
8000000	71000000	1737.808575
9000000	71000000	3478.882481
10000000	71000000	2822.148953
11000000	71000000	1626.670903
12000000	71000000	1750.760577
13000000	71000000	1456.618439
14000000	71000000	1551.307771
15000000	71000000	2508.601562
16000000	71000000	1921.216091
17000000	71000000	1888.932042
18000000	71000000	1270.100693
19000000	71000000	2434.591006
20000000	71000000	2648.204821
21000000	71000000	2695.161707
22000000	71000000	833.434097
25000000	71000000	2866.662007
26000000	71000000	2899.117805
27000000	71000000	1349.205847
28000000	71000000	1102.465399
29000000	71000000	1244.717265
30000000	71000000	1705.455237
31000000	71000000	3946.324800
32000000	71000000	3957.447146
33000000	71000000	2519.566184
34000000	71000000	1500.713168
35000000	71000000	1708.151797
36000000	71000000	1056.754204
37000000	71000000	1068.459621
38000000	71000000	1228.649239
39000000	71000000	2774.319189
40000000	71000000	927.240793
41000000	71000000	1696.224115
42000000	71000000	1444.330627
43000000	71000000	1943.245359
44000000	71000000	2063.028988
45000000	71000000	1637.546186
46000000	71000000	1916.444858
47000000	71000000	2594.717024
48000000	71000000	4235.499014
49000000	71000000	6702.286895
50000000	71000000	4222.853238
51000000	71000000	3261.713136
52000000	71000000	3900.249418
53000000	71000000	6967.334542
54000000	71000000	8029.527820
55000000	71000000	5752.923001
56000000	71000000	3798.641890
57000000	71000000	2874.692427
58000000	71000000	3643.048546
59000000	71000000	4778.473107
60000000	71000000	5290.353155
61000000	71000000	5511.363347
62000000	71000000	4526.870926
63000000	71000000	7472.983506
64000000	71000000	9571.923892
65000000	71000000	7899.474825
66000000	71000000	12028.638247
67000000	71000000	14034.484679
68000000	71000000	16952.544525
69000000	71000000	24972.724568
70000000	71000000	98646.414875
71000000	71000000	354710.659566
0	72000000	1937.944488
1000000	72000000	1540.330676
2000000	72000000	1625.905630
3000000	72000000	1654.531467
4000000	72000000	1567.002989
5000000	72000000	2059.010591
6000000	72000000	2447.025185
7000000	72000000	2180.949109
8000000	72000000	3142.372256
9000000	72000000	2931.735759
10000000	72000000	1815.457145
11000000	72000000	874.863726
12000000	72000000	1219.954838
13000000	72000000	821.938899
14000000	72000000	860.624170
15000000	72000000	1625.089826
16000000	72000000	2458.856653
17000000	72000000	2847.966115
18000000	72000000	2222.446174
19000000	72000000	2695.967342
20000000	72000000	2281.729207
21000000	72000000	1664.723839
22000000	72000000	445.402052
25000000	72000000	2388.142018
26000000	72000000	3777.171363
27000000	72000000	2735.601941
28000000	72000000	1982.983988
29000000	72000000	2076.256069
30000000	72000000	2570.000445
31000000	72000000	3056.301761
32000000	72000000	3166.735955
33000000	72000000	2897.753711
34000000	72000000	2271.174942
35000000	72000000	2507.005182
36000000	72000000	2129.274957
37000000	72000000	2259.104539
38000000	72000000	2194.373083
39000000	72000000	3096.349329
40000000	72000000	2081.958273
41000000	72000000	2932.394570
42000000	72000000	2836.731225
43000000	72000000	3195.486354
44000000	72000000	3013.796497
45000000	72000000	2768.630403
46000000	72000000	3132.758712
47000000	72000000	4496.799444
48000000	72000000	6124.894426
49000000	72000000	4558.873638
50000000	72000000	1884.395370
51000000	72000000	1614.124865
52000000	72000000	1799.475278
53000000	72000000	3634.554568
54000000	72000000	4751.174021
55000000	72000000	5429.046603
56000000	72000000	5650.375953
57000000	72000000	4385.660284
58000000	72000000	3986.112436
59000000	72000000	4119.082431
60000000	72000000	4679.347100
61000000	72000000	5579.726888
62000000	72000000	6018.619891
63000000	72000000	6068.716542
64000000	72000000	6385.897136
65000000	72000000	7195.536979
66000000	72000000	8636.726076
67000000	72000000	6848.699999
68000000	72000000	6522.539384
69000000	72000000	7885.622032
70000000	72000000	16797.236749
71000000	72000000	70191.653654
72000000	72000000	386764.084700
0	73000000	1321.384470
1000000	73000000	2647.085176
2000000	73000000	1845.033806
3000000	73000000	1647.552103
4000000	73000000	2670.158711
5000000	73000000	1641.899103
6000000	73000000	1332.522227
7000000	73000000	3851.101346
8000000	73000000	2573.532421
9000000	73000000	861.654703
10000000	73000000	480.323030
11000000	73000000	278.156749
12000000	73000000	380.292172
13000000	73000000	259.016410
14000000	73000000	244.066055
15000000	73000000	593.945716
16000000	73000000	1639.914146
17000000	73000000	2115.808823
18000000	73000000	2306.894951
19000000	73000000	1336.488056
20000000	73000000	878.046471
21000000	73000000	512.315968
22000000	73000000	123.181623
25000000	73000000	924.154791
26000000	73000000	2618.167077
27000000	73000000	3900.750006
28000000	73000000	2416.627792
29000000	73000000	2402.798375
30000000	73000000	2148.376414
31000000	73000000	897.751398
32000000	73000000	655.525669
33000000	73000000	1474.097343
34000000	73000000	1866.546201
35000000	73000000	2132.210106
36000000	73000000	3103.598746
37000000	73000000	3078.045925
38000000	73000000	2803.973422
39000000	73000000	1657.657011
40000000	73000000	4277.596867
41000000	73000000	3057.736775
42000000	73000000	4019.310461
43000000	73000000	3252.062807
44000000	73000000	2547.439323
45000000	73000000	3373.081994
46000000	73000000	3218.658500
47000000	73000000	3851.434321
48000000	73000000	4400.259631
49000000	73000000	1726.216460
50000000	73000000	440.196331
51000000	73000000	387.563949
52000000	73000000	467.750708
53000000	73000000	1109.760008
54000000	73000000	1159.265406
55000000	73000000	2436.961414
56000000	73000000	3882.634909
57000000	73000000	4223.804380
58000000	73000000	2820.788922
59000000	73000000	1694.645813
60000000	73000000	2115.200036
61000000	73000000	3251.289022
62000000	73000000	4911.935305
63000000	73000000	2197.338480
64000000	73000000	1814.487587
65000000	73000000	4285.379138
66000000	73000000	3567.952166
67000000	73000000	2113.098320
68000000	73000000	1629.229373
69000000	73000000	1854.389187
70000000	73000000	3466.673432
71000000	73000000	6087.662126
72000000	73000000	60851.340211
73000000	73000000	458829.699574
0	74000000	1648.121383
1000000	74000000	2370.644476
2000000	74000000	1792.519545
3000000	74000000	1661.596968
4000000	74000000	2292.874570
5000000	74000000	1543.488704
6000000	74000000	1675.811903
7000000	74000000	2737.653856
8000000	74000000	1887.436807
9000000	74000000	855.730193
10000000	74000000	464.722376
11000000	74000000	275.667727
12000000	74000000	363.388307
13000000	74000000	237.052688
14000000	74000000	249.530531
15000000	74000000	434.412847
16000000	74000000	1277.305601
17000000	74000000	1557.235624
18000000	74000000	1604.092496
19000000	74000000	1088.574202
20000000	74000000	653.323179
21000000	74000000	431.413201
22000000	74000000	111.408088
25000000	74000000	777.607193
26000000	74000000	1693.909614
27000000	74000000	2832.271350
28000000	74000000	1905.017850
29000000	74000000	2029.548234
30000000	74000000	1862.845890
31000000	74000000	1070.683594
32000000	74000000	960.913645
33000000	74000000	1413.343420
34000000	74000000	1704.794225
35000000	74000000	1984.900812
36000000	74000000	2721.186107
37000000	74000000	2780.680662
38000000	74000000	2277.886084
39000000	74000000	2093.948823
40000000	74000000	3305.026141
41000000	74000000	3065.872693
42000000	74000000	3589.296111
43000000	74000000	3097.187446
44000000	74000000	2551.925488
45000000	74000000	2809.972855
46000000	74000000	2523.664904
47000000	74000000	3258.395598
48000000	74000000	3017.788158
49000000	74000000	1252.571570
50000000	74000000	523.581661
51000000	74000000	466.899652
52000000	74000000	487.982994
53000000	74000000	947.427722
54000000	74000000	1098.659531
55000000	74000000	1801.982081
56000000	74000000	2799.449028
57000000	74000000	2819.918543
58000000	74000000	2009.935657
59000000	74000000	1508.467416
60000000	74000000	1877.832455
61000000	74000000	2407.497737
62000000	74000000	3086.571198
63000000	74000000	1973.729463
64000000	74000000	1836.814319
65000000	74000000	2782.313509
66000000	74000000	2401.784483
67000000	74000000	1647.575116
68000000	74000000	1423.258852
69000000	74000000	1627.888323
70000000	74000000	2517.116221
71000000	74000000	4473.688887
72000000	74000000	12685.730906
73000000	74000000	82920.413825
74000000	74000000	421932.023532
0	75000000	2008.636403
1000000	75000000	1851.323499
2000000	75000000	1785.770680
3000000	75000000	1729.327078
4000000	75000000	1752.798043
5000000	75000000	1881.679339
6000000	75000000	2115.105319
7000000	75000000	1863.636004
8000000	75000000	1567.571372
9000000	75000000	1040.278097
10000000	75000000	539.477039
11000000	75000000	327.122656
12000000	75000000	428.543614
13000000	75000000	329.948133
14000000	75000000	299.121875
15000000	75000000	497.434223
16000000	75000000	1149.484115
17000000	75000000	1460.094311
18000000	75000000	1185.582033
19000000	75000000	1089.504928
20000000	75000000	685.907513
21000000	75000000	469.994324
22000000	75000000	160.532254
25000000	75000000	738.246699
26000000	75000000	1417.901681
27000000	75000000	1969.771324
28000000	75000000	1445.697199
29000000	75000000	1678.462739
30000000	75000000	1644.432194
31000000	75000000	1510.658868
32000000	75000000	1513.577422
33000000	75000000	1587.632874
34000000	75000000	1693.691168
35000000	75000000	1965.143555
36000000	75000000	2243.208802
37000000	75000000	2241.870385
38000000	75000000	2004.315969
39000000	75000000	2595.972774
40000000	75000000	2156.561731
41000000	75000000	2879.052185
42000000	75000000	2830.357320
43000000	75000000	2863.950128
44000000	75000000	2418.132673
45000000	75000000	2202.445843
46000000	75000000	2058.046531
47000000	75000000	2750.794877
48000000	75000000	2612.486766
49000000	75000000	1219.204713
50000000	75000000	637.644444
51000000	75000000	595.561675
52000000	75000000	676.630338
53000000	75000000	1107.690596
54000000	75000000	1273.979324
55000000	75000000	1669.850532
56000000	75000000	2420.793398
57000000	75000000	2217.060383
58000000	75000000	1751.986185
59000000	75000000	1681.711407
60000000	75000000	1870.070636
61000000	75000000	2201.876354
62000000	75000000	2547.406948
63000000	75000000	2159.426083
64000000	75000000	2046.095750
65000000	75000000	2327.851851
66000000	75000000	2250.543259
67000000	75000000	1816.751523
68000000	75000000	1754.944989
69000000	75000000	1840.546461
70000000	75000000	2659.435250
71000000	75000000	4925.673859
72000000	75000000	9711.164111
73000000	75000000	13227.039282
74000000	75000000	92985.943795
75000000	75000000	415260.366343
0	76000000	1936.776983
1000000	76000000	2054.028627
2000000	76000000	1831.234347
3000000	76000000	1862.769812
4000000	76000000	1904.188339
5000000	76000000	1894.692973
6000000	76000000	1932.541706
7000000	76000000	2194.603237
8000000	76000000	1679.210926
9000000	76000000	935.982096
10000000	76000000	507.465168
11000000	76000000	311.157666
12000000	76000000	424.719409
13000000	76000000	291.028992
14000000	76000000	291.376532
15000000	76000000	527.925591
16000000	76000000	1145.864843
17000000	76000000	1411.753515
18000000	76000000	1280.060147
19000000	76000000	1009.203202
20000000	76000000	720.812849
21000000	76000000	451.345506
22000000	76000000	139.677773
25000000	76000000	807.554318
26000000	76000000	1453.820095
27000000	76000000	1998.188598
28000000	76000000	1537.897209
29000000	76000000	1658.495550
30000000	76000000	1699.313220
31000000	76000000	1416.055111
32000000	76000000	1297.853089
33000000	76000000	1665.710559
34000000	76000000	1827.781134
35000000	76000000	1950.795217
36000000	76000000	2365.754360
37000000	76000000	2313.309996
38000000	76000000	2254.973450
39000000	76000000	2286.013106
40000000	76000000	2538.124276
41000000	76000000	2820.623894
42000000	76000000	3025.778597
43000000	76000000	2936.583640
44000000	76000000	2251.599712
45000000	76000000	2268.283548
46000000	76000000	2107.987606
47000000	76000000	2602.749965
48000000	76000000	2352.917828
49000000	76000000	1168.469726
50000000	76000000	510.621382
51000000	76000000	416.267876
52000000	76000000	484.561937
53000000	76000000	1059.538116
54000000	76000000	1160.006869
55000000	76000000	1587.527715
56000000	76000000	2286.377359
57000000	76000000	2149.762835
58000000	76000000	1716.047027
59000000	76000000	1469.549912
60000000	76000000	1727.843328
61000000	76000000	2084.154301
62000000	76000000	2500.961784
63000000	76000000	1885.912063
64000000	76000000	1732.922244
65000000	76000000	2340.209907
66000000	76000000	2022.065665
67000000	76000000	1623.355499
68000000	76000000	1393.871157
69000000	76000000	1488.718831
70000000	76000000	2315.944205
71000000	76000000	3988.425104
72000000	76000000	7904.059155
73000000	76000000	11016.903872
74000000	76000000	26935.429873
75000000	76000000	91893.512934
76000000	76000000	428260.054342
0	77000000	3261.283428
1000000	77000000	1720.667449
2000000	77000000	2076.159610
3000000	77000000	2046.250904
4000000	77000000	1551.082361
5000000	77000000	2512.493564
6000000	77000000	3002.175890
7000000	77000000	1707.646438
8000000	77000000	1668.217708
9000000	77000000	1348.452402
10000000	77000000	910.320535
11000000	77000000	504.670948
12000000	77000000	589.544168
13000000	77000000	386.073657
14000000	77000000	436.608219
15000000	77000000	778.207941
16000000	77000000	1101.633527
17000000	77000000	1458.626163
18000000	77000000	1106.654136
19000000	77000000	1229.173166
20000000	77000000	835.787270
21000000	77000000	728.031257
22000000	77000000	246.101451
25000000	77000000	878.515981
26000000	77000000	1359.060709
27000000	77000000	1550.841872
28000000	77000000	1167.938510
29000000	77000000	1355.369111
30000000	77000000	1579.865285
31000000	77000000	2816.248611
32000000	77000000	2859.018181
33000000	77000000	2199.139123
34000000	77000000	1774.996220
35000000	77000000	2345.285095
36000000	77000000	1960.263432
37000000	77000000	1982.689980
38000000	77000000	1767.829344
39000000	77000000	3700.432252
40000000	77000000	1640.227266
41000000	77000000	2996.361978
42000000	77000000	2725.651026
43000000	77000000	3255.982142
44000000	77000000	2667.295984
45000000	77000000	1913.024089
46000000	77000000	1899.976168
47000000	77000000	2687.735323
48000000	77000000	2338.397860
49000000	77000000	1538.093100
50000000	77000000	945.193155
51000000	77000000	772.667210
52000000	77000000	802.891251
53000000	77000000	1382.536052
54000000	77000000	1927.534242
55000000	77000000	1741.266077
56000000	77000000	2008.425013
57000000	77000000	1627.750143
58000000	77000000	1563.060567
59000000	77000000	1930.427815
60000000	77000000	2187.881288
61000000	77000000	2428.373665
62000000	77000000	1895.785877
63000000	77000000	2347.434844
64000000	77000000	2603.756177
65000000	77000000	1939.301096
66000000	77000000	2182.012345
67000000	77000000	1973.845475
68000000	77000000	1997.314459
69000000	77000000	2170.048857
70000000	77000000	2614.714306
71000000	77000000	6605.379194
72000000	77000000	8966.881788
73000000	77000000	5913.183812
74000000	77000000	15467.505881
75000000	77000000	32916.279955
76000000	77000000	76985.115095
77000000	77000000	422547.409673
0	78000000	2518.542877
1000000	78000000	2441.903868
2000000	78000000	1992.661180
3000000	78000000	1921.140870
4000000	78000000	2179.946172
5000000	78000000	1808.780251
6000000	78000000	1951.511501
7000000	78000000	2200.343597
8000000	78000000	1631.112960
9000000	78000000	876.384512
10000000	78000000	465.467863
11000000	78000000	282.769364
12000000	78000000	391.459678
13000000	78000000	265.567823
14000000	78000000	231.724432
15000000	78000000	445.404366
16000000	78000000	1054.088990
17000000	78000000	1313.499442
18000000	78000000	1290.366123
19000000	78000000	939.352606
20000000	78000000	677.239561
21000000	78000000	424.088459
22000000	78000000	95.231780
25000000	78000000	709.953863
26000000	78000000	1482.035248
27000000	78000000	2039.808951
28000000	78000000	1437.268317
29000000	78000000	1506.875451
30000000	78000000	1622.128290
31000000	78000000	1177.421403
32000000	78000000	1091.764542
33000000	78000000	1368.019298
34000000	78000000	1570.437794
35000000	78000000	2043.040348
36000000	78000000	2241.250493
37000000	78000000	2350.153164
38000000	78000000	1969.024038
39000000	78000000	2188.912579
40000000	78000000	2577.445943
41000000	78000000	2943.258683
42000000	78000000	3162.392035
43000000	78000000	2750.935920
44000000	78000000	2167.445600
45000000	78000000	2232.623572
46000000	78000000	1823.905151
47000000	78000000	2391.618000
48000000	78000000	2400.807668
49000000	78000000	1101.231206
50000000	78000000	523.415632
51000000	78000000	458.972404
52000000	78000000	453.314405
53000000	78000000	871.170875
54000000	78000000	1022.966683
55000000	78000000	1466.291438
56000000	78000000	1970.876164
57000000	78000000	1976.563652
58000000	78000000	1535.497288
59000000	78000000	1285.921149
60000000	78000000	1529.881991
61000000	78000000	1958.781865
62000000	78000000	2230.401541
63000000	78000000	1588.612452
64000000	78000000	1428.741698
65000000	78000000	1969.535683
66000000	78000000	1822.258603
67000000	78000000	1408.921881
68000000	78000000	1300.892677
69000000	78000000	1383.211395
70000000	78000000	1775.714430
71000000	78000000	3049.660926
72000000	78000000	5689.342538
73000000	78000000	6899.359781
74000000	78000000	11623.360072
75000000	78000000	15444.582842
76000000	78000000	24756.232235
77000000	78000000	77591.315250
78000000	78000000	443331.622361
0	79000000	2864.885224
1000000	79000000	3626.442634
2000000	79000000	2300.179390
3000000	79000000	1891.965984
4000000	79000000	2964.432532
5000000	79000000	1749.525710
6000000	79000000	1729.535781
7000000	79000000	3646.586978
8000000	79000000	1810.100917
9000000	79000000	643.927533
10000000	79000000	394.423321
11000000	79000000	232.898597
12000000	79000000	311.445995
13000000	79000000	204.155133
14000000	79000000	226.964167
15000000	79000000	382.567392
16000000	79000000	1014.852399
17000000	79000000	1313.080028
18000000	79000000	1320.312793
19000000	79000000	748.514054
20000000	79000000	536.857760
21000000	79000000	348.901526
22000000	79000000	140.475646
25000000	79000000	601.826829
26000000	79000000	1444.493532
27000000	79000000	2337.265850
28000000	79000000	1317.027341
29000000	79000000	1389.006810
30000000	79000000	1356.042522
31000000	79000000	803.269433
32000000	79000000	753.526829
33000000	79000000	1067.819666
34000000	79000000	1350.155430
35000000	79000000	1610.883568
36000000	79000000	2577.918034
37000000	79000000	2418.746473
38000000	79000000	2026.085100
39000000	79000000	1778.424787
40000000	79000000	3431.495034
41000000	79000000	3078.190711
42000000	79000000	3575.624370
43000000	79000000	2633.795643
44000000	79000000	1660.385010
45000000	79000000	2023.094493
46000000	79000000	1728.859595
47000000	79000000	2163.864919
48000000	79000000	2175.192323
49000000	79000000	872.924513
50000000	79000000	415.319770
51000000	79000000	312.508141
52000000	79000000	360.351041
53000000	79000000	670.804374
54000000	79000000	757.090406
55000000	79000000	1205.661363
56000000	79000000	1820.783946
57000000	79000000	1700.900166
58000000	79000000	1323.059217
59000000	79000000	1002.221790
60000000	79000000	1223.304983
61000000	79000000	1750.244962
62000000	79000000	2173.210349
63000000	79000000	1208.372523
64000000	79000000	1122.179224
65000000	79000000	1678.089792
66000000	79000000	1500.396939
67000000	79000000	1097.568718
68000000	79000000	1019.960596
69000000	79000000	993.429122
70000000	79000000	1388.992380
71000000	79000000	2199.115905
72000000	79000000	4431.874275
73000000	79000000	8822.120867
74000000	79000000	10524.927317
75000000	79000000	10774.437042
76000000	79000000	15937.482631
77000000	79000000	26259.615340
78000000	79000000	94780.862518
79000000	79000000	437851.774002
0	80000000	7426.466672
1000000	80000000	4551.009087
2000000	80000000	2463.497794
3000000	80000000	2036.921317
4000000	80000000	2567.888242
5000000	80000000	1632.884147
6000000	80000000	1560.566723
7000000	80000000	2907.936373
8000000	80000000	1647.138532
9000000	80000000	761.709012
10000000	80000000	454.636231
11000000	80000000	293.575376
12000000	80000000	382.870568
13000000	80000000	264.904956
14000000	80000000	294.731682
15000000	80000000	459.493141
16000000	80000000	1091.147497
17000000	80000000	1204.168180
18000000	80000000	1377.635770
19000000	80000000	857.648766
20000000	80000000	621.804878
21000000	80000000	478.884553
22000000	80000000	123.122448
25000000	80000000	763.545415
26000000	80000000	1440.477185
27000000	80000000	2032.395062
28000000	80000000	1317.128270
29000000	80000000	1341.896583
30000000	80000000	1290.586655
31000000	80000000	739.411929
32000000	80000000	670.799670
33000000	80000000	1108.473494
34000000	80000000	1231.600478
35000000	80000000	1480.677394
36000000	80000000	2043.164559
37000000	80000000	2144.465850
38000000	80000000	1875.043750
39000000	80000000	1423.152553
40000000	80000000	2946.932378
41000000	80000000	2687.067119
42000000	80000000	2895.372459
43000000	80000000	2170.494503
44000000	80000000	1570.583669
45000000	80000000	1862.904004
46000000	80000000	1534.478897
47000000	80000000	1904.210125
48000000	80000000	1987.369926
49000000	80000000	1002.647499
50000000	80000000	399.580620
51000000	80000000	364.839424
52000000	80000000	442.813915
53000000	80000000	804.540734
54000000	80000000	819.167854
55000000	80000000	1241.832818
56000000	80000000	1752.660384
57000000	80000000	1740.685787
58000000	80000000	1377.820855
59000000	80000000	1028.676343
60000000	80000000	1276.122544
61000000	80000000	1630.445716
62000000	80000000	2063.581493
63000000	80000000	1262.701795
64000000	80000000	1115.395088
65000000	80000000	1745.029909
66000000	80000000	1563.795428
67000000	80000000	1208.208871
68000000	80000000	1040.801300
69000000	80000000	977.221031
70000000	80000000	1422.534855
71000000	80000000	1985.925586
72000000	80000000	3595.223183
73000000	80000000	6255.535279
74000000	80000000	6154.177581
75000000	80000000	5785.752107
76000000	80000000	7676.985426
77000000	80000000	8301.856104
78000000	80000000	14533.926721
79000000	80000000	84645.004884
80000000	80000000	418556.371026
0	81000000	8191.106914
1000000	81000000	1902.639057
2000000	81000000	1117.660625
3000000	81000000	1083.027987
4000000	81000000	1043.133490
5000000	81000000	1032.139392
6000000	81000000	1068.399791
7000000	81000000	935.301557
8000000	81000000	735.534228
9000000	81000000	534.508490
10000000	81000000	363.459949
11000000	81000000	328.818934
12000000	81000000	288.684799
13000000	81000000	249.478354
14000000	81000000	294.598416
15000000	81000000	431.989346
16000000	81000000	516.291899
17000000	81000000	653.129141
18000000	81000000	743.600771
19000000	81000000	452.261926
20000000	81000000	376.579529
21000000	81000000	419.974720
22000000	81000000	212.193031
25000000	81000000	559.965007
26000000	81000000	770.318377
27000000	81000000	916.858395
28000000	81000000	597.677611
29000000	81000000	614.803798
30000000	81000000	659.589779
31000000	81000000	564.193641
32000000	81000000	635.486413
33000000	81000000	592.137060
34000000	81000000	652.431863
35000000	81000000	897.525739
36000000	81000000	939.589653
37000000	81000000	1058.564516
38000000	81000000	837.942313
39000000	81000000	954.590051
40000000	81000000	991.344714
41000000	81000000	1471.849746
42000000	81000000	1310.934089
43000000	81000000	1021.790742
44000000	81000000	820.627677
45000000	81000000	849.361464
46000000	81000000	696.736222
47000000	81000000	868.541889
48000000	81000000	1066.182639
49000000	81000000	691.928569
50000000	81000000	382.583105
51000000	81000000	350.668468
52000000	81000000	397.849872
53000000	81000000	539.739959
54000000	81000000	708.389797
55000000	81000000	743.129534
56000000	81000000	821.713609
57000000	81000000	791.074071
58000000	81000000	674.386361
59000000	81000000	654.534188
60000000	81000000	735.365674
61000000	81000000	897.971656
62000000	81000000	997.165733
63000000	81000000	918.966153
64000000	81000000	780.390899
65000000	81000000	959.291936
66000000	81000000	913.388416
67000000	81000000	810.328378
68000000	81000000	775.805239
69000000	81000000	957.037949
70000000	81000000	1038.533399
71000000	81000000	1686.586201
72000000	81000000	2315.595470
73000000	81000000	2153.857277
74000000	81000000	2606.767722
75000000	81000000	3258.818193
76000000	81000000	3496.485117
77000000	81000000	5389.027959
78000000	81000000	6741.369197
79000000	81000000	12621.326151
80000000	81000000	150457.205819
81000000	81000000	559561.124507
