0	0	330711.215503
0	1000000	57057.431220
1000000	1000000	295265.896819
0	2000000	30757.383852
1000000	2000000	54686.901808
2000000	2000000	281806.646520
0	3000000	11315.269537
1000000	3000000	11583.387183
2000000	3000000	71595.266153
3000000	3000000	288428.902470
0	4000000	6176.289723
1000000	4000000	8363.173355
2000000	4000000	13222.030061
3000000	4000000	58301.409058
4000000	4000000	342513.536358
0	5000000	8919.022642
1000000	5000000	12978.223108
2000000	5000000	13339.318286
3000000	5000000	29695.575087
4000000	5000000	56229.000965
5000000	5000000	233459.709742
0	6000000	8269.794489
1000000	6000000	11570.924779
2000000	6000000	10372.414971
3000000	6000000	14179.615028
4000000	6000000	14880.246145
5000000	6000000	89072.992550
6000000	6000000	250045.695280
0	7000000	6990.601646
1000000	7000000	12673.693105
2000000	7000000	6800.458330
3000000	7000000	7227.816766
4000000	7000000	9435.369037
5000000	7000000	23992.850353
6000000	7000000	50057.630157
7000000	7000000	264945.923315
0	8000000	6949.179887
1000000	8000000	7238.821582
2000000	8000000	6768.658741
3000000	8000000	7780.036150
4000000	8000000	6831.703366
5000000	8000000	15868.625435
6000000	8000000	24866.904862
7000000	8000000	73889.416377
8000000	8000000	244830.262707
0	9000000	5543.850693
1000000	9000000	3043.001658
2000000	9000000	6394.708900
3000000	9000000	6918.918178
4000000	9000000	5726.835966
5000000	9000000	6947.432489
6000000	9000000	9766.597226
7000000	9000000	12911.433133
8000000	9000000	69670.257506
9000000	9000000	304994.225525
0	10000000	4611.540210
1000000	10000000	3762.851852
2000000	10000000	4500.500618
3000000	10000000	4847.328703
4000000	10000000	4177.538152
5000000	10000000	6434.958464
6000000	10000000	7609.031872
7000000	10000000	10118.135443
8000000	10000000	19767.352875
9000000	10000000	56309.908532
10000000	10000000	279376.787079
0	11000000	4648.039986
1000000	11000000	4226.460705
2000000	11000000	4575.850282
3000000	11000000	4977.899233
4000000	11000000	4023.236258
5000000	11000000	6452.863863
6000000	11000000	7321.688558
7000000	11000000	8897.677331
8000000	11000000	13929.224212
9000000	11000000	24863.411132
10000000	11000000	104267.961864
11000000	11000000	263270.109427
0	12000000	5458.282416
1000000	12000000	3355.977277
2000000	12000000	5480.915039
3000000	12000000	5215.278742
4000000	12000000	3244.961827
5000000	12000000	4844.070553
6000000	12000000	5470.983326
7000000	12000000	5700.935764
8000000	12000000	9150.048282
9000000	12000000	15198.537074
10000000	12000000	18701.277297
11000000	12000000	56820.383626
12000000	12000000	311834.160232
0	13000000	6338.299192
1000000	13000000	4051.950643
2000000	13000000	5562.270933
3000000	13000000	4880.680194
4000000	13000000	3666.175265
5000000	13000000	5320.628020
6000000	13000000	6281.815455
7000000	13000000	6340.710527
8000000	13000000	8835.669257
9000000	13000000	9721.868189
10000000	13000000	9729.938986
11000000	13000000	14282.974103
12000000	13000000	61554.375738
13000000	13000000	279253.755168
0	14000000	5219.747935
1000000	14000000	7114.019136
2000000	14000000	3707.178812
3000000	14000000	3068.126264
4000000	14000000	3737.583494
5000000	14000000	5439.397273
6000000	14000000	6309.835475
7000000	14000000	9732.210396
8000000	14000000	6720.175019
9000000	14000000	4153.869422
10000000	14000000	5238.578575
11000000	14000000	6811.310930
12000000	14000000	10642.134400
13000000	14000000	66509.987861
14000000	14000000	284055.936794
0	15000000	2737.646317
1000000	15000000	5971.571268
2000000	15000000	1903.412243
3000000	15000000	1260.675390
4000000	15000000	2716.000497
5000000	15000000	3229.813077
6000000	15000000	3703.772344
7000000	15000000	7986.984899
8000000	15000000	3315.753848
9000000	15000000	1671.378850
10000000	15000000	2191.581183
11000000	15000000	2893.499052
12000000	15000000	3275.762827
13000000	15000000	10458.091571
14000000	15000000	81841.766821
15000000	15000000	417760.571407
0	18000000	4481.549540
1000000	18000000	3638.067006
2000000	18000000	3268.022718
3000000	18000000	2428.302574
4000000	18000000	2188.425273
5000000	18000000	3254.349696
6000000	18000000	3739.888030
7000000	18000000	3960.166143
8000000	18000000	3878.495388
9000000	18000000	3026.626412
10000000	18000000	2880.824133
11000000	18000000	3239.411586
12000000	18000000	4536.659491
13000000	18000000	8563.224688
14000000	18000000	9042.660654
15000000	18000000	5429.351064
18000000	18000000	317327.453784
0	19000000	4718.087190
1000000	19000000	3579.641912
2000000	19000000	3888.801365
3000000	19000000	3220.715508
4000000	19000000	2328.524000
5000000	19000000	3843.151500
6000000	19000000	4089.597322
7000000	19000000	4063.789551
8000000	19000000	4450.264488
9000000	19000000	3796.004199
10000000	19000000	3820.571533
11000000	19000000	4480.067555
12000000	19000000	6098.214315
13000000	19000000	8476.654673
14000000	19000000	6625.461761
15000000	19000000	3119.267961
18000000	19000000	78205.005574
19000000	19000000	246119.532139
0	20000000	3361.354712
1000000	20000000	2428.667947
2000000	20000000	3375.019908
3000000	20000000	3220.689355
4000000	20000000	2347.243359
5000000	20000000	2810.124245
6000000	20000000	3187.541238
7000000	20000000	2868.494584
8000000	20000000	3444.858857
9000000	20000000	3852.293847
10000000	20000000	3556.917434
11000000	20000000	4019.423744
12000000	20000000	5348.980922
13000000	20000000	6187.707902
14000000	20000000	3762.435658
15000000	20000000	2031.726655
18000000	20000000	19553.811472
19000000	20000000	53141.252819
20000000	20000000	278457.981712
0	21000000	3133.581088
1000000	21000000	1917.455748
2000000	21000000	3516.020400
3000000	21000000	3636.952433
4000000	21000000	2522.988757
5000000	21000000	2762.786987
6000000	21000000	2976.897400
7000000	21000000	2396.688028
8000000	21000000	3324.299221
9000000	21000000	3817.827616
10000000	21000000	3616.231406
11000000	21000000	3966.586021
12000000	21000000	5036.336083
13000000	21000000	5187.230047
14000000	21000000	2593.262494
15000000	21000000	1014.799715
18000000	21000000	9075.008202
19000000	21000000	17413.690762
20000000	21000000	65009.722649
21000000	21000000	275132.341054
0	22000000	3076.438348
1000000	22000000	3779.603648
2000000	22000000	2631.648041
3000000	22000000	2668.372214
4000000	22000000	2224.266082
5000000	22000000	4195.075433
6000000	22000000	4105.950848
7000000	22000000	4143.412044
8000000	22000000	3667.841350
9000000	22000000	2135.977653
10000000	22000000	2957.548642
11000000	22000000	3399.154392
12000000	22000000	2950.019727
13000000	22000000	3657.470400
14000000	22000000	3678.495981
15000000	22000000	2129.867885
18000000	22000000	7758.369158
19000000	22000000	12003.678915
20000000	22000000	14216.109560
21000000	22000000	45612.737005
22000000	22000000	243966.760719
0	23000000	3082.139115
1000000	23000000	2595.103777
2000000	23000000	3218.778192
3000000	23000000	3098.861788
4000000	23000000	2690.518228
5000000	23000000	2999.905883
6000000	23000000	3132.662092
7000000	23000000	2711.786546
8000000	23000000	2907.782451
9000000	23000000	2782.198408
10000000	23000000	2659.650855
11000000	23000000	2804.491091
12000000	23000000	3055.329236
13000000	23000000	3473.381322
14000000	23000000	2716.206620
15000000	23000000	1411.455533
18000000	23000000	6219.690064
19000000	23000000	8817.189038
20000000	23000000	10098.661754
21000000	23000000	18710.540437
22000000	23000000	62413.151010
23000000	23000000	235776.801289
0	24000000	2928.523694
1000000	24000000	2887.474753
2000000	24000000	2728.646972
3000000	24000000	2714.567585
4000000	24000000	2178.176196
5000000	24000000	2913.887231
6000000	24000000	2933.802883
7000000	24000000	2600.789246
8000000	24000000	2675.560352
9000000	24000000	2034.489385
10000000	24000000	1993.194676
11000000	24000000	2187.787147
12000000	24000000	2239.612400
13000000	24000000	2885.073941
14000000	24000000	2630.662335
15000000	24000000	1486.097031
18000000	24000000	5122.145152
19000000	24000000	6589.274930
20000000	24000000	6670.145268
21000000	24000000	9830.275780
22000000	24000000	19529.450748
23000000	24000000	73744.651395
24000000	24000000	239979.985099
0	25000000	2532.778605
1000000	25000000	4292.082420
2000000	25000000	2098.440842
3000000	25000000	1720.395691
4000000	25000000	1973.966529
5000000	25000000	2814.209258
6000000	25000000	2940.461010
7000000	25000000	3930.029661
8000000	25000000	2266.517296
9000000	25000000	1158.206394
10000000	25000000	1422.760541
11000000	25000000	1631.317463
12000000	25000000	1363.110201
13000000	25000000	2135.844867
14000000	25000000	3570.378597
15000000	25000000	2766.660478
18000000	25000000	4842.760894
19000000	25000000	5066.767267
20000000	25000000	4344.636791
21000000	25000000	4947.684549
22000000	25000000	12204.952875
23000000	25000000	15886.323275
24000000	25000000	53020.303082
25000000	25000000	238646.985719
0	26000000	2256.128394
1000000	26000000	4285.126834
2000000	26000000	2073.091877
3000000	26000000	1590.678145
4000000	26000000	1935.356949
5000000	26000000	2707.401477
6000000	26000000	2716.082609
7000000	26000000	3568.527367
8000000	26000000	1975.946940
9000000	26000000	1090.964688
10000000	26000000	1309.649321
11000000	26000000	1535.611358
12000000	26000000	1288.389399
13000000	26000000	1851.087131
14000000	26000000	3383.485181
15000000	26000000	2935.452290
18000000	26000000	4151.296108
19000000	26000000	3979.644304
20000000	26000000	3546.557149
21000000	26000000	3787.681342
22000000	26000000	8284.913255
23000000	26000000	8731.547280
24000000	26000000	17080.999025
25000000	26000000	69820.257883
26000000	26000000	242097.402861
0	27000000	2222.999445
1000000	27000000	4370.291491
2000000	27000000	2087.042215
3000000	27000000	1538.948238
4000000	27000000	1578.527973
5000000	27000000	2675.557864
6000000	27000000	2684.859588
7000000	27000000	3171.465745
8000000	27000000	1883.314997
9000000	27000000	985.745716
10000000	27000000	1253.920380
11000000	27000000	1501.154319
12000000	27000000	1239.769709
13000000	27000000	1663.675605
14000000	27000000	3048.623809
15000000	27000000	2630.464102
18000000	27000000	3716.517092
19000000	27000000	3748.287075
20000000	27000000	3177.301416
21000000	27000000	3355.887460
22000000	27000000	6924.564442
23000000	27000000	6635.655826
24000000	27000000	11277.010721
25000000	27000000	26227.662469
26000000	27000000	62180.566744
27000000	27000000	240481.311609
0	28000000	2378.891152
1000000	28000000	3456.163131
2000000	28000000	2473.443094
3000000	28000000	1952.695346
4000000	28000000	1730.574126
5000000	28000000	2483.369849
6000000	28000000	2598.814106
7000000	28000000	2437.765766
8000000	28000000	2020.947300
9000000	28000000	1407.540922
10000000	28000000	1471.908479
11000000	28000000	1725.039278
12000000	28000000	1632.174728
13000000	28000000	1989.393511
14000000	28000000	2246.680597
15000000	28000000	1148.864723
18000000	28000000	3583.762229
19000000	28000000	3767.867220
20000000	28000000	3504.018497
21000000	28000000	3918.300524
22000000	28000000	6041.885307
23000000	28000000	6360.364280
24000000	28000000	9178.636384
25000000	28000000	13175.076423
26000000	28000000	18511.496920
27000000	28000000	55179.441743
28000000	28000000	238844.684811
0	29000000	3100.141424
1000000	29000000	2016.402078
2000000	29000000	3197.046484
3000000	29000000	2893.091369
4000000	29000000	2222.257954
5000000	29000000	2079.503403
6000000	29000000	2181.770608
7000000	29000000	1578.957006
8000000	29000000	2001.685388
9000000	29000000	2454.795629
10000000	29000000	1927.355392
11000000	29000000	1929.643264
12000000	29000000	2522.569619
13000000	29000000	2753.577524
14000000	29000000	1639.591807
15000000	29000000	741.772444
18000000	29000000	3387.720640
19000000	29000000	4245.590868
20000000	29000000	4382.079210
21000000	29000000	5277.115485
22000000	29000000	4533.233457
23000000	29000000	6798.866232
24000000	29000000	7331.471868
25000000	29000000	6501.759068
26000000	29000000	7901.297785
27000000	29000000	13734.952312
28000000	29000000	61941.243251
29000000	29000000	264910.878011
0	30000000	2501.295484
1000000	30000000	3803.104215
2000000	30000000	2415.099118
3000000	30000000	1716.184134
4000000	30000000	1511.977669
5000000	30000000	2649.903024
6000000	30000000	2731.003799
7000000	30000000	2589.659781
8000000	30000000	2064.852813
9000000	30000000	1205.548706
10000000	30000000	1476.066329
11000000	30000000	1760.040597
12000000	30000000	1604.998402
13000000	30000000	1927.734263
14000000	30000000	2204.868561
15000000	30000000	1416.007925
18000000	30000000	3112.004960
19000000	30000000	3624.129291
20000000	30000000	2978.182384
21000000	30000000	3397.975956
22000000	30000000	5793.279512
23000000	30000000	4751.720188
24000000	30000000	6372.654222
25000000	30000000	7750.733384
26000000	30000000	9696.736004
27000000	30000000	15008.674219
28000000	30000000	22605.077871
29000000	30000000	49251.272047
30000000	30000000	236611.067979
0	31000000	2319.785804
1000000	31000000	3143.990326
2000000	31000000	2288.078349
3000000	31000000	1976.079667
4000000	31000000	2135.466967
5000000	31000000	2385.916505
6000000	31000000	2313.743070
7000000	31000000	2149.550229
8000000	31000000	1859.391969
9000000	31000000	1409.035889
10000000	31000000	1475.838075
11000000	31000000	1658.243369
12000000	31000000	1440.110637
13000000	31000000	1843.690767
14000000	31000000	2038.078158
15000000	31000000	1393.924473
18000000	31000000	2854.620298
19000000	31000000	3251.269217
20000000	31000000	2898.566828
21000000	31000000	3055.596476
22000000	31000000	4254.637590
23000000	31000000	4217.896770
24000000	31000000	5115.797576
25000000	31000000	5908.097239
26000000	31000000	6747.641667
27000000	31000000	9037.065653
28000000	31000000	11363.299636
29000000	31000000	12633.599738
30000000	31000000	50539.968067
31000000	31000000	259586.493668
0	32000000	2555.233838
1000000	32000000	2266.755657
2000000	32000000	2432.027216
3000000	32000000	2153.178832
4000000	32000000	1883.490465
5000000	32000000	2214.293504
6000000	32000000	2085.351095
7000000	32000000	1745.074917
8000000	32000000	1984.115478
9000000	32000000	1772.498575
10000000	32000000	1623.425210
11000000	32000000	1798.667237
12000000	32000000	1885.856968
13000000	32000000	2296.645327
14000000	32000000	1991.652334
15000000	32000000	1113.805117
18000000	32000000	2957.723902
19000000	32000000	3528.641075
20000000	32000000	3373.382591
21000000	32000000	3809.531885
22000000	32000000	3945.997457
23000000	32000000	4324.868860
24000000	32000000	4736.414679
25000000	32000000	4581.615809
26000000	32000000	5071.899793
27000000	32000000	6105.405283
28000000	32000000	7756.061011
29000000	32000000	9904.992811
30000000	32000000	17720.895002
31000000	32000000	54693.175104
32000000	32000000	235562.074219
0	33000000	2300.717562
1000000	33000000	1149.020560
2000000	33000000	2325.605999
3000000	33000000	2450.440298
4000000	33000000	2004.147682
5000000	33000000	1534.355913
6000000	33000000	1609.236263
7000000	33000000	1221.275260
8000000	33000000	1847.882538
9000000	33000000	2396.210266
10000000	33000000	1903.686241
11000000	33000000	2014.222584
12000000	33000000	2577.021152
13000000	33000000	2672.836246
14000000	33000000	1521.952741
15000000	33000000	702.652513
18000000	33000000	2488.589653
19000000	33000000	3292.102511
20000000	33000000	3695.176829
21000000	33000000	4422.168430
22000000	33000000	3017.310438
23000000	33000000	4115.319000
24000000	33000000	3623.758996
25000000	33000000	2704.667674
26000000	33000000	2782.327698
27000000	33000000	2906.002473
28000000	33000000	4372.435617
29000000	33000000	7660.406004
30000000	33000000	5895.516192
31000000	33000000	11062.205562
32000000	33000000	61793.027679
33000000	33000000	272399.691918
0	34000000	2449.436162
1000000	34000000	2000.267700
2000000	34000000	2172.128961
3000000	34000000	2117.536114
4000000	34000000	1831.477622
5000000	34000000	2131.426283
6000000	34000000	2292.281710
7000000	34000000	2132.998003
8000000	34000000	2233.923051
9000000	34000000	1881.276370
10000000	34000000	1806.612739
11000000	34000000	1911.986631
12000000	34000000	2078.381600
13000000	34000000	2681.382000
14000000	34000000	2250.433828
15000000	34000000	998.931679
18000000	34000000	3333.070170
19000000	34000000	3920.724978
20000000	34000000	3680.003617
21000000	34000000	4086.463086
22000000	34000000	4466.270507
23000000	34000000	4383.735447
24000000	34000000	4426.219343
25000000	34000000	3956.082936
26000000	34000000	3990.252253
27000000	34000000	4240.586109
28000000	34000000	5160.686206
29000000	34000000	6366.947010
30000000	34000000	7375.240824
31000000	34000000	9588.835695
32000000	34000000	19650.393656
33000000	34000000	69268.010435
34000000	34000000	211715.040133
0	35000000	1911.436000
1000000	35000000	2859.037175
2000000	35000000	1460.531969
3000000	35000000	1091.591026
4000000	35000000	1277.031035
5000000	35000000	1973.436283
6000000	35000000	2304.165673
7000000	35000000	2604.149531
8000000	35000000	1707.275458
9000000	35000000	860.725499
10000000	35000000	1097.098942
11000000	35000000	1166.994303
12000000	35000000	981.293455
13000000	35000000	1669.160502
14000000	35000000	2906.779038
15000000	35000000	2404.004658
18000000	35000000	2704.438353
19000000	35000000	2735.551316
20000000	35000000	2089.671697
21000000	35000000	2026.656158
22000000	35000000	3723.653391
23000000	35000000	2804.925932
24000000	35000000	3338.634586
25000000	35000000	4609.464009
26000000	35000000	4685.668334
27000000	35000000	4808.848112
28000000	35000000	4242.677317
29000000	35000000	3350.932829
30000000	35000000	6442.747453
31000000	35000000	6787.597185
32000000	35000000	8166.642618
33000000	35000000	8217.790116
34000000	35000000	42745.618221
35000000	35000000	211114.414201
0	36000000	1843.440489
1000000	36000000	2321.858636
2000000	36000000	1522.175791
3000000	36000000	1468.649794
4000000	36000000	1928.225499
5000000	36000000	1778.011187
6000000	36000000	1922.240102
7000000	36000000	2074.891350
8000000	36000000	1440.694928
9000000	36000000	1126.171236
10000000	36000000	1045.364738
11000000	36000000	1092.054993
12000000	36000000	998.067137
13000000	36000000	1662.237571
14000000	36000000	2438.958369
15000000	36000000	1744.627483
18000000	36000000	2838.058447
19000000	36000000	2460.230308
20000000	36000000	2119.855594
21000000	36000000	2070.719798
22000000	36000000	2592.130745
23000000	36000000	2641.801718
24000000	36000000	2997.163534
25000000	36000000	3888.832310
26000000	36000000	4074.834840
27000000	36000000	3825.267354
28000000	36000000	3904.742427
29000000	36000000	3589.674446
30000000	36000000	4535.257423
31000000	36000000	5874.169697
32000000	36000000	7053.698530
33000000	36000000	7130.626052
34000000	36000000	16389.866909
35000000	36000000	77871.952467
36000000	36000000	255501.736027
0	37000000	1550.258219
1000000	37000000	3017.351846
2000000	37000000	1304.019233
3000000	37000000	1052.266239
4000000	37000000	1329.287106
5000000	37000000	1790.362563
6000000	37000000	1735.853059
7000000	37000000	2482.697603
8000000	37000000	1339.835049
9000000	37000000	704.295985
10000000	37000000	877.919290
11000000	37000000	1004.702858
12000000	37000000	838.166598
13000000	37000000	1322.082837
14000000	37000000	2525.316090
15000000	37000000	2151.217239
18000000	37000000	2184.513809
19000000	37000000	2106.635277
20000000	37000000	1735.412471
21000000	37000000	1619.027439
22000000	37000000	2999.828545
23000000	37000000	2279.502258
24000000	37000000	2916.847343
25000000	37000000	4666.919052
26000000	37000000	5337.614230
27000000	37000000	5768.225926
28000000	37000000	4327.928879
29000000	37000000	2804.075306
30000000	37000000	5702.558722
31000000	37000000	5893.593480
32000000	37000000	5950.976094
33000000	37000000	4766.119887
34000000	37000000	14666.636262
35000000	37000000	49230.039315
36000000	37000000	57168.463243
37000000	37000000	229904.930503
0	38000000	1715.862575
1000000	38000000	2983.094305
2000000	38000000	1599.567618
3000000	38000000	1268.142451
4000000	38000000	1284.773412
5000000	38000000	1906.459421
6000000	38000000	1895.661579
7000000	38000000	2285.821374
8000000	38000000	1434.144962
9000000	38000000	825.460204
10000000	38000000	967.908569
11000000	38000000	1082.209421
12000000	38000000	925.299824
13000000	38000000	1265.270175
14000000	38000000	1981.548020
15000000	38000000	1480.318447
18000000	38000000	2205.857103
19000000	38000000	2438.719912
20000000	38000000	2015.301764
21000000	38000000	1917.745762
22000000	38000000	3227.903484
23000000	38000000	2551.722251
24000000	38000000	3158.919233
25000000	38000000	4639.042003
26000000	38000000	5131.562630
27000000	38000000	5601.452430
28000000	38000000	4885.121835
29000000	38000000	3263.614516
30000000	38000000	6151.118836
31000000	38000000	6282.561005
32000000	38000000	6164.740213
33000000	38000000	4478.759705
34000000	38000000	11326.018700
35000000	38000000	20143.670519
36000000	38000000	18200.264278
37000000	38000000	55032.656287
38000000	38000000	240920.855339
0	39000000	2130.007241
1000000	39000000	2289.792219
2000000	39000000	1977.895791
3000000	39000000	1784.163966
4000000	39000000	1667.301264
5000000	39000000	1845.366657
6000000	39000000	1880.942839
7000000	39000000	1772.104124
8000000	39000000	1714.876661
9000000	39000000	1122.663723
10000000	39000000	1242.619145
11000000	39000000	1452.486300
12000000	39000000	1305.774568
13000000	39000000	1710.038672
14000000	39000000	1846.456432
15000000	39000000	929.854462
18000000	39000000	2437.856197
19000000	39000000	2886.909566
20000000	39000000	2695.098506
21000000	39000000	2671.390148
22000000	39000000	3576.708540
23000000	39000000	3200.710868
24000000	39000000	3602.122528
25000000	39000000	3703.641023
26000000	39000000	3653.032809
27000000	39000000	4157.832426
28000000	39000000	4557.793111
29000000	39000000	4332.230437
30000000	39000000	5614.297214
31000000	39000000	5679.445313
32000000	39000000	6588.271547
33000000	39000000	6065.738776
34000000	39000000	12636.921978
35000000	39000000	15116.102932
36000000	39000000	12877.111568
37000000	39000000	22247.617632
38000000	39000000	54287.063833
39000000	39000000	203876.103343
0	40000000	1777.180237
1000000	40000000	2818.118113
2000000	40000000	1746.176170
3000000	40000000	1226.981525
4000000	40000000	1141.289596
5000000	40000000	1911.274213
6000000	40000000	1865.480961
7000000	40000000	1876.922277
8000000	40000000	1457.946625
9000000	40000000	768.333175
10000000	40000000	1038.329737
11000000	40000000	1186.877037
12000000	40000000	1034.478004
13000000	40000000	1299.802925
14000000	40000000	1684.884842
15000000	40000000	952.602253
18000000	40000000	2201.873555
19000000	40000000	2544.180182
20000000	40000000	2055.845354
21000000	40000000	2135.042845
22000000	40000000	3648.095676
23000000	40000000	2765.691405
24000000	40000000	3331.535812
25000000	40000000	4219.575416
26000000	40000000	4265.660272
27000000	40000000	4836.666133
28000000	40000000	4583.938045
29000000	40000000	3172.785034
30000000	40000000	6000.407254
31000000	40000000	5528.909861
32000000	40000000	5171.321784
33000000	40000000	3334.787726
34000000	40000000	6365.527759
35000000	40000000	7858.393296
36000000	40000000	6212.137860
37000000	40000000	10333.809994
38000000	40000000	18032.160631
39000000	40000000	62113.059124
40000000	40000000	247392.930342
0	41000000	1668.269523
1000000	41000000	2777.257454
2000000	41000000	1520.553394
3000000	41000000	1099.174877
4000000	41000000	990.991057
5000000	41000000	1888.036552
6000000	41000000	1844.484074
7000000	41000000	2046.539501
8000000	41000000	1506.731479
9000000	41000000	675.117855
10000000	41000000	991.618273
11000000	41000000	1300.189311
12000000	41000000	952.624670
13000000	41000000	1240.011057
14000000	41000000	1723.905160
15000000	41000000	1120.275359
18000000	41000000	2157.865188
19000000	41000000	2420.298639
20000000	41000000	2012.627698
21000000	41000000	2019.697204
22000000	41000000	3872.233227
23000000	41000000	2700.400798
24000000	41000000	3296.935781
25000000	41000000	3997.111307
26000000	41000000	4243.844176
27000000	41000000	4859.413969
28000000	41000000	4100.607283
29000000	41000000	2916.470710
30000000	41000000	5910.587572
31000000	41000000	5032.140380
32000000	41000000	4446.513796
33000000	41000000	2699.937320
34000000	41000000	5193.724777
35000000	41000000	6316.617791
36000000	41000000	4857.388755
37000000	41000000	7536.469168
38000000	41000000	11591.082730
39000000	41000000	20669.909326
40000000	41000000	46301.448351
41000000	41000000	232422.600719
0	42000000	1867.939273
1000000	42000000	1387.211063
2000000	42000000	1860.436152
3000000	42000000	1858.193030
4000000	42000000	1532.751433
5000000	42000000	1597.452661
6000000	42000000	1685.523561
7000000	42000000	1441.986698
8000000	42000000	1574.413473
9000000	42000000	1479.405115
10000000	42000000	1470.526536
11000000	42000000	1572.971430
12000000	42000000	1582.135740
13000000	42000000	1799.585957
14000000	42000000	1132.977064
15000000	42000000	543.789415
18000000	42000000	2000.615559
19000000	42000000	2700.590223
20000000	42000000	2787.500146
21000000	42000000	3370.537715
22000000	42000000	3164.445114
23000000	42000000	3360.745486
24000000	42000000	3297.518595
25000000	42000000	2362.380045
26000000	42000000	2257.615334
27000000	42000000	2474.284670
28000000	42000000	3142.667236
29000000	42000000	3918.304064
30000000	42000000	3602.432651
31000000	42000000	3769.140810
32000000	42000000	4254.471228
33000000	42000000	4577.538183
34000000	42000000	5674.242677
35000000	42000000	3846.820099
36000000	42000000	3836.244406
37000000	42000000	3758.024881
38000000	42000000	5556.971644
39000000	42000000	12014.265317
40000000	42000000	14142.822411
41000000	42000000	66754.658960
42000000	42000000	275323.371666
0	43000000	2184.108436
1000000	43000000	1286.444195
2000000	43000000	2034.585969
3000000	43000000	2264.028233
4000000	43000000	1666.325208
5000000	43000000	1765.838140
6000000	43000000	1754.811069
7000000	43000000	1548.115545
8000000	43000000	2035.639480
9000000	43000000	2121.968218
10000000	43000000	2111.805728
11000000	43000000	2207.784751
12000000	43000000	2552.390521
13000000	43000000	2497.741163
14000000	43000000	1290.922730
15000000	43000000	578.118155
18000000	43000000	2303.296619
19000000	43000000	3252.474081
20000000	43000000	3410.069207
21000000	43000000	4061.196349
22000000	43000000	3208.196105
23000000	43000000	3303.062901
24000000	43000000	2788.745050
25000000	43000000	1907.315033
26000000	43000000	1775.318527
27000000	43000000	1830.089208
28000000	43000000	2343.106665
29000000	43000000	3631.629889
30000000	43000000	2859.247134
31000000	43000000	2711.432594
32000000	43000000	3876.303680
33000000	43000000	5203.776131
34000000	43000000	5727.610824
35000000	43000000	3389.189279
36000000	43000000	3170.542863
37000000	43000000	2991.160440
38000000	43000000	3933.394824
39000000	43000000	8101.817420
40000000	43000000	8738.376148
41000000	43000000	19869.337836
42000000	43000000	36795.266653
43000000	43000000	246990.470088
0	44000000	1800.185113
1000000	44000000	1321.574042
2000000	44000000	1549.905276
3000000	44000000	1936.728097
4000000	44000000	1572.462769
5000000	44000000	2058.308663
6000000	44000000	1852.603987
7000000	44000000	1916.556724
8000000	44000000	2175.724678
9000000	44000000	2066.899165
10000000	44000000	2459.483792
11000000	44000000	2678.939604
12000000	44000000	2678.522983
13000000	44000000	2254.884289
14000000	44000000	1250.234346
15000000	44000000	527.164019
18000000	44000000	2100.071115
19000000	44000000	3015.057380
20000000	44000000	3013.420797
21000000	44000000	3419.196448
22000000	44000000	3367.358446
23000000	44000000	2721.011974
24000000	44000000	2106.803045
25000000	44000000	1691.642945
26000000	44000000	1506.951938
27000000	44000000	1530.673065
28000000	44000000	1767.276248
29000000	44000000	2420.539627
30000000	44000000	2264.036696
31000000	44000000	2103.723869
32000000	44000000	2889.424361
33000000	44000000	3862.535779
34000000	44000000	4425.214450
35000000	44000000	3028.356983
36000000	44000000	2450.227155
37000000	44000000	2425.549401
38000000	44000000	3077.028470
39000000	44000000	4439.688881
40000000	44000000	4602.647562
41000000	44000000	6874.235400
42000000	44000000	9891.837292
43000000	44000000	67667.882382
44000000	44000000	248169.296573
0	45000000	1749.110000
1000000	45000000	1323.258397
2000000	45000000	1435.070850
3000000	45000000	1762.102793
4000000	45000000	1471.093320
5000000	45000000	2052.662381
6000000	45000000	1850.363117
7000000	45000000	2079.792769
8000000	45000000	2224.660971
9000000	45000000	1954.202680
10000000	45000000	2478.447667
11000000	45000000	2781.092973
12000000	45000000	2539.212635
13000000	45000000	2121.172605
14000000	45000000	1282.577324
15000000	45000000	614.663118
18000000	45000000	1936.266355
19000000	45000000	2925.472846
20000000	45000000	2906.796634
21000000	45000000	3300.697414
22000000	45000000	3670.171738
23000000	45000000	2695.109316
24000000	45000000	2041.290710
25000000	45000000	1582.660238
26000000	45000000	1405.857325
27000000	45000000	1437.147053
28000000	45000000	1721.625687
29000000	45000000	2150.649975
30000000	45000000	2253.954606
31000000	45000000	2028.263286
32000000	45000000	2585.258957
33000000	45000000	3325.562231
34000000	45000000	3914.779016
35000000	45000000	2791.598473
36000000	45000000	2001.574822
37000000	45000000	2173.376338
38000000	45000000	2583.956207
39000000	45000000	3701.889206
40000000	45000000	3952.133721
41000000	45000000	5315.730149
42000000	45000000	7114.303433
43000000	45000000	19889.493673
44000000	45000000	75449.300509
45000000	45000000	254755.234704
0	46000000	1387.371293
1000000	46000000	609.167035
2000000	46000000	1525.705200
3000000	46000000	1966.889955
4000000	46000000	1532.410098
5000000	46000000	1115.417196
6000000	46000000	1185.488643
7000000	46000000	991.521879
8000000	46000000	1486.896688
9000000	46000000	2231.431361
10000000	46000000	2011.997480
11000000	46000000	2071.415628
12000000	46000000	2590.534592
13000000	46000000	1902.873129
14000000	46000000	729.136894
15000000	46000000	363.449616
18000000	46000000	1407.868727
19000000	46000000	2349.116987
20000000	46000000	2954.442722
21000000	46000000	3294.137339
22000000	46000000	1834.339135
23000000	46000000	2338.697024
24000000	46000000	1648.696137
25000000	46000000	964.491379
26000000	46000000	863.332012
27000000	46000000	868.399942
28000000	46000000	1329.041600
29000000	46000000	2487.773845
30000000	46000000	1342.074409
31000000	46000000	1500.332996
32000000	46000000	2218.599692
33000000	46000000	3666.516672
34000000	46000000	3051.084782
35000000	46000000	1424.136093
36000000	46000000	1579.310200
37000000	46000000	1271.940181
38000000	46000000	1564.803742
39000000	46000000	2666.746980
40000000	46000000	2038.416165
41000000	46000000	2427.660911
42000000	46000000	5274.662839
43000000	46000000	11235.037085
44000000	46000000	17197.764346
45000000	46000000	50390.766417
46000000	46000000	327262.376677
0	47000000	1782.891983
1000000	47000000	887.831538
2000000	47000000	1617.701751
3000000	47000000	1922.666757
4000000	47000000	1402.650706
5000000	47000000	1550.713914
6000000	47000000	1414.374752
7000000	47000000	1306.235401
8000000	47000000	1816.251879
9000000	47000000	2098.594307
10000000	47000000	2321.987417
11000000	47000000	2520.753017
12000000	47000000	2628.479649
13000000	47000000	2216.126422
14000000	47000000	1013.225139
15000000	47000000	413.289786
18000000	47000000	1753.517411
19000000	47000000	2612.394876
20000000	47000000	2817.771746
21000000	47000000	3268.723338
22000000	47000000	2573.978988
23000000	47000000	2332.865624
24000000	47000000	1767.848645
25000000	47000000	1189.582093
26000000	47000000	1095.434416
27000000	47000000	1113.039933
28000000	47000000	1499.964198
29000000	47000000	2261.012599
30000000	47000000	1800.853906
31000000	47000000	1696.125352
32000000	47000000	2407.021930
33000000	47000000	3522.038888
34000000	47000000	3312.478080
35000000	47000000	1960.069629
36000000	47000000	1783.906350
37000000	47000000	1571.199176
38000000	47000000	1946.034931
39000000	47000000	2965.912071
40000000	47000000	2704.998780
41000000	47000000	3160.398082
42000000	47000000	5029.954549
43000000	47000000	10367.199865
44000000	47000000	16540.492356
45000000	47000000	30050.103497
46000000	47000000	63185.633710
47000000	47000000	286214.710609
0	48000000	2091.023523
1000000	48000000	1392.389197
2000000	48000000	1718.387690
3000000	48000000	1926.359564
4000000	48000000	1381.792310
5000000	48000000	1793.205374
6000000	48000000	1707.275254
7000000	48000000	1545.519555
8000000	48000000	1896.075988
9000000	48000000	1874.653963
10000000	48000000	1879.530066
11000000	48000000	1977.095168
12000000	48000000	2086.758093
13000000	48000000	2245.968096
14000000	48000000	1417.759512
15000000	48000000	734.682376
18000000	48000000	2261.501224
19000000	48000000	2907.801960
20000000	48000000	2855.490918
21000000	48000000	3200.385539
22000000	48000000	2843.399368
23000000	48000000	2841.160264
24000000	48000000	2424.326428
25000000	48000000	1863.488913
26000000	48000000	1771.183060
27000000	48000000	1776.482399
28000000	48000000	2170.470312
29000000	48000000	2827.253581
30000000	48000000	2501.111371
31000000	48000000	2508.062552
32000000	48000000	3170.021875
33000000	48000000	3735.096253
34000000	48000000	4043.317152
35000000	48000000	2703.073485
36000000	48000000	2610.113942
37000000	48000000	2315.695919
38000000	48000000	2800.013803
39000000	48000000	3943.741453
40000000	48000000	3630.547153
41000000	48000000	4072.762234
42000000	48000000	5903.045394
43000000	48000000	9083.274393
44000000	48000000	11507.677742
45000000	48000000	15296.005967
46000000	48000000	13983.656142
47000000	48000000	45278.259130
48000000	48000000	241057.463562
0	49000000	1588.671530
1000000	49000000	1451.906186
2000000	49000000	1548.147885
3000000	49000000	1719.014918
4000000	49000000	2455.492050
5000000	49000000	1470.426643
6000000	49000000	1521.850645
7000000	49000000	1488.707639
8000000	49000000	1376.547385
9000000	49000000	1160.405557
10000000	49000000	1194.317283
11000000	49000000	1227.453403
12000000	49000000	1067.445785
13000000	49000000	1523.069463
14000000	49000000	1448.957138
15000000	49000000	980.907802
18000000	49000000	2084.185946
19000000	49000000	2155.420159
20000000	49000000	1992.456825
21000000	49000000	1988.616570
22000000	49000000	2147.690027
23000000	49000000	2210.630850
24000000	49000000	2325.491810
25000000	49000000	2476.470570
26000000	49000000	2486.576547
27000000	49000000	2267.315049
28000000	49000000	2533.531920
29000000	49000000	2582.728287
30000000	49000000	2526.937667
31000000	49000000	3059.745002
32000000	49000000	3007.184751
33000000	49000000	2960.402688
34000000	49000000	3479.999662
35000000	49000000	2914.837881
36000000	49000000	3408.213373
37000000	49000000	2938.775283
38000000	49000000	3039.909365
39000000	49000000	3894.334760
40000000	49000000	3778.401532
41000000	49000000	4222.934091
42000000	49000000	4571.005497
43000000	49000000	4910.983092
44000000	49000000	4736.261681
45000000	49000000	5028.637576
46000000	49000000	5079.002711
47000000	49000000	8864.050215
48000000	49000000	55858.328563
49000000	49000000	269855.338527
0	50000000	1517.377439
1000000	50000000	2665.384566
2000000	50000000	1301.984039
3000000	50000000	978.836216
4000000	50000000	1010.684132
5000000	50000000	1815.458643
6000000	50000000	1792.979084
7000000	50000000	2054.095040
8000000	50000000	1386.314183
9000000	50000000	642.825683
10000000	50000000	840.892082
11000000	50000000	1047.080136
12000000	50000000	822.694268
13000000	50000000	1149.825077
14000000	50000000	1818.053272
15000000	50000000	1474.937654
18000000	50000000	2021.199256
19000000	50000000	2264.141512
20000000	50000000	1698.186560
21000000	50000000	1583.956827
22000000	50000000	3110.393005
23000000	50000000	2155.071007
24000000	50000000	2646.474164
25000000	50000000	3586.593069
26000000	50000000	3789.844395
27000000	50000000	4064.211673
28000000	50000000	3419.261190
29000000	50000000	2167.324768
30000000	50000000	4280.637642
31000000	50000000	3697.634421
32000000	50000000	3028.403088
33000000	50000000	1822.204367
34000000	50000000	3175.254118
35000000	50000000	4234.515218
36000000	50000000	3347.508463
37000000	50000000	4541.228918
38000000	50000000	5187.440007
39000000	50000000	4758.955469
40000000	50000000	6398.933218
41000000	50000000	7540.833824
42000000	50000000	4192.705860
43000000	50000000	3899.495740
44000000	50000000	4183.254504
45000000	50000000	4994.575545
46000000	50000000	3005.750815
47000000	50000000	6037.789600
48000000	50000000	25450.427894
49000000	50000000	70584.595686
50000000	50000000	238021.709305
0	51000000	1777.578728
1000000	51000000	1830.136696
2000000	51000000	1743.654043
3000000	51000000	1419.008138
4000000	51000000	1143.619573
5000000	51000000	1362.669035
6000000	51000000	1422.649796
7000000	51000000	1328.037432
8000000	51000000	1316.482450
9000000	51000000	1109.762624
10000000	51000000	1089.027212
11000000	51000000	1127.744835
12000000	51000000	1193.388176
13000000	51000000	1499.158499
14000000	51000000	1281.961737
15000000	51000000	591.782907
18000000	51000000	1999.660373
19000000	51000000	2439.279508
20000000	51000000	2242.380627
21000000	51000000	2422.916571
22000000	51000000	2590.139533
23000000	51000000	2603.716288
24000000	51000000	2819.479855
25000000	51000000	2469.860165
26000000	51000000	2631.630478
27000000	51000000	2909.135090
28000000	51000000	3237.237590
29000000	51000000	3383.330382
30000000	51000000	3458.281212
31000000	51000000	3448.176696
32000000	51000000	3366.671385
33000000	51000000	2682.241959
34000000	51000000	3289.468874
35000000	51000000	2853.315999
36000000	51000000	2839.125864
37000000	51000000	3008.341058
38000000	51000000	3627.460981
39000000	51000000	4488.267487
40000000	51000000	4693.186638
41000000	51000000	5133.968677
42000000	51000000	4643.307375
43000000	51000000	4309.102725
44000000	51000000	3672.223552
45000000	51000000	3890.448648
46000000	51000000	3733.133876
47000000	51000000	5476.518684
48000000	51000000	12491.990130
49000000	51000000	16276.089891
50000000	51000000	36640.136549
51000000	51000000	250910.065794
0	52000000	1564.325491
1000000	52000000	1415.598558
2000000	52000000	1419.903782
3000000	52000000	1291.262903
4000000	52000000	1084.426342
5000000	52000000	1288.602274
6000000	52000000	1271.688169
7000000	52000000	1202.947034
8000000	52000000	1196.568310
9000000	52000000	1001.540543
10000000	52000000	972.287568
11000000	52000000	1123.183350
12000000	52000000	1094.820286
13000000	52000000	1364.173870
14000000	52000000	1077.424509
15000000	52000000	646.061318
18000000	52000000	1799.024500
19000000	52000000	2114.278506
20000000	52000000	2049.131435
21000000	52000000	2120.328955
22000000	52000000	2417.285948
23000000	52000000	2394.165841
24000000	52000000	2395.747994
25000000	52000000	2212.782697
26000000	52000000	2146.406328
27000000	52000000	2461.775629
28000000	52000000	2684.710883
29000000	52000000	2941.647610
30000000	52000000	2937.226445
31000000	52000000	2979.827740
32000000	52000000	3109.202477
33000000	52000000	2453.984371
34000000	52000000	3008.935414
35000000	52000000	2442.592527
36000000	52000000	2546.385570
37000000	52000000	2525.051538
38000000	52000000	3166.780559
39000000	52000000	3780.904832
40000000	52000000	3857.931024
41000000	52000000	3993.485095
42000000	52000000	4005.524253
43000000	52000000	3799.195442
44000000	52000000	3266.113524
45000000	52000000	3485.620099
46000000	52000000	3104.035877
47000000	52000000	4269.395854
48000000	52000000	7657.001642
49000000	52000000	8800.485645
50000000	52000000	14345.841037
51000000	52000000	60461.551725
52000000	52000000	242527.648019
0	53000000	1410.639656
1000000	53000000	1929.443031
2000000	53000000	1202.074073
3000000	53000000	993.849181
4000000	53000000	874.226209
5000000	53000000	1390.165799
6000000	53000000	1422.665648
7000000	53000000	1641.887026
8000000	53000000	1284.987091
9000000	53000000	784.151286
10000000	53000000	897.720958
11000000	53000000	998.783735
12000000	53000000	930.355149
13000000	53000000	1132.246283
14000000	53000000	1458.670269
15000000	53000000	871.929629
18000000	53000000	1744.894197
19000000	53000000	2135.560660
20000000	53000000	1709.611724
21000000	53000000	1743.448008
22000000	53000000	2744.349607
23000000	53000000	2183.252656
24000000	53000000	2410.868097
25000000	53000000	2789.811697
26000000	53000000	2998.249840
27000000	53000000	3037.418069
28000000	53000000	2859.839170
29000000	53000000	2237.994431
30000000	53000000	3390.857651
31000000	53000000	3165.788885
32000000	53000000	2858.156504
33000000	53000000	1894.204946
34000000	53000000	2954.778539
35000000	53000000	3300.379824
36000000	53000000	2732.721137
37000000	53000000	3383.600116
38000000	53000000	3828.139218
39000000	53000000	3783.262179
40000000	53000000	4315.391908
41000000	53000000	4604.306853
42000000	53000000	3346.909440
43000000	53000000	3174.901795
44000000	53000000	3144.899778
45000000	53000000	3252.493458
46000000	53000000	2177.472917
47000000	53000000	3419.084848
48000000	53000000	5951.457005
49000000	53000000	6607.985292
50000000	53000000	12001.085938
51000000	53000000	20267.402164
52000000	53000000	67232.356962
53000000	53000000	244807.937827
0	54000000	1711.553995
1000000	54000000	1319.470696
2000000	54000000	1465.901945
3000000	54000000	1593.846137
4000000	54000000	1317.898146
5000000	54000000	1395.976006
6000000	54000000	1439.541160
7000000	54000000	1325.558955
8000000	54000000	1464.896891
9000000	54000000	1300.591733
10000000	54000000	1373.372596
11000000	54000000	1569.102636
12000000	54000000	1444.483235
13000000	54000000	1647.453652
14000000	54000000	1113.612407
15000000	54000000	538.771016
18000000	54000000	2022.222435
19000000	54000000	2510.301703
20000000	54000000	2468.755048
21000000	54000000	2753.567127
22000000	54000000	2634.221493
23000000	54000000	2514.870939
24000000	54000000	2347.730167
25000000	54000000	1912.085881
26000000	54000000	1820.675011
27000000	54000000	1960.825061
28000000	54000000	2271.453456
29000000	54000000	2907.573785
30000000	54000000	2529.670305
31000000	54000000	2585.393636
32000000	54000000	2997.821329
33000000	54000000	2998.559948
34000000	54000000	3677.801199
35000000	54000000	2556.019822
36000000	54000000	2337.012252
37000000	54000000	2331.262387
38000000	54000000	2713.585818
39000000	54000000	3406.001475
40000000	54000000	3155.488288
41000000	54000000	3266.827076
42000000	54000000	3950.852281
43000000	54000000	4635.568918
44000000	54000000	4465.472667
45000000	54000000	4489.513778
46000000	54000000	3756.378419
47000000	54000000	5147.602268
48000000	54000000	7006.839108
49000000	54000000	5707.805514
50000000	54000000	6750.502921
51000000	54000000	13196.194210
52000000	54000000	27058.440501
53000000	54000000	57554.014097
54000000	54000000	226244.138812
0	55000000	1544.981016
1000000	55000000	921.958065
2000000	55000000	1434.187872
3000000	55000000	1770.283119
4000000	55000000	1388.538202
5000000	55000000	1399.558124
6000000	55000000	1290.454486
7000000	55000000	1148.570536
8000000	55000000	1541.956827
9000000	55000000	1608.883342
10000000	55000000	1694.975213
11000000	55000000	1782.907927
12000000	55000000	1907.746042
13000000	55000000	1822.322337
14000000	55000000	891.354485
15000000	55000000	462.381551
18000000	55000000	1559.937551
19000000	55000000	2377.664267
20000000	55000000	2558.181319
21000000	55000000	3085.294753
22000000	55000000	2499.746523
23000000	55000000	2524.490047
24000000	55000000	2062.395804
25000000	55000000	1563.892588
26000000	55000000	1376.376785
27000000	55000000	1526.556548
28000000	55000000	1973.772422
29000000	55000000	2649.424576
30000000	55000000	2128.755613
31000000	55000000	2194.441793
32000000	55000000	2741.709051
33000000	55000000	3524.601577
34000000	55000000	3572.756317
35000000	55000000	2113.634173
36000000	55000000	1968.592128
37000000	55000000	1819.861175
38000000	55000000	2081.636332
39000000	55000000	2899.047280
40000000	55000000	2439.155884
41000000	55000000	2540.723365
42000000	55000000	3745.007434
43000000	55000000	5015.535611
44000000	55000000	5042.295405
45000000	55000000	5304.524761
46000000	55000000	4910.051470
47000000	55000000	6021.695937
48000000	55000000	6666.435821
49000000	55000000	4564.812807
50000000	55000000	4296.126792
51000000	55000000	8064.002148
52000000	55000000	11080.756543
53000000	55000000	14598.866856
54000000	55000000	72700.897643
55000000	55000000	244699.703735
0	56000000	1506.897966
1000000	56000000	615.221190
2000000	56000000	1578.848077
3000000	56000000	1835.436650
4000000	56000000	1364.938599
5000000	56000000	972.328476
6000000	56000000	1005.726961
7000000	56000000	788.246003
8000000	56000000	1301.929432
9000000	56000000	1852.807348
10000000	56000000	1590.336021
11000000	56000000	1641.128886
12000000	56000000	1929.198920
13000000	56000000	1779.202866
14000000	56000000	683.604415
15000000	56000000	223.220708
18000000	56000000	1298.855302
19000000	56000000	2183.793216
20000000	56000000	2667.563431
21000000	56000000	3187.630991
22000000	56000000	1936.315040
23000000	56000000	2404.876333
24000000	56000000	1884.425450
25000000	56000000	1152.159717
26000000	56000000	1079.628013
27000000	56000000	1064.505043
28000000	56000000	1617.879784
29000000	56000000	3011.168844
30000000	56000000	1598.314960
31000000	56000000	1813.813198
32000000	56000000	2528.818000
33000000	56000000	3759.370402
34000000	56000000	3186.574514
35000000	56000000	1552.122864
36000000	56000000	1748.805317
37000000	56000000	1298.244532
38000000	56000000	1533.977226
39000000	56000000	2552.501584
40000000	56000000	1783.862687
41000000	56000000	1853.127432
42000000	56000000	3669.086444
43000000	56000000	4747.377746
44000000	56000000	4143.079695
45000000	56000000	4158.157004
46000000	56000000	4940.544983
47000000	56000000	5421.338296
48000000	56000000	5323.928627
49000000	56000000	3722.188970
50000000	56000000	2712.976409
51000000	56000000	5722.055125
52000000	56000000	6684.986714
53000000	56000000	6103.732294
54000000	56000000	15410.765489
55000000	56000000	64503.436790
56000000	56000000	300233.500665
0	57000000	1638.851475
1000000	57000000	1376.501556
2000000	57000000	1437.730577
3000000	57000000	1546.230856
4000000	57000000	1227.720305
5000000	57000000	1417.737588
6000000	57000000	1354.133015
7000000	57000000	1246.656531
8000000	57000000	1358.346610
9000000	57000000	1198.594500
10000000	57000000	1274.445294
11000000	57000000	1361.936633
12000000	57000000	1298.683211
13000000	57000000	1494.520211
14000000	57000000	1107.202395
15000000	57000000	386.815087
18000000	57000000	1650.235873
19000000	57000000	2209.853021
20000000	57000000	2174.667039
21000000	57000000	2546.398997
22000000	57000000	2682.643224
23000000	57000000	2393.281926
24000000	57000000	2344.706189
25000000	57000000	1979.409767
26000000	57000000	2048.547829
27000000	57000000	2190.132226
28000000	57000000	2599.486491
29000000	57000000	3008.842461
30000000	57000000	3022.752441
31000000	57000000	2803.980469
32000000	57000000	3124.432336
33000000	57000000	2822.602382
34000000	57000000	3320.173840
35000000	57000000	2371.123453
36000000	57000000	2105.219083
37000000	57000000	2250.429008
38000000	57000000	2752.781300
39000000	57000000	3437.942069
40000000	57000000	3212.149143
41000000	57000000	3511.245903
42000000	57000000	3942.093008
43000000	57000000	3927.009390
44000000	57000000	3563.785041
45000000	57000000	3689.493945
46000000	57000000	2853.433915
47000000	57000000	3861.640263
48000000	57000000	4902.777132
49000000	57000000	3935.176319
50000000	57000000	4537.435214
51000000	57000000	7093.033979
52000000	57000000	7418.087251
53000000	57000000	8299.141937
54000000	57000000	11323.595690
55000000	57000000	16816.564266
56000000	57000000	46816.792108
57000000	57000000	243836.842873
0	58000000	1370.689427
1000000	58000000	2107.297867
2000000	58000000	1253.494584
3000000	58000000	1040.801826
4000000	58000000	877.706960
5000000	58000000	1566.362172
6000000	58000000	1625.735620
7000000	58000000	1609.061418
8000000	58000000	1273.026497
9000000	58000000	637.704361
10000000	58000000	921.045789
11000000	58000000	1094.942433
12000000	58000000	834.540986
13000000	58000000	996.398373
14000000	58000000	1169.286351
15000000	58000000	824.988408
18000000	58000000	1587.211968
19000000	58000000	2016.488586
20000000	58000000	1628.534306
21000000	58000000	1764.110933
22000000	58000000	3132.433766
23000000	58000000	2252.006207
24000000	58000000	2522.120396
25000000	58000000	2889.299106
26000000	58000000	3175.241765
27000000	58000000	3528.826785
28000000	58000000	3254.405452
29000000	58000000	2358.840399
30000000	58000000	4650.263525
31000000	58000000	3713.881061
32000000	58000000	3231.722250
33000000	58000000	1834.739570
34000000	58000000	3025.120203
35000000	58000000	3119.321785
36000000	58000000	2450.946831
37000000	58000000	3418.685751
38000000	58000000	4010.321801
39000000	58000000	3885.390643
40000000	58000000	5079.716404
41000000	58000000	5349.634785
42000000	58000000	3381.403959
43000000	58000000	2722.778793
44000000	58000000	2724.059867
45000000	58000000	2950.939891
46000000	58000000	1611.195004
47000000	58000000	2464.437274
48000000	58000000	3610.526247
49000000	58000000	3594.727763
50000000	58000000	7056.166529
51000000	58000000	6545.914548
52000000	58000000	6689.522625
53000000	58000000	8947.993860
54000000	58000000	7887.863244
55000000	58000000	8517.230278
56000000	58000000	10502.656729
57000000	58000000	70051.262838
58000000	58000000	236229.430521
0	59000000	1597.518303
1000000	59000000	1381.075914
2000000	59000000	1349.883064
3000000	59000000	1314.719047
4000000	59000000	1083.520781
5000000	59000000	1364.602648
6000000	59000000	1350.598251
7000000	59000000	1300.859923
8000000	59000000	1321.002483
9000000	59000000	1087.219170
10000000	59000000	1161.725470
11000000	59000000	1183.390173
12000000	59000000	1204.516075
13000000	59000000	1424.618973
14000000	59000000	1080.415792
15000000	59000000	467.102852
18000000	59000000	1801.021380
19000000	59000000	2309.047472
20000000	59000000	2160.844679
21000000	59000000	2514.580011
22000000	59000000	2870.948937
23000000	59000000	2772.980153
24000000	59000000	2658.768987
25000000	59000000	2277.713071
26000000	59000000	2276.190513
27000000	59000000	2542.979817
28000000	59000000	2798.524110
29000000	59000000	3168.575368
30000000	59000000	3374.279085
31000000	59000000	3195.894924
32000000	59000000	3442.079920
33000000	59000000	2931.493180
34000000	59000000	3919.571607
35000000	59000000	3016.134124
36000000	59000000	2663.943847
37000000	59000000	2569.619850
38000000	59000000	3096.229828
39000000	59000000	3748.980091
40000000	59000000	3555.063375
41000000	59000000	3820.105327
42000000	59000000	4100.008182
43000000	59000000	3900.497115
44000000	59000000	3363.866127
45000000	59000000	3377.057573
46000000	59000000	2670.870024
47000000	59000000	3179.025847
48000000	59000000	4415.202145
49000000	59000000	3880.873951
50000000	59000000	4700.943178
51000000	59000000	5218.443347
52000000	59000000	5571.143299
53000000	59000000	6055.948352
54000000	59000000	7085.508400
55000000	59000000	7945.340056
56000000	59000000	9579.470972
57000000	59000000	20187.305665
58000000	59000000	48405.844851
59000000	59000000	244885.797225
0	60000000	1366.162768
1000000	60000000	452.997862
2000000	60000000	1425.553195
3000000	60000000	1479.048974
4000000	60000000	1082.332706
5000000	60000000	734.817040
6000000	60000000	861.557643
7000000	60000000	613.235376
8000000	60000000	949.361859
9000000	60000000	1578.340723
10000000	60000000	1241.220817
11000000	60000000	1287.091168
12000000	60000000	1750.381140
13000000	60000000	1514.854019
14000000	60000000	612.099775
15000000	60000000	225.321480
18000000	60000000	1189.658944
19000000	60000000	1939.201594
20000000	60000000	2557.934907
21000000	60000000	3315.507543
22000000	60000000	1846.696056
23000000	60000000	2880.119756
24000000	60000000	2349.813561
25000000	60000000	1235.979264
26000000	60000000	1205.464481
27000000	60000000	1130.342694
28000000	60000000	1942.464594
29000000	60000000	3971.494011
30000000	60000000	1752.040987
31000000	60000000	2214.342680
32000000	60000000	3006.212845
33000000	60000000	3997.208282
34000000	60000000	3231.239293
35000000	60000000	1400.719041
36000000	60000000	2062.489600
37000000	60000000	1301.777607
38000000	60000000	1598.674398
39000000	60000000	2930.937960
40000000	60000000	1809.980754
41000000	60000000	1626.989386
42000000	60000000	3985.462477
43000000	60000000	4635.654168
44000000	60000000	3334.391964
45000000	60000000	2931.748681
46000000	60000000	4257.107883
47000000	60000000	3807.087119
48000000	60000000	4203.050504
49000000	60000000	3464.516922
50000000	60000000	1830.282780
51000000	60000000	4017.368991
52000000	60000000	3827.056520
53000000	60000000	2806.337822
54000000	60000000	5430.810195
55000000	60000000	7044.514674
56000000	60000000	10014.790125
57000000	60000000	10078.991712
58000000	60000000	8070.494186
59000000	60000000	49627.548033
60000000	60000000	303719.532229
0	61000000	1464.272815
1000000	61000000	1106.679910
2000000	61000000	1293.115078
3000000	61000000	1081.794986
4000000	61000000	735.618773
5000000	61000000	992.576844
6000000	61000000	995.635103
7000000	61000000	825.914252
8000000	61000000	963.846501
9000000	61000000	912.784816
10000000	61000000	828.450575
11000000	61000000	959.278337
12000000	61000000	1023.525693
13000000	61000000	1096.711984
14000000	61000000	902.248121
15000000	61000000	360.211091
18000000	61000000	1495.335436
19000000	61000000	1889.419398
20000000	61000000	1819.950115
21000000	61000000	2284.901383
22000000	61000000	2395.707438
23000000	61000000	2452.610127
24000000	61000000	2660.783955
25000000	61000000	2120.574657
26000000	61000000	2127.316994
27000000	61000000	2334.986219
28000000	61000000	2948.123829
29000000	61000000	3214.304088
30000000	61000000	3180.970445
31000000	61000000	3253.257231
32000000	61000000	3413.170852
33000000	61000000	2800.928139
34000000	61000000	3345.254905
35000000	61000000	2478.964831
36000000	61000000	2303.856275
37000000	61000000	2205.198947
38000000	61000000	2865.562430
39000000	61000000	3607.356655
40000000	61000000	3309.304800
41000000	61000000	3483.889534
42000000	61000000	3693.371351
43000000	61000000	3520.988525
44000000	61000000	2625.254811
45000000	61000000	2413.614195
46000000	61000000	2188.867371
47000000	61000000	2621.559372
48000000	61000000	3743.809086
49000000	61000000	3295.728620
50000000	61000000	3719.942666
51000000	61000000	4604.028751
52000000	61000000	4485.792269
53000000	61000000	4290.172542
54000000	61000000	4996.008133
55000000	61000000	5181.069515
56000000	61000000	5463.799958
57000000	61000000	9066.082753
58000000	61000000	11440.478957
59000000	61000000	22995.282129
60000000	61000000	64295.825276
61000000	61000000	234406.067724
0	62000000	1202.465810
1000000	62000000	1955.290353
2000000	62000000	1036.160186
3000000	62000000	695.890006
4000000	62000000	702.336030
5000000	62000000	1056.442064
6000000	62000000	1056.586482
7000000	62000000	1208.540408
8000000	62000000	832.811715
9000000	62000000	438.405307
10000000	62000000	595.470804
11000000	62000000	649.721925
12000000	62000000	604.370788
13000000	62000000	723.891236
14000000	62000000	1157.931947
15000000	62000000	747.447339
18000000	62000000	1441.819547
19000000	62000000	1535.190396
20000000	62000000	1212.399700
21000000	62000000	1346.236157
22000000	62000000	2374.520556
23000000	62000000	1815.176765
24000000	62000000	2466.942474
25000000	62000000	3280.382333
26000000	62000000	3361.709127
27000000	62000000	3674.600252
28000000	62000000	3422.401718
29000000	62000000	2189.137830
30000000	62000000	4213.409041
31000000	62000000	3613.598263
32000000	62000000	3147.764900
33000000	62000000	1548.251579
34000000	62000000	2532.014093
35000000	62000000	3001.082228
36000000	62000000	2522.055369
37000000	62000000	3250.185731
38000000	62000000	4046.186225
39000000	62000000	3507.720420
40000000	62000000	4738.475235
41000000	62000000	4939.471342
42000000	62000000	2770.687659
43000000	62000000	2019.766015
44000000	62000000	1748.541542
45000000	62000000	1731.653065
46000000	62000000	1091.957500
47000000	62000000	1544.046165
48000000	62000000	2383.420727
49000000	62000000	2944.603759
50000000	62000000	5562.835249
51000000	62000000	4446.878255
52000000	62000000	4067.390154
53000000	62000000	5210.479401
54000000	62000000	3663.349035
55000000	62000000	3183.000562
56000000	62000000	2771.710935
57000000	62000000	6367.292673
58000000	62000000	12538.176754
59000000	62000000	12259.739719
60000000	62000000	8193.180711
61000000	62000000	58778.344711
62000000	62000000	251911.156766
0	63000000	1137.997526
1000000	63000000	1985.660759
2000000	63000000	999.811010
3000000	63000000	728.962508
4000000	63000000	788.692489
5000000	63000000	1166.296458
6000000	63000000	1050.255721
7000000	63000000	1217.623565
8000000	63000000	769.214252
9000000	63000000	405.011064
10000000	63000000	539.077013
11000000	63000000	688.082018
12000000	63000000	584.095014
13000000	63000000	753.778950
14000000	63000000	1050.076294
15000000	63000000	963.598415
18000000	63000000	1322.015931
19000000	63000000	1413.172733
20000000	63000000	1245.496813
21000000	63000000	1308.136458
22000000	63000000	2172.828275
23000000	63000000	1825.875842
24000000	63000000	2329.092632
25000000	63000000	3121.167896
26000000	63000000	3533.350414
27000000	63000000	3939.826695
28000000	63000000	3355.186112
29000000	63000000	2286.196402
30000000	63000000	4067.023123
31000000	63000000	3582.858415
32000000	63000000	2882.285944
33000000	63000000	1639.695889
34000000	63000000	2464.100327
35000000	63000000	2877.944676
36000000	63000000	2594.131306
37000000	63000000	3598.999575
38000000	63000000	3999.512701
39000000	63000000	3301.088220
40000000	63000000	4458.186590
41000000	63000000	4689.923778
42000000	63000000	2691.137680
43000000	63000000	2031.099148
44000000	63000000	1589.081193
45000000	63000000	1637.796810
46000000	63000000	1097.419674
47000000	63000000	1449.259457
48000000	63000000	2328.603440
49000000	63000000	2934.011930
50000000	63000000	5293.439942
51000000	63000000	4214.589318
52000000	63000000	3749.397626
53000000	63000000	4648.539870
54000000	63000000	3561.030654
55000000	63000000	2900.613247
56000000	63000000	2523.307722
57000000	63000000	5317.750007
58000000	63000000	9713.605253
59000000	63000000	8714.465429
60000000	63000000	6025.751039
61000000	63000000	22024.122824
62000000	63000000	58572.165089
63000000	63000000	252715.934900
0	64000000	1091.292399
1000000	64000000	1777.865151
2000000	64000000	909.458552
3000000	64000000	723.957395
4000000	64000000	628.670350
5000000	64000000	1016.317078
6000000	64000000	928.845664
7000000	64000000	981.494197
8000000	64000000	712.857301
9000000	64000000	421.243086
10000000	64000000	473.742027
11000000	64000000	642.544579
12000000	64000000	530.315314
13000000	64000000	750.816242
14000000	64000000	887.974160
15000000	64000000	667.074300
18000000	64000000	1271.890266
19000000	64000000	1274.060533
20000000	64000000	1217.147269
21000000	64000000	1250.361100
22000000	64000000	2126.878308
23000000	64000000	1676.040372
24000000	64000000	2245.490425
25000000	64000000	2790.833596
26000000	64000000	3147.450134
27000000	64000000	3917.696285
28000000	64000000	3324.251357
29000000	64000000	2215.920113
30000000	64000000	3953.775608
31000000	64000000	3548.353792
32000000	64000000	2893.985615
33000000	64000000	1504.004861
34000000	64000000	2447.974021
35000000	64000000	2542.736915
36000000	64000000	2172.888778
37000000	64000000	3223.520307
38000000	64000000	3842.628846
39000000	64000000	3324.486479
40000000	64000000	4569.829213
41000000	64000000	4747.092873
42000000	64000000	2651.446641
43000000	64000000	2044.268813
44000000	64000000	1485.880146
45000000	64000000	1579.140513
46000000	64000000	1041.797970
47000000	64000000	1359.931651
48000000	64000000	2345.956924
49000000	64000000	2700.664058
50000000	64000000	5084.935433
51000000	64000000	4082.391584
52000000	64000000	3769.349573
53000000	64000000	4354.194509
54000000	64000000	3221.508443
55000000	64000000	2782.865580
56000000	64000000	2259.749366
57000000	64000000	4855.516421
58000000	64000000	8372.022920
59000000	64000000	7056.754463
60000000	64000000	4564.151509
61000000	64000000	14013.749789
62000000	64000000	24877.197730
63000000	64000000	62258.743667
64000000	64000000	233954.659846
0	65000000	1191.792876
1000000	65000000	1708.522224
2000000	65000000	1080.302188
3000000	65000000	672.232297
4000000	65000000	575.620965
5000000	65000000	980.257261
6000000	65000000	882.332499
7000000	65000000	1015.032820
8000000	65000000	765.051484
9000000	65000000	469.785891
10000000	65000000	522.118763
11000000	65000000	651.057772
12000000	65000000	576.019687
13000000	65000000	741.914579
14000000	65000000	881.829814
15000000	65000000	653.963740
18000000	65000000	1220.295219
19000000	65000000	1346.698744
20000000	65000000	1233.146361
21000000	65000000	1260.933775
22000000	65000000	2096.351016
23000000	65000000	1665.740653
24000000	65000000	2171.807724
25000000	65000000	2658.715452
26000000	65000000	2905.022178
27000000	65000000	3402.165777
28000000	65000000	3180.161904
29000000	65000000	2187.027301
30000000	65000000	3842.858655
31000000	65000000	3384.746510
32000000	65000000	2762.582640
33000000	65000000	1683.404416
34000000	65000000	2341.165717
35000000	65000000	2380.935785
36000000	65000000	2018.699048
37000000	65000000	2800.293364
38000000	65000000	3644.287225
39000000	65000000	3205.773046
40000000	65000000	4408.592224
41000000	65000000	4523.532522
42000000	65000000	2675.867479
43000000	65000000	2041.311461
44000000	65000000	1599.651360
45000000	65000000	1576.385277
46000000	65000000	1078.407730
47000000	65000000	1380.238967
48000000	65000000	2180.438361
49000000	65000000	2580.447200
50000000	65000000	4627.045271
51000000	65000000	3875.145715
52000000	65000000	3476.530334
53000000	65000000	4126.945644
54000000	65000000	3186.362901
55000000	65000000	2561.894073
56000000	65000000	2149.969532
57000000	65000000	4036.036809
58000000	65000000	6875.981298
59000000	65000000	5463.053044
60000000	65000000	3620.919626
61000000	65000000	7482.607590
62000000	65000000	11349.958894
63000000	65000000	15503.560284
64000000	65000000	55979.894812
65000000	65000000	262723.985411
0	66000000	1162.890118
1000000	66000000	1444.528192
2000000	66000000	1054.683189
3000000	66000000	699.366991
4000000	66000000	565.223374
5000000	66000000	836.015562
6000000	66000000	850.207745
7000000	66000000	758.377866
8000000	66000000	616.095809
9000000	66000000	438.816871
10000000	66000000	514.933859
11000000	66000000	587.430047
12000000	66000000	570.409697
13000000	66000000	712.448008
14000000	66000000	834.234501
15000000	66000000	598.992197
18000000	66000000	1179.813882
19000000	66000000	1333.141292
20000000	66000000	1317.737518
21000000	66000000	1324.814752
22000000	66000000	1926.237244
23000000	66000000	1730.849673
24000000	66000000	2050.700455
25000000	66000000	2423.766581
26000000	66000000	2604.182037
27000000	66000000	3014.640807
28000000	66000000	3124.876367
29000000	66000000	2310.050172
30000000	66000000	3582.916332
31000000	66000000	3164.438115
32000000	66000000	2777.025839
33000000	66000000	1652.403603
34000000	66000000	2305.740449
35000000	66000000	2163.469130
36000000	66000000	2118.879051
37000000	66000000	2506.542203
38000000	66000000	3261.510408
39000000	66000000	3162.258624
40000000	66000000	3994.606429
41000000	66000000	4017.867241
42000000	66000000	2735.376196
43000000	66000000	2171.897952
44000000	66000000	1487.022115
45000000	66000000	1418.981483
46000000	66000000	1169.918318
47000000	66000000	1451.508923
48000000	66000000	2288.640377
49000000	66000000	2542.311808
50000000	66000000	4379.656425
51000000	66000000	3868.066847
52000000	66000000	3257.248778
53000000	66000000	3727.936158
54000000	66000000	2974.163217
55000000	66000000	2427.805043
56000000	66000000	2138.757236
57000000	66000000	3921.485923
58000000	66000000	5876.708459
59000000	66000000	4821.747632
60000000	66000000	3457.345596
61000000	66000000	6772.130549
62000000	66000000	8856.229713
63000000	66000000	11017.652961
64000000	66000000	31810.459080
65000000	66000000	69002.971214
66000000	66000000	235363.308414
0	67000000	1378.814243
1000000	67000000	1100.752891
2000000	67000000	1289.317834
3000000	67000000	1042.348849
4000000	67000000	846.364743
5000000	67000000	777.990625
6000000	67000000	856.804338
7000000	67000000	633.569455
8000000	67000000	775.118295
9000000	67000000	851.827929
10000000	67000000	701.916068
11000000	67000000	778.567125
12000000	67000000	914.420091
13000000	67000000	982.450539
14000000	67000000	779.674006
15000000	67000000	458.414953
18000000	67000000	1329.223002
19000000	67000000	1662.884795
20000000	67000000	1786.356658
21000000	67000000	1974.951308
22000000	67000000	1744.980939
23000000	67000000	2204.762735
24000000	67000000	2294.188435
25000000	67000000	1871.848039
26000000	67000000	1983.064039
27000000	67000000	2201.397512
28000000	67000000	2666.379457
29000000	67000000	3152.035383
30000000	67000000	2639.810176
31000000	67000000	2921.699124
32000000	67000000	3052.794840
33000000	67000000	2664.064027
34000000	67000000	2816.585754
35000000	67000000	1857.941493
36000000	67000000	2357.820063
37000000	67000000	2041.412825
38000000	67000000	2480.074094
39000000	67000000	3134.034575
40000000	67000000	3021.460397
41000000	67000000	2852.807312
42000000	67000000	3296.148434
43000000	67000000	2770.677435
44000000	67000000	1913.099448
45000000	67000000	1591.382347
46000000	67000000	2077.273137
47000000	67000000	2132.948168
48000000	67000000	2978.012359
49000000	67000000	3191.030837
50000000	67000000	3053.619397
51000000	67000000	4065.589948
52000000	67000000	3541.282220
53000000	67000000	3034.002040
54000000	67000000	3334.866120
55000000	67000000	3033.296170
56000000	67000000	3268.034675
57000000	67000000	4128.296774
58000000	67000000	4013.001776
59000000	67000000	4543.882536
60000000	67000000	5135.215120
61000000	67000000	5800.419096
62000000	67000000	5390.346490
63000000	67000000	6676.127762
64000000	67000000	11812.798465
65000000	67000000	16642.914441
66000000	67000000	63104.990493
67000000	67000000	270035.569656
0	68000000	1111.959029
1000000	68000000	1686.124786
2000000	68000000	897.031796
3000000	68000000	634.713715
4000000	68000000	619.695292
5000000	68000000	861.067324
6000000	68000000	890.733178
7000000	68000000	1137.158606
8000000	68000000	707.546813
9000000	68000000	454.912719
10000000	68000000	481.264161
11000000	68000000	538.690834
12000000	68000000	527.197352
13000000	68000000	751.728481
14000000	68000000	1456.322896
15000000	68000000	1228.095604
18000000	68000000	1460.725679
19000000	68000000	1348.112252
20000000	68000000	1162.459514
21000000	68000000	1131.665350
22000000	68000000	1874.043314
23000000	68000000	1619.356979
24000000	68000000	2024.874525
25000000	68000000	2778.620962
26000000	68000000	3042.903255
27000000	68000000	3029.048894
28000000	68000000	2604.469961
29000000	68000000	1808.785195
30000000	68000000	2833.259595
31000000	68000000	2831.231148
32000000	68000000	2564.539022
33000000	68000000	1503.199330
34000000	68000000	2485.983596
35000000	68000000	3187.610482
36000000	68000000	2963.528751
37000000	68000000	3457.885046
38000000	68000000	3354.305291
39000000	68000000	2986.986849
40000000	68000000	3482.701811
41000000	68000000	3612.513212
42000000	68000000	2203.314341
43000000	68000000	1822.439327
44000000	68000000	1520.369011
45000000	68000000	1401.565560
46000000	68000000	961.536369
47000000	68000000	1347.332289
48000000	68000000	2278.673266
49000000	68000000	2947.519282
50000000	68000000	4401.614858
51000000	68000000	3465.332019
52000000	68000000	3039.294011
53000000	68000000	3794.397251
54000000	68000000	2793.820425
55000000	68000000	2199.712278
56000000	68000000	1704.441839
57000000	68000000	3016.936142
58000000	68000000	4499.163413
59000000	68000000	3806.186352
60000000	68000000	2125.585126
61000000	68000000	4137.142379
62000000	68000000	5962.701507
63000000	68000000	6958.956203
64000000	68000000	9723.786033
65000000	68000000	11863.185682
66000000	68000000	25429.552079
67000000	68000000	56615.748600
68000000	68000000	221265.896196
0	69000000	995.906669
1000000	69000000	1919.513641
2000000	69000000	778.932707
3000000	69000000	554.551851
4000000	69000000	806.130648
5000000	69000000	811.218774
6000000	69000000	850.160959
7000000	69000000	1297.809867
8000000	69000000	652.668200
9000000	69000000	336.678035
10000000	69000000	425.929085
11000000	69000000	417.141805
12000000	69000000	433.811901
13000000	69000000	644.017831
14000000	69000000	1608.573733
15000000	69000000	1861.952164
18000000	69000000	1197.032901
19000000	69000000	1212.485271
20000000	69000000	973.705813
21000000	69000000	795.503293
22000000	69000000	1756.092350
23000000	69000000	1321.401786
24000000	69000000	1696.243027
25000000	69000000	2971.380318
26000000	69000000	3305.684544
27000000	69000000	3320.398715
28000000	69000000	2400.307111
29000000	69000000	1407.394883
30000000	69000000	2717.603509
31000000	69000000	2640.991816
32000000	69000000	2155.346154
33000000	69000000	1228.380564
34000000	69000000	2089.607010
35000000	69000000	3425.450082
36000000	69000000	3216.648114
37000000	69000000	3782.515427
38000000	69000000	3375.342219
39000000	69000000	2435.736356
40000000	69000000	3154.623358
41000000	69000000	3375.071897
42000000	69000000	1664.744071
43000000	69000000	1368.064391
44000000	69000000	1269.635253
45000000	69000000	1226.570786
46000000	69000000	752.948820
47000000	69000000	1074.482630
48000000	69000000	1808.532319
49000000	69000000	2879.395225
50000000	69000000	4389.509979
51000000	69000000	3041.413766
52000000	69000000	2704.996660
53000000	69000000	3671.135585
54000000	69000000	2354.999693
55000000	69000000	1792.784058
56000000	69000000	1340.978422
57000000	69000000	2546.692446
58000000	69000000	3955.250406
59000000	69000000	3101.886020
60000000	69000000	1583.710390
61000000	69000000	3263.252621
62000000	69000000	5279.405772
63000000	69000000	6303.709853
64000000	69000000	7077.374145
65000000	69000000	7765.043611
66000000	69000000	9989.785914
67000000	69000000	11497.477354
68000000	69000000	70886.171217
69000000	69000000	266459.339080
0	70000000	1120.930051
1000000	70000000	1566.103217
2000000	70000000	918.587269
3000000	70000000	746.912922
4000000	70000000	960.282241
5000000	70000000	904.762949
6000000	70000000	897.416999
7000000	70000000	1091.704006
8000000	70000000	741.814312
9000000	70000000	496.266646
10000000	70000000	520.232819
11000000	70000000	603.038941
12000000	70000000	546.707807
13000000	70000000	767.775732
14000000	70000000	1210.125628
15000000	70000000	1047.226871
18000000	70000000	1501.579770
19000000	70000000	1406.053717
20000000	70000000	1204.837507
21000000	70000000	1224.692425
22000000	70000000	1822.107452
23000000	70000000	1633.239278
24000000	70000000	1953.139660
25000000	70000000	2541.965796
26000000	70000000	2749.372569
27000000	70000000	2728.725597
28000000	70000000	2515.953803
29000000	70000000	1891.859872
30000000	70000000	2665.406884
31000000	70000000	2823.166076
32000000	70000000	2477.894611
33000000	70000000	1761.810950
34000000	70000000	2521.651249
35000000	70000000	2832.264890
36000000	70000000	2872.738449
37000000	70000000	3221.974756
38000000	70000000	3121.568583
39000000	70000000	2848.993432
40000000	70000000	3178.960429
41000000	70000000	3148.265238
42000000	70000000	2204.636480
43000000	70000000	1818.030799
44000000	70000000	1472.794217
45000000	70000000	1427.498188
46000000	70000000	1069.730442
47000000	70000000	1353.019122
48000000	70000000	2279.586611
49000000	70000000	2917.130085
50000000	70000000	3940.945829
51000000	70000000	3247.935325
52000000	70000000	2857.851349
53000000	70000000	3415.120119
54000000	70000000	2499.758520
55000000	70000000	2076.157281
56000000	70000000	1782.560050
57000000	70000000	2655.245153
58000000	70000000	3856.248832
59000000	70000000	3459.892583
60000000	70000000	2411.055211
61000000	70000000	3481.226686
62000000	70000000	4849.433980
63000000	70000000	5445.762488
64000000	70000000	5986.690559
65000000	70000000	6669.630289
66000000	70000000	8618.672208
67000000	70000000	11253.541094
68000000	70000000	34449.003060
69000000	70000000	61105.805734
70000000	70000000	239139.152913
0	71000000	1538.951081
1000000	71000000	1547.675258
2000000	71000000	1103.240244
3000000	71000000	886.224160
4000000	71000000	719.008281
5000000	71000000	1081.529982
6000000	71000000	1080.542229
7000000	71000000	1175.754942
8000000	71000000	925.322610
9000000	71000000	651.939729
10000000	71000000	688.645712
11000000	71000000	768.087633
12000000	71000000	810.345051
13000000	71000000	1115.573953
14000000	71000000	1291.283088
15000000	71000000	748.249494
18000000	71000000	1708.174252
19000000	71000000	1868.423934
20000000	71000000	1564.261423
21000000	71000000	1675.860351
22000000	71000000	2293.379256
23000000	71000000	1925.291592
24000000	71000000	2136.167782
25000000	71000000	2337.000891
26000000	71000000	2303.701575
27000000	71000000	2543.824815
28000000	71000000	2361.765748
29000000	71000000	2164.140881
30000000	71000000	2767.692583
31000000	71000000	2666.689850
32000000	71000000	2715.644309
33000000	71000000	1948.902280
34000000	71000000	2938.434924
35000000	71000000	3002.505190
36000000	71000000	2447.708368
37000000	71000000	2742.927067
38000000	71000000	3010.725694
39000000	71000000	3111.769764
40000000	71000000	3282.076510
41000000	71000000	3365.460618
42000000	71000000	2629.588309
43000000	71000000	2632.383150
44000000	71000000	2059.408657
45000000	71000000	2006.660252
46000000	71000000	1448.865248
47000000	71000000	1893.726955
48000000	71000000	2912.964489
49000000	71000000	2618.953047
50000000	71000000	3810.456705
51000000	71000000	3377.440844
52000000	71000000	2938.555631
53000000	71000000	3448.445546
54000000	71000000	2999.290132
55000000	71000000	2655.133387
56000000	71000000	2302.238961
57000000	71000000	3316.217232
58000000	71000000	4080.144590
59000000	71000000	4024.351439
60000000	71000000	2642.282487
61000000	71000000	4054.242939
62000000	71000000	4628.888891
63000000	71000000	4921.580129
64000000	71000000	5509.793956
65000000	71000000	6222.916402
66000000	71000000	7260.520447
67000000	71000000	8480.526611
68000000	71000000	16379.495356
69000000	71000000	19096.228037
70000000	71000000	70914.033402
71000000	71000000	229548.112050
0	72000000	1807.110145
1000000	72000000	838.662749
2000000	72000000	1367.336946
3000000	72000000	1433.928957
4000000	72000000	1065.441213
5000000	72000000	1023.089023
6000000	72000000	1130.734894
7000000	72000000	887.327495
8000000	72000000	1153.586212
9000000	72000000	1203.343604
10000000	72000000	1095.800539
11000000	72000000	1179.919727
12000000	72000000	1432.663754
13000000	72000000	1657.041722
14000000	72000000	958.927318
15000000	72000000	419.036826
18000000	72000000	1811.873022
19000000	72000000	2340.735486
20000000	72000000	2306.794051
21000000	72000000	2539.207898
22000000	72000000	2133.173783
23000000	72000000	2369.729028
24000000	72000000	2214.805501
25000000	72000000	1503.185992
26000000	72000000	1443.135331
27000000	72000000	1433.528075
28000000	72000000	1808.744963
29000000	72000000	2752.449244
30000000	72000000	1916.735225
31000000	72000000	1998.913293
32000000	72000000	2615.617251
33000000	72000000	3034.425418
34000000	72000000	3231.841812
35000000	72000000	1959.407902
36000000	72000000	1937.462533
37000000	72000000	1568.205779
38000000	72000000	1820.290176
39000000	72000000	2814.056444
40000000	72000000	2084.998933
41000000	72000000	2153.739829
42000000	72000000	3255.176971
43000000	72000000	3652.804271
44000000	72000000	2926.061828
45000000	72000000	2728.409182
46000000	72000000	2843.753476
47000000	72000000	2893.909266
48000000	72000000	3480.980298
49000000	72000000	2599.569306
50000000	72000000	2193.626600
51000000	72000000	2982.068262
52000000	72000000	2743.360813
53000000	72000000	2341.871098
54000000	72000000	3457.547660
55000000	72000000	3550.537871
56000000	72000000	3535.880054
57000000	72000000	3332.865600
58000000	72000000	2707.039578
59000000	72000000	3972.010948
60000000	72000000	4467.260187
61000000	72000000	4048.677071
62000000	72000000	2839.027064
63000000	72000000	3090.000965
64000000	72000000	3362.986078
65000000	72000000	3723.148925
66000000	72000000	4474.077498
67000000	72000000	7217.449464
68000000	72000000	6855.137850
69000000	72000000	6867.405785
70000000	72000000	14038.619606
71000000	72000000	58134.778726
72000000	72000000	253470.105154
0	73000000	1534.612304
1000000	73000000	1783.767390
2000000	73000000	979.515119
3000000	73000000	824.759432
4000000	73000000	688.354096
5000000	73000000	1293.312349
6000000	73000000	1338.330757
7000000	73000000	1607.333544
8000000	73000000	1336.629575
9000000	73000000	695.164954
10000000	73000000	904.063473
11000000	73000000	1031.427436
12000000	73000000	883.625421
13000000	73000000	1337.105650
14000000	73000000	1514.881462
15000000	73000000	910.478488
18000000	73000000	1772.818746
19000000	73000000	2231.789531
20000000	73000000	1781.645266
21000000	73000000	1737.793517
22000000	73000000	2951.631490
23000000	73000000	1963.573238
24000000	73000000	2018.000058
25000000	73000000	2402.717657
26000000	73000000	2488.286760
27000000	73000000	2402.649638
28000000	73000000	2156.593685
29000000	73000000	1713.715728
30000000	73000000	2764.122609
31000000	73000000	2323.589788
32000000	73000000	2280.012413
33000000	73000000	1649.519867
34000000	73000000	2911.442941
35000000	73000000	3207.696396
36000000	73000000	2138.090481
37000000	73000000	2760.398954
38000000	73000000	2944.339045
39000000	73000000	2862.499563
40000000	73000000	3260.870842
41000000	73000000	3361.023301
42000000	73000000	2299.769113
43000000	73000000	2649.466428
44000000	73000000	2690.193426
45000000	73000000	2841.285650
46000000	73000000	1489.434801
47000000	73000000	2282.871801
48000000	73000000	2943.063937
49000000	73000000	2529.900040
50000000	73000000	3751.115877
51000000	73000000	3009.261038
52000000	73000000	2603.469214
53000000	73000000	3220.897332
54000000	73000000	2832.823755
55000000	73000000	2530.040639
56000000	73000000	1961.169685
57000000	73000000	3202.543643
58000000	73000000	4033.958554
59000000	73000000	3767.637586
60000000	73000000	1927.674026
61000000	73000000	3324.007268
62000000	73000000	4365.320383
63000000	73000000	4289.953283
64000000	73000000	4809.120953
65000000	73000000	4870.507852
66000000	73000000	4961.317926
67000000	73000000	4500.807328
68000000	73000000	8830.297349
69000000	73000000	10320.931376
70000000	73000000	13036.427255
71000000	73000000	24672.166822
72000000	73000000	73667.180431
73000000	73000000	241717.629568
0	74000000	2496.285170
1000000	74000000	1200.471041
2000000	74000000	1640.743125
3000000	74000000	1406.742077
4000000	74000000	879.211531
5000000	74000000	1094.887957
6000000	74000000	1239.454897
7000000	74000000	1098.622118
8000000	74000000	1437.159987
9000000	74000000	1328.713474
10000000	74000000	1123.118993
11000000	74000000	1267.827627
12000000	74000000	1619.818701
13000000	74000000	2320.194492
14000000	74000000	1632.875962
15000000	74000000	763.371434
18000000	74000000	2551.576092
19000000	74000000	3059.314974
20000000	74000000	2749.565263
21000000	74000000	2712.739329
22000000	74000000	2237.694233
23000000	74000000	2551.051074
24000000	74000000	2314.957834
25000000	74000000	1761.916937
26000000	74000000	1677.408174
27000000	74000000	1653.229936
28000000	74000000	2098.507161
29000000	74000000	2987.584370
30000000	74000000	2149.427458
31000000	74000000	2083.236310
32000000	74000000	2699.392389
33000000	74000000	2812.261072
34000000	74000000	3152.526659
35000000	74000000	2340.672752
36000000	74000000	2319.268864
37000000	74000000	1861.784686
38000000	74000000	2118.615925
39000000	74000000	3076.874293
40000000	74000000	2320.305123
41000000	74000000	2165.720210
42000000	74000000	3035.793042
43000000	74000000	3638.279374
44000000	74000000	2855.172918
45000000	74000000	2622.301668
46000000	74000000	2591.478665
47000000	74000000	2963.393417
48000000	74000000	3667.847025
49000000	74000000	2902.675197
50000000	74000000	2457.142353
51000000	74000000	3369.713025
52000000	74000000	3027.494635
53000000	74000000	2565.318299
54000000	74000000	3337.557755
55000000	74000000	3355.256215
56000000	74000000	3536.946886
57000000	74000000	3812.644871
58000000	74000000	2825.165494
59000000	74000000	3743.830137
60000000	74000000	3803.763465
61000000	74000000	3835.229475
62000000	74000000	2863.125740
63000000	74000000	3081.857379
64000000	74000000	3211.267940
65000000	74000000	3530.459448
66000000	74000000	4013.216007
67000000	74000000	5662.720889
68000000	74000000	5626.788438
69000000	74000000	5260.111891
70000000	74000000	8149.245291
71000000	74000000	13847.408075
72000000	74000000	31076.713237
73000000	74000000	51723.798560
74000000	74000000	257230.998216
0	75000000	2024.997830
1000000	75000000	2635.522056
2000000	75000000	992.658345
3000000	75000000	669.319377
4000000	75000000	898.994527
5000000	75000000	1213.297744
6000000	75000000	1317.758271
7000000	75000000	2173.571441
8000000	75000000	1237.701588
9000000	75000000	506.606500
10000000	75000000	678.776359
11000000	75000000	799.632504
12000000	75000000	827.158716
13000000	75000000	1592.924012
14000000	75000000	3007.372222
15000000	75000000	3025.523520
18000000	75000000	2787.345997
19000000	75000000	2352.970623
20000000	75000000	1427.424057
21000000	75000000	1165.925050
22000000	75000000	2265.212002
23000000	75000000	1513.227555
24000000	75000000	1814.473820
25000000	75000000	2802.203001
26000000	75000000	2862.751994
27000000	75000000	2650.932767
28000000	75000000	2038.136110
29000000	75000000	1299.988039
30000000	75000000	2275.009449
31000000	75000000	2043.924199
32000000	75000000	1885.135614
33000000	75000000	1211.755191
34000000	75000000	2312.604979
35000000	75000000	3918.348353
36000000	75000000	2982.950118
37000000	75000000	3576.078308
38000000	75000000	2989.412598
39000000	75000000	2475.629649
40000000	75000000	2736.042242
41000000	75000000	2767.737906
42000000	75000000	1630.467423
43000000	75000000	1682.844840
44000000	75000000	1911.095076
45000000	75000000	1894.075425
46000000	75000000	870.738360
47000000	75000000	1548.907836
48000000	75000000	2278.041936
49000000	75000000	2571.958538
50000000	75000000	3882.224530
51000000	75000000	2446.806066
52000000	75000000	2101.883760
53000000	75000000	3160.130872
54000000	75000000	2304.461983
55000000	75000000	1833.834245
56000000	75000000	1299.686789
57000000	75000000	2282.374104
58000000	75000000	3211.901521
59000000	75000000	2671.661977
60000000	75000000	1179.977951
61000000	75000000	2277.022377
62000000	75000000	3730.776756
63000000	75000000	3967.190148
64000000	75000000	3861.680610
65000000	75000000	3951.146398
66000000	75000000	3722.044301
67000000	75000000	3229.178433
68000000	75000000	8479.819555
69000000	75000000	10529.868182
70000000	75000000	9689.221805
71000000	75000000	10438.578844
72000000	75000000	7984.062391
73000000	75000000	22678.619731
74000000	75000000	50447.233353
75000000	75000000	251290.588703
0	76000000	2626.944979
1000000	76000000	2227.488267
2000000	76000000	1039.561187
3000000	76000000	822.880232
4000000	76000000	966.003864
5000000	76000000	1137.105729
6000000	76000000	1269.153358
7000000	76000000	2114.828340
8000000	76000000	1304.942992
9000000	76000000	785.519385
10000000	76000000	791.477609
11000000	76000000	856.286451
12000000	76000000	949.805991
13000000	76000000	1987.962638
14000000	76000000	3610.637927
15000000	76000000	4003.700196
18000000	76000000	3191.248724
19000000	76000000	2379.944985
20000000	76000000	1518.480796
21000000	76000000	1314.133120
22000000	76000000	1880.072635
23000000	76000000	1567.137547
24000000	76000000	1653.889531
25000000	76000000	2334.459717
26000000	76000000	2340.131255
27000000	76000000	1888.527947
28000000	76000000	1592.114636
29000000	76000000	1436.293308
30000000	76000000	1622.848364
31000000	76000000	1656.375896
32000000	76000000	1884.371887
33000000	76000000	1486.557714
34000000	76000000	2436.088061
35000000	76000000	3745.851331
36000000	76000000	3112.611183
37000000	76000000	2944.364223
38000000	76000000	2150.963479
39000000	76000000	1914.831717
40000000	76000000	1821.122211
41000000	76000000	1855.986103
42000000	76000000	1572.930901
43000000	76000000	1937.643800
44000000	76000000	1831.410541
45000000	76000000	1859.787993
46000000	76000000	1088.219786
47000000	76000000	1672.071441
48000000	76000000	2418.480904
49000000	76000000	2554.365297
50000000	76000000	2790.996127
51000000	76000000	2049.513701
52000000	76000000	1822.238477
53000000	76000000	2483.684788
54000000	76000000	2258.531254
55000000	76000000	1976.535456
56000000	76000000	1532.270655
57000000	76000000	2110.907905
58000000	76000000	2262.325056
59000000	76000000	2392.157988
60000000	76000000	1499.126782
61000000	76000000	2266.419845
62000000	76000000	2597.912301
63000000	76000000	2754.688479
64000000	76000000	2586.074489
65000000	76000000	2657.440118
66000000	76000000	2586.845551
67000000	76000000	2992.246787
68000000	76000000	7057.959297
69000000	76000000	8497.169853
70000000	76000000	7608.180712
71000000	76000000	7600.349879
72000000	76000000	6715.346198
73000000	76000000	12299.624870
74000000	76000000	18179.389251
75000000	76000000	86881.589566
76000000	76000000	276951.929998
0	77000000	5705.909953
1000000	77000000	1393.128442
2000000	77000000	1869.805654
3000000	77000000	1492.144417
4000000	77000000	1109.093554
5000000	77000000	1100.210466
6000000	77000000	1199.282592
7000000	77000000	1240.227507
8000000	77000000	1539.966519
9000000	77000000	1743.078688
10000000	77000000	1256.720406
11000000	77000000	1342.744670
12000000	77000000	2088.222915
13000000	77000000	3072.145533
14000000	77000000	2049.252141
15000000	77000000	1285.197409
18000000	77000000	3151.059809
19000000	77000000	2843.589013
20000000	77000000	2401.793990
21000000	77000000	2297.340683
22000000	77000000	1662.658400
23000000	77000000	2006.565922
24000000	77000000	1855.359480
25000000	77000000	1404.828098
26000000	77000000	1345.637806
27000000	77000000	1172.130642
28000000	77000000	1409.310107
29000000	77000000	2229.511251
30000000	77000000	1320.033127
31000000	77000000	1551.826909
32000000	77000000	2169.143886
33000000	77000000	2685.875249
34000000	77000000	2719.483299
35000000	77000000	1824.092891
36000000	77000000	2238.939776
37000000	77000000	1536.696357
38000000	77000000	1421.332642
39000000	77000000	1959.296394
40000000	77000000	1260.213404
41000000	77000000	1307.526459
42000000	77000000	2082.637047
43000000	77000000	2971.736035
44000000	77000000	2601.486196
45000000	77000000	2444.380237
46000000	77000000	2408.434544
47000000	77000000	2972.242174
48000000	77000000	3216.422366
49000000	77000000	2414.622210
50000000	77000000	1695.126356
51000000	77000000	2210.353948
52000000	77000000	2028.365998
53000000	77000000	1783.168986
54000000	77000000	2562.811974
55000000	77000000	2853.318512
56000000	77000000	3053.562393
57000000	77000000	2403.644808
58000000	77000000	1693.360538
59000000	77000000	2659.955464
60000000	77000000	2989.918706
61000000	77000000	2509.692138
62000000	77000000	1860.403649
63000000	77000000	1934.450208
64000000	77000000	1972.657310
65000000	77000000	2121.178752
66000000	77000000	2361.146815
67000000	77000000	3585.576493
68000000	77000000	3590.478025
69000000	77000000	3557.557659
70000000	77000000	4400.726503
71000000	77000000	5583.757848
72000000	77000000	7953.887961
73000000	77000000	6780.190110
74000000	77000000	16577.529090
75000000	77000000	21048.858297
76000000	77000000	57357.126041
77000000	77000000	276445.515730
0	78000000	2787.435127
1000000	78000000	364.955298
2000000	78000000	590.422678
3000000	78000000	436.767216
4000000	78000000	360.930890
5000000	78000000	306.264045
6000000	78000000	344.627691
7000000	78000000	379.680025
8000000	78000000	582.960241
9000000	78000000	481.269894
10000000	78000000	348.423653
11000000	78000000	410.382413
12000000	78000000	597.495339
13000000	78000000	938.559157
14000000	78000000	489.306214
15000000	78000000	153.435262
18000000	78000000	646.506307
19000000	78000000	715.762373
20000000	78000000	705.826107
21000000	78000000	528.349275
22000000	78000000	540.319360
23000000	78000000	541.924557
24000000	78000000	503.726958
25000000	78000000	396.294645
26000000	78000000	348.249978
27000000	78000000	184.206472
28000000	78000000	342.179183
29000000	78000000	771.753308
30000000	78000000	330.534605
31000000	78000000	540.630934
32000000	78000000	457.102713
33000000	78000000	723.796131
34000000	78000000	591.423469
35000000	78000000	365.229432
36000000	78000000	492.798628
37000000	78000000	358.789787
38000000	78000000	442.299421
39000000	78000000	488.369741
40000000	78000000	373.570123
41000000	78000000	309.320234
42000000	78000000	566.638638
43000000	78000000	769.969948
44000000	78000000	684.629719
45000000	78000000	516.524475
46000000	78000000	844.397428
47000000	78000000	929.269950
48000000	78000000	911.824482
49000000	78000000	663.716942
50000000	78000000	421.938873
51000000	78000000	678.132785
52000000	78000000	483.897652
53000000	78000000	480.468968
54000000	78000000	694.215893
55000000	78000000	712.353698
56000000	78000000	1134.416823
57000000	78000000	741.532239
58000000	78000000	536.302207
59000000	78000000	774.144652
60000000	78000000	856.565656
61000000	78000000	887.220890
62000000	78000000	482.036401
63000000	78000000	763.913108
64000000	78000000	742.373252
65000000	78000000	671.672543
66000000	78000000	782.997620
67000000	78000000	1056.612428
68000000	78000000	963.213818
69000000	78000000	903.313629
70000000	78000000	1168.987136
71000000	78000000	1432.225936
72000000	78000000	1907.383639
73000000	78000000	1374.978901
74000000	78000000	3103.677875
75000000	78000000	2810.088372
76000000	78000000	5611.481125
77000000	78000000	85589.967745
78000000	78000000	482612.711726
