20	1	20	1	467667.731485
20	1	20	1000001	88391.286544
20	1000001	20	1000001	402973.032793
20	1	20	2000001	31819.591044
20	1000001	20	2000001	105195.070789
20	2000001	20	2000001	392365.062283
20	1	20	3000001	17073.401073
20	1000001	20	3000001	24038.159594
20	2000001	20	3000001	82056.609127
20	3000001	20	3000001	407053.005642
20	1	20	4000001	11641.969149
20	1000001	20	4000001	13942.272581
20	2000001	20	4000001	20483.518078
20	3000001	20	4000001	84848.400411
20	4000001	20	4000001	375358.516964
20	1	20	5000001	8489.799410
20	1000001	20	5000001	9328.122463
20	2000001	20	5000001	10756.431504
20	3000001	20	5000001	21289.640586
20	4000001	20	5000001	89438.895955
20	5000001	20	5000001	393212.141245
20	1	20	6000001	5415.667314
20	1000001	20	6000001	5176.124495
20	2000001	20	6000001	5456.810663
20	3000001	20	6000001	6965.913797
20	4000001	20	6000001	16967.290104
20	5000001	20	6000001	59702.199755
20	6000001	20	6000001	340389.344023
20	1	20	7000001	4118.971988
20	1000001	20	7000001	3831.734169
20	2000001	20	7000001	4124.523486
20	3000001	20	7000001	4656.841876
20	4000001	20	7000001	9747.509777
20	5000001	20	7000001	17309.463491
20	6000001	20	7000001	117810.408949
20	7000001	20	7000001	346151.116046
20	1	20	8000001	4212.821610
20	1000001	20	8000001	3926.884197
20	2000001	20	8000001	4037.373137
20	3000001	20	8000001	4632.762486
20	4000001	20	8000001	9312.222452
20	5000001	20	8000001	15266.771978
20	6000001	20	8000001	37522.676935
20	7000001	20	8000001	81528.449531
20	8000001	20	8000001	359560.370108
20	1	20	9000001	3755.021573
20	1000001	20	9000001	3305.987964
20	2000001	20	9000001	3303.767822
20	3000001	20	9000001	3518.541923
20	4000001	20	9000001	6818.424563
20	5000001	20	9000001	8973.718612
20	6000001	20	9000001	18406.037136
20	7000001	20	9000001	26101.993553
20	8000001	20	9000001	72708.574717
20	9000001	20	9000001	335861.252241
20	1	20	10000001	3477.220446
20	1000001	20	10000001	3388.894925
20	2000001	20	10000001	3214.832786
20	3000001	20	10000001	3811.582845
20	4000001	20	10000001	6152.364690
20	5000001	20	10000001	8744.817958
20	6000001	20	10000001	12057.564384
20	7000001	20	10000001	13462.054729
20	8000001	20	10000001	22745.832309
20	9000001	20	10000001	85981.956689
20	10000001	20	10000001	320918.394932
20	1	20	11000001	2863.370832
20	1000001	20	11000001	2704.002658
20	2000001	20	11000001	2456.036785
20	3000001	20	11000001	2830.050469
20	4000001	20	11000001	4490.478419
20	5000001	20	11000001	5929.563745
20	6000001	20	11000001	11594.059165
20	7000001	20	11000001	13674.517200
20	8000001	20	11000001	16792.605623
20	9000001	20	11000001	40856.976436
20	10000001	20	11000001	129165.489505
20	11000001	20	11000001	321267.955757
20	1	20	12000001	2525.002518
20	1000001	20	12000001	2096.787882
20	2000001	20	12000001	1966.808259
20	3000001	20	12000001	1897.515978
20	4000001	20	12000001	3770.193697
20	5000001	20	12000001	3778.341205
20	6000001	20	12000001	11861.904788
20	7000001	20	12000001	16630.104936
20	8000001	20	12000001	15606.756856
20	9000001	20	12000001	27946.210214
20	10000001	20	12000001	28236.974410
20	11000001	20	12000001	85240.583148
20	12000001	20	12000001	354322.748157
20	1	20	13000001	3649.210503
20	1000001	20	13000001	3140.608300
20	2000001	20	13000001	3033.002098
20	3000001	20	13000001	3721.268493
20	4000001	20	13000001	5514.430792
20	5000001	20	13000001	7423.647270
20	6000001	20	13000001	10582.289405
20	7000001	20	13000001	10949.136149
20	8000001	20	13000001	13615.963518
20	9000001	20	13000001	18353.827227
20	10000001	20	13000001	22248.864269
20	11000001	20	13000001	27493.048458
20	12000001	20	13000001	69433.614704
20	13000001	20	13000001	348718.898132
20	1	20	14000001	2787.541560
20	1000001	20	14000001	2522.764902
20	2000001	20	14000001	2420.317992
20	3000001	20	14000001	2803.827101
20	4000001	20	14000001	4153.713534
20	5000001	20	14000001	4849.073507
20	6000001	20	14000001	7972.519977
20	7000001	20	14000001	8120.357963
20	8000001	20	14000001	9139.705724
20	9000001	20	14000001	10075.091921
20	10000001	20	14000001	9945.676301
20	11000001	20	14000001	11488.589650
20	12000001	20	14000001	18250.750830
20	13000001	20	14000001	49559.281091
20	14000001	20	14000001	344630.043553
20	1	20	15000001	2509.728880
20	1000001	20	15000001	2598.705616
20	2000001	20	15000001	2356.234714
20	3000001	20	15000001	2848.167632
20	4000001	20	15000001	4049.446541
20	5000001	20	15000001	4908.000822
20	6000001	20	15000001	6245.496012
20	7000001	20	15000001	6654.815712
20	8000001	20	15000001	7661.734176
20	9000001	20	15000001	8320.595114
20	10000001	20	15000001	7972.450510
20	11000001	20	15000001	8540.520213
20	12000001	20	15000001	11886.580606
20	13000001	20	15000001	25699.211272
20	14000001	20	15000001	132962.528274
20	15000001	20	15000001	315671.756624
20	1	20	16000001	2899.399212
20	1000001	20	16000001	2807.847761
20	2000001	20	16000001	2662.645157
20	3000001	20	16000001	2920.697797
20	4000001	20	16000001	4699.608921
20	5000001	20	16000001	4995.456259
20	6000001	20	16000001	7518.013859
20	7000001	20	16000001	7527.869461
20	8000001	20	16000001	8444.038194
20	9000001	20	16000001	9201.639231
20	10000001	20	16000001	8095.011217
20	11000001	20	16000001	8777.199007
20	12000001	20	16000001	13514.491238
20	13000001	20	16000001	23882.463739
20	14000001	20	16000001	50280.355193
20	15000001	20	16000001	114180.696283
20	16000001	20	16000001	310155.209523
20	1	20	17000001	3889.612191
20	1000001	20	17000001	3469.941724
20	2000001	20	17000001	3642.071538
20	3000001	20	17000001	4049.467661
20	4000001	20	17000001	5411.132557
20	5000001	20	17000001	6270.148342
20	6000001	20	17000001	6688.176794
20	7000001	20	17000001	6005.532667
20	8000001	20	17000001	6845.612310
20	9000001	20	17000001	7549.438652
20	10000001	20	17000001	6989.552852
20	11000001	20	17000001	6087.527852
20	12000001	20	17000001	8715.989787
20	13000001	20	17000001	14754.092831
20	14000001	20	17000001	16312.234441
20	15000001	20	17000001	20107.042332
20	16000001	20	17000001	58826.370868
20	17000001	20	17000001	350602.806732
20	1	20	18000001	4208.207247
20	1000001	20	18000001	4107.454014
20	2000001	20	18000001	4101.623751
20	3000001	20	18000001	4937.739653
20	4000001	20	18000001	5752.764517
20	5000001	20	18000001	6649.237708
20	6000001	20	18000001	5420.653194
20	7000001	20	18000001	4456.859804
20	8000001	20	18000001	5475.926850
20	9000001	20	18000001	5238.210546
20	10000001	20	18000001	5775.261714
20	11000001	20	18000001	4742.049470
20	12000001	20	18000001	5074.476453
20	13000001	20	18000001	10753.425744
20	14000001	20	18000001	9803.954359
20	15000001	20	18000001	11643.066744
20	16000001	20	18000001	20814.928618
20	17000001	20	18000001	82968.621793
20	18000001	20	18000001	329846.373113
20	1	20	19000001	3731.619813
20	1000001	20	19000001	3750.222735
20	2000001	20	19000001	3627.391741
20	3000001	20	19000001	3597.948818
20	4000001	20	19000001	5559.960490
20	5000001	20	19000001	5271.997810
20	6000001	20	19000001	5812.909569
20	7000001	20	19000001	5204.044822
20	8000001	20	19000001	5845.264651
20	9000001	20	19000001	5901.555676
20	10000001	20	19000001	5507.518222
20	11000001	20	19000001	4845.134614
20	12000001	20	19000001	6291.290630
20	13000001	20	19000001	8874.063545
20	14000001	20	19000001	8627.499025
20	15000001	20	19000001	9449.341415
20	16000001	20	19000001	16081.374691
20	17000001	20	19000001	28969.597505
20	18000001	20	19000001	104434.635655
20	19000001	20	19000001	335261.639855
20	1	20	20000001	3682.877498
20	1000001	20	20000001	3712.415531
20	2000001	20	20000001	3660.334920
20	3000001	20	20000001	4230.715488
20	4000001	20	20000001	5186.865421
20	5000001	20	20000001	6150.752465
20	6000001	20	20000001	5766.180761
20	7000001	20	20000001	4946.617033
20	8000001	20	20000001	5948.601617
20	9000001	20	20000001	5739.403166
20	10000001	20	20000001	5949.238056
20	11000001	20	20000001	4802.568656
20	12000001	20	20000001	4985.769912
20	13000001	20	20000001	9233.922031
20	14000001	20	20000001	7671.740639
20	15000001	20	20000001	8136.344149
20	16000001	20	20000001	11120.825661
20	17000001	20	20000001	16734.037598
20	18000001	20	20000001	25197.952766
20	19000001	20	20000001	62796.972058
20	20000001	20	20000001	351502.757214
20	1	20	21000001	3248.067221
20	1000001	20	21000001	2958.599116
20	2000001	20	21000001	2667.909618
20	3000001	20	21000001	2885.384601
20	4000001	20	21000001	4354.699819
20	5000001	20	21000001	4893.049938
20	6000001	20	21000001	6547.865175
20	7000001	20	21000001	6678.771092
20	8000001	20	21000001	6695.786356
20	9000001	20	21000001	7276.980017
20	10000001	20	21000001	6034.268575
20	11000001	20	21000001	6034.756551
20	12000001	20	21000001	9237.485309
20	13000001	20	21000001	9294.696626
20	14000001	20	21000001	7471.705296
20	15000001	20	21000001	7607.364407
20	16000001	20	21000001	11064.322115
20	17000001	20	21000001	13436.244124
20	18000001	20	21000001	14311.003875
20	19000001	20	21000001	23085.900855
20	20000001	20	21000001	86511.771144
20	21000001	20	21000001	322951.706636
20	1	20	22000001	2670.816818
20	1000001	20	22000001	2292.036043
20	2000001	20	22000001	2327.536589
20	3000001	20	22000001	2007.872775
20	4000001	20	22000001	3732.939395
20	5000001	20	22000001	3560.020017
20	6000001	20	22000001	6688.618487
20	7000001	20	22000001	6988.528082
20	8000001	20	22000001	6837.352197
20	9000001	20	22000001	7703.420290
20	10000001	20	22000001	5379.389898
20	11000001	20	22000001	6087.935353
20	12000001	20	22000001	10068.273594
20	13000001	20	22000001	7563.665751
20	14000001	20	22000001	6558.262818
20	15000001	20	22000001	6279.787401
20	16000001	20	22000001	9568.157059
20	17000001	20	22000001	10097.731968
20	18000001	20	22000001	8929.548215
20	19000001	20	22000001	14202.574033
20	20000001	20	22000001	20474.475663
20	21000001	20	22000001	73603.400593
20	22000001	20	22000001	329008.855849
20	1	20	23000001	3770.899757
20	1000001	20	23000001	3324.560098
20	2000001	20	23000001	3076.898985
20	3000001	20	23000001	3141.004495
20	4000001	20	23000001	4862.099796
20	5000001	20	23000001	5114.439412
20	6000001	20	23000001	5945.248601
20	7000001	20	23000001	5159.421198
20	8000001	20	23000001	5801.957086
20	9000001	20	23000001	6184.487026
20	10000001	20	23000001	5697.222733
20	11000001	20	23000001	4803.518803
20	12000001	20	23000001	5923.911145
20	13000001	20	23000001	7824.863729
20	14000001	20	23000001	5615.414804
20	15000001	20	23000001	5786.937565
20	16000001	20	23000001	7974.916160
20	17000001	20	23000001	10117.623876
20	18000001	20	23000001	9809.165276
20	19000001	20	23000001	12811.062363
20	20000001	20	23000001	17368.639334
20	21000001	20	23000001	27726.059350
20	22000001	20	23000001	96235.595523
20	23000001	20	23000001	311389.322051
20	1	20	24000001	3515.920340
20	1000001	20	24000001	3077.535419
20	2000001	20	24000001	2891.185099
20	3000001	20	24000001	2636.111565
20	4000001	20	24000001	4518.884807
20	5000001	20	24000001	4416.291713
20	6000001	20	24000001	5592.164423
20	7000001	20	24000001	4915.288593
20	8000001	20	24000001	5302.550092
20	9000001	20	24000001	6073.096651
20	10000001	20	24000001	4940.460802
20	11000001	20	24000001	4486.197546
20	12000001	20	24000001	6343.868732
20	13000001	20	24000001	6585.923024
20	14000001	20	24000001	5007.239335
20	15000001	20	24000001	5088.746391
20	16000001	20	24000001	7159.444843
20	17000001	20	24000001	8229.434827
20	18000001	20	24000001	7617.214480
20	19000001	20	24000001	10500.723013
20	20000001	20	24000001	10980.547380
20	21000001	20	24000001	15878.402899
20	22000001	20	24000001	26294.760080
20	23000001	20	24000001	68313.166629
20	24000001	20	24000001	334285.397482
20	1	20	25000001	3611.529845
20	1000001	20	25000001	3102.436890
20	2000001	20	25000001	2878.990675
20	3000001	20	25000001	3398.011681
20	4000001	20	25000001	3884.944312
20	5000001	20	25000001	5164.161048
20	6000001	20	25000001	4706.921386
20	7000001	20	25000001	4310.944170
20	8000001	20	25000001	5076.437183
20	9000001	20	25000001	4983.290986
20	10000001	20	25000001	5790.162372
20	11000001	20	25000001	5057.713672
20	12000001	20	25000001	4947.350432
20	13000001	20	25000001	7681.517285
20	14000001	20	25000001	4822.995431
20	15000001	20	25000001	4915.199068
20	16000001	20	25000001	5814.734335
20	17000001	20	25000001	6869.753695
20	18000001	20	25000001	7600.401148
20	19000001	20	25000001	7084.856436
20	20000001	20	25000001	9379.549763
20	21000001	20	25000001	11467.878182
20	22000001	20	25000001	13612.849202
20	23000001	20	25000001	26886.260619
20	24000001	20	25000001	88998.831133
20	25000001	20	25000001	362695.529690
20	1	20	26000001	1360.107293
20	1000001	20	26000001	975.245318
20	2000001	20	26000001	751.086483
20	3000001	20	26000001	736.028341
20	4000001	20	26000001	1450.860655
20	5000001	20	26000001	1257.627212
20	6000001	20	26000001	3515.306375
20	7000001	20	26000001	4762.341997
20	8000001	20	26000001	3031.821488
20	9000001	20	26000001	3593.300263
20	10000001	20	26000001	2640.225337
20	11000001	20	26000001	4530.460344
20	12000001	20	26000001	8280.509698
20	13000001	20	26000001	3365.598812
20	14000001	20	26000001	3242.482131
20	15000001	20	26000001	2557.994885
20	16000001	20	26000001	3969.007688
20	17000001	20	26000001	2972.471139
20	18000001	20	26000001	2609.862713
20	19000001	20	26000001	3268.453671
20	20000001	20	26000001	3154.808167
20	21000001	20	26000001	7486.252660
20	22000001	20	26000001	10776.695246
20	23000001	20	26000001	9657.749261
20	24000001	20	26000001	20314.988999
20	25000001	20	26000001	65768.526852
20	26000001	20	26000001	557851.146296
20	1	20	29000001	1461.317724
20	1000001	20	29000001	1122.053336
20	2000001	20	29000001	1134.789260
20	3000001	20	29000001	833.123277
20	4000001	20	29000001	1586.521787
20	5000001	20	29000001	1445.772767
20	6000001	20	29000001	3497.770667
20	7000001	20	29000001	4414.952131
20	8000001	20	29000001	3239.554752
20	9000001	20	29000001	3463.781383
20	10000001	20	29000001	2827.596823
20	11000001	20	29000001	4308.798379
20	12000001	20	29000001	7807.035129
20	13000001	20	29000001	3597.483295
20	14000001	20	29000001	2757.120581
20	15000001	20	29000001	2854.193320
20	16000001	20	29000001	3799.238014
20	17000001	20	29000001	3185.146873
20	18000001	20	29000001	2984.293363
20	19000001	20	29000001	3776.057962
20	20000001	20	29000001	3645.377683
20	21000001	20	29000001	7411.404868
20	22000001	20	29000001	8701.593737
20	23000001	20	29000001	7103.330691
20	24000001	20	29000001	9087.957382
20	25000001	20	29000001	8718.874864
20	26000001	20	29000001	13545.000653
20	29000001	20	29000001	512909.764567
20	1	20	30000001	3989.494383
20	1000001	20	30000001	3589.639339
20	2000001	20	30000001	3748.944419
20	3000001	20	30000001	4787.422440
20	4000001	20	30000001	3795.121376
20	5000001	20	30000001	4845.272609
20	6000001	20	30000001	2443.759832
20	7000001	20	30000001	1865.588758
20	8000001	20	30000001	2508.903322
20	9000001	20	30000001	2424.192587
20	10000001	20	30000001	3264.582721
20	11000001	20	30000001	2566.273002
20	12000001	20	30000001	1589.509263
20	13000001	20	30000001	4029.294782
20	14000001	20	30000001	2662.540624
20	15000001	20	30000001	2752.574965
20	16000001	20	30000001	2816.446421
20	17000001	20	30000001	4664.765822
20	18000001	20	30000001	5644.604172
20	19000001	20	30000001	4163.782236
20	20000001	20	30000001	5904.062408
20	21000001	20	30000001	4853.755342
20	22000001	20	30000001	3834.149626
20	23000001	20	30000001	6598.379674
20	24000001	20	30000001	6374.966582
20	25000001	20	30000001	9693.735278
20	26000001	20	30000001	1996.760143
20	29000001	20	30000001	31721.882042
20	30000001	20	30000001	374450.324691
20	1	20	31000001	4126.508181
20	1000001	20	31000001	4149.968482
20	2000001	20	31000001	4735.175960
20	3000001	20	31000001	4786.228053
20	4000001	20	31000001	3858.752515
20	5000001	20	31000001	3183.458224
20	6000001	20	31000001	1485.339556
20	7000001	20	31000001	1024.564960
20	8000001	20	31000001	1334.032230
20	9000001	20	31000001	1348.094835
20	10000001	20	31000001	1580.628817
20	11000001	20	31000001	1144.027926
20	12000001	20	31000001	890.033443
20	13000001	20	31000001	1839.827675
20	14000001	20	31000001	1547.547443
20	15000001	20	31000001	1681.461767
20	16000001	20	31000001	1893.605072
20	17000001	20	31000001	2808.857102
20	18000001	20	31000001	3548.686476
20	19000001	20	31000001	3286.283417
20	20000001	20	31000001	3565.000739
20	21000001	20	31000001	2584.107092
20	22000001	20	31000001	2344.734008
20	23000001	20	31000001	3524.804126
20	24000001	20	31000001	3797.034485
20	25000001	20	31000001	3766.037350
20	26000001	20	31000001	1232.000822
20	29000001	20	31000001	5916.948704
20	30000001	20	31000001	93051.756739
20	31000001	20	31000001	384547.156798
20	1	20	32000001	3310.314173
20	1000001	20	32000001	3354.727641
20	2000001	20	32000001	3902.875651
20	3000001	20	32000001	4482.448239
20	4000001	20	32000001	2683.431667
20	5000001	20	32000001	2522.869753
20	6000001	20	32000001	931.423496
20	7000001	20	32000001	673.421026
20	8000001	20	32000001	920.164413
20	9000001	20	32000001	800.347181
20	10000001	20	32000001	1070.466180
20	11000001	20	32000001	836.163248
20	12000001	20	32000001	473.674307
20	13000001	20	32000001	1319.055376
20	14000001	20	32000001	1118.966636
20	15000001	20	32000001	1177.330358
20	16000001	20	32000001	1123.400090
20	17000001	20	32000001	2029.780127
20	18000001	20	32000001	2560.831528
20	19000001	20	32000001	1927.395059
20	20000001	20	32000001	2413.703972
20	21000001	20	32000001	1663.230165
20	22000001	20	32000001	1139.989019
20	23000001	20	32000001	1946.750512
20	24000001	20	32000001	1721.298890
20	25000001	20	32000001	2459.214465
20	26000001	20	32000001	478.188337
20	29000001	20	32000001	2572.743925
20	30000001	20	32000001	19332.198449
20	31000001	20	32000001	69585.571859
20	32000001	20	32000001	415028.343634
20	1	20	33000001	2888.492053
20	1000001	20	33000001	2942.560514
20	2000001	20	33000001	3374.663275
20	3000001	20	33000001	3777.316819
20	4000001	20	33000001	2028.114476
20	5000001	20	33000001	1810.104198
20	6000001	20	33000001	689.375031
20	7000001	20	33000001	492.584203
20	8000001	20	33000001	641.460630
20	9000001	20	33000001	569.950253
20	10000001	20	33000001	757.737314
20	11000001	20	33000001	540.953825
20	12000001	20	33000001	390.467242
20	13000001	20	33000001	935.365922
20	14000001	20	33000001	806.858439
20	15000001	20	33000001	825.643771
20	16000001	20	33000001	820.447113
20	17000001	20	33000001	1405.747000
20	18000001	20	33000001	1939.703044
20	19000001	20	33000001	1370.852723
20	20000001	20	33000001	1796.574477
20	21000001	20	33000001	1193.622515
20	22000001	20	33000001	834.780054
20	23000001	20	33000001	1314.799322
20	24000001	20	33000001	1234.734912
20	25000001	20	33000001	1716.285971
20	26000001	20	33000001	469.696111
20	29000001	20	33000001	1956.498477
20	30000001	20	33000001	11316.020285
20	31000001	20	33000001	20134.991206
20	32000001	20	33000001	109260.273529
20	33000001	20	33000001	424469.648759
20	1	20	34000001	3003.046898
20	1000001	20	34000001	2879.243864
20	2000001	20	34000001	3506.702392
20	3000001	20	34000001	3621.273419
20	4000001	20	34000001	2034.740675
20	5000001	20	34000001	1689.393466
20	6000001	20	34000001	616.362345
20	7000001	20	34000001	456.489973
20	8000001	20	34000001	629.382610
20	9000001	20	34000001	528.944097
20	10000001	20	34000001	653.378319
20	11000001	20	34000001	527.797985
20	12000001	20	34000001	389.421756
20	13000001	20	34000001	872.161566
20	14000001	20	34000001	719.707540
20	15000001	20	34000001	723.318839
20	16000001	20	34000001	831.701036
20	17000001	20	34000001	1351.903025
20	18000001	20	34000001	1733.569761
20	19000001	20	34000001	1468.069731
20	20000001	20	34000001	1593.490559
20	21000001	20	34000001	1085.506566
20	22000001	20	34000001	889.082912
20	23000001	20	34000001	1254.715439
20	24000001	20	34000001	1228.098196
20	25000001	20	34000001	1493.625882
20	26000001	20	34000001	465.358344
20	29000001	20	34000001	1704.810199
20	30000001	20	34000001	8837.905079
20	31000001	20	34000001	13547.122265
20	32000001	20	34000001	23493.883093
20	33000001	20	34000001	84612.955566
20	34000001	20	34000001	431204.702770
20	1	20	35000001	2888.547143
20	1000001	20	35000001	2860.221536
20	2000001	20	35000001	3387.282581
20	3000001	20	35000001	3821.509667
20	4000001	20	35000001	2163.421200
20	5000001	20	35000001	2035.163302
20	6000001	20	35000001	709.314514
20	7000001	20	35000001	466.956631
20	8000001	20	35000001	630.270840
20	9000001	20	35000001	586.992682
20	10000001	20	35000001	840.183805
20	11000001	20	35000001	626.837595
20	12000001	20	35000001	385.187553
20	13000001	20	35000001	967.236272
20	14000001	20	35000001	892.316855
20	15000001	20	35000001	812.652568
20	16000001	20	35000001	772.077250
20	17000001	20	35000001	1531.649384
20	18000001	20	35000001	1886.751747
20	19000001	20	35000001	1361.172499
20	20000001	20	35000001	1751.087329
20	21000001	20	35000001	1166.040168
20	22000001	20	35000001	817.945112
20	23000001	20	35000001	1341.122994
20	24000001	20	35000001	1188.209034
20	25000001	20	35000001	1616.368831
20	26000001	20	35000001	315.133156
20	29000001	20	35000001	1443.032645
20	30000001	20	35000001	9015.028150
20	31000001	20	35000001	11624.976547
20	32000001	20	35000001	16714.181340
20	33000001	20	35000001	26025.340942
20	34000001	20	35000001	96625.549598
20	35000001	20	35000001	399061.646881
20	1	20	36000001	3257.267296
20	1000001	20	36000001	3351.998983
20	2000001	20	36000001	3868.788428
20	3000001	20	36000001	3915.845951
20	4000001	20	36000001	2863.688688
20	5000001	20	36000001	2366.106109
20	6000001	20	36000001	987.804146
20	7000001	20	36000001	762.851084
20	8000001	20	36000001	970.902355
20	9000001	20	36000001	902.788060
20	10000001	20	36000001	1111.026350
20	11000001	20	36000001	834.567265
20	12000001	20	36000001	607.237163
20	13000001	20	36000001	1226.489414
20	14000001	20	36000001	1113.483385
20	15000001	20	36000001	1217.218802
20	16000001	20	36000001	1322.508008
20	17000001	20	36000001	1974.357910
20	18000001	20	36000001	2546.421273
20	19000001	20	36000001	2181.529827
20	20000001	20	36000001	2468.092587
20	21000001	20	36000001	1683.260518
20	22000001	20	36000001	1427.502046
20	23000001	20	36000001	2087.621563
20	24000001	20	36000001	2008.542757
20	25000001	20	36000001	2024.258776
20	26000001	20	36000001	505.299773
20	29000001	20	36000001	1798.050613
20	30000001	20	36000001	8551.194478
20	31000001	20	36000001	12401.197580
20	32000001	20	36000001	11446.946721
20	33000001	20	36000001	12962.960226
20	34000001	20	36000001	21868.003452
20	35000001	20	36000001	102208.150812
20	36000001	20	36000001	405475.052634
20	1	20	37000001	3383.900482
20	1000001	20	37000001	3370.461374
20	2000001	20	37000001	3412.127253
20	3000001	20	37000001	3479.069845
20	4000001	20	37000001	3468.392934
20	5000001	20	37000001	3213.839421
20	6000001	20	37000001	2133.873041
20	7000001	20	37000001	1572.085705
20	8000001	20	37000001	2117.715142
20	9000001	20	37000001	1967.802934
20	10000001	20	37000001	2159.349085
20	11000001	20	37000001	1676.345308
20	12000001	20	37000001	1356.781592
20	13000001	20	37000001	2720.804952
20	14000001	20	37000001	2032.669180
20	15000001	20	37000001	2088.356660
20	16000001	20	37000001	2445.643640
20	17000001	20	37000001	3501.367676
20	18000001	20	37000001	3799.866176
20	19000001	20	37000001	3780.677089
20	20000001	20	37000001	4057.135089
20	21000001	20	37000001	3610.907310
20	22000001	20	37000001	3099.455536
20	23000001	20	37000001	4349.632088
20	24000001	20	37000001	4070.839972
20	25000001	20	37000001	3843.054368
20	26000001	20	37000001	977.197004
20	29000001	20	37000001	3324.825347
20	30000001	20	37000001	9845.055060
20	31000001	20	37000001	9316.216106
20	32000001	20	37000001	7510.779992
20	33000001	20	37000001	7006.779161
20	34000001	20	37000001	9088.177511
20	35000001	20	37000001	16588.087550
20	36000001	20	37000001	55716.132753
20	37000001	20	37000001	342543.433022
20	1	20	38000001	2313.046181
20	1000001	20	38000001	2305.169755
20	2000001	20	38000001	2172.903316
20	3000001	20	38000001	1760.880601
20	4000001	20	38000001	2856.520759
20	5000001	20	38000001	2114.046915
20	6000001	20	38000001	3228.058164
20	7000001	20	38000001	2889.454079
20	8000001	20	38000001	2814.037890
20	9000001	20	38000001	2956.559977
20	10000001	20	38000001	2361.594352
20	11000001	20	38000001	2447.770028
20	12000001	20	38000001	2964.612349
20	13000001	20	38000001	2935.999847
20	14000001	20	38000001	2799.330464
20	15000001	20	38000001	2476.899579
20	16000001	20	38000001	3320.583293
20	17000001	20	38000001	3308.286240
20	18000001	20	38000001	3057.612010
20	19000001	20	38000001	4101.330555
20	20000001	20	38000001	3706.592456
20	21000001	20	38000001	4295.829502
20	22000001	20	38000001	4768.792721
20	23000001	20	38000001	4669.373160
20	24000001	20	38000001	4934.612711
20	25000001	20	38000001	3326.706855
20	26000001	20	38000001	2599.585917
20	29000001	20	38000001	6431.984916
20	30000001	20	38000001	4828.327442
20	31000001	20	38000001	5172.352636
20	32000001	20	38000001	3188.544926
20	33000001	20	38000001	2954.760359
20	34000001	20	38000001	3634.692112
20	35000001	20	38000001	4399.324456
20	36000001	20	38000001	10709.198316
20	37000001	20	38000001	76405.554075
20	38000001	20	38000001	349058.734856
20	1	20	39000001	2632.852670
20	1000001	20	39000001	2529.291800
20	2000001	20	39000001	2446.892283
20	3000001	20	39000001	2449.393376
20	4000001	20	39000001	2957.339596
20	5000001	20	39000001	2795.710225
20	6000001	20	39000001	2435.779534
20	7000001	20	39000001	1920.337126
20	8000001	20	39000001	2368.369533
20	9000001	20	39000001	2382.280478
20	10000001	20	39000001	2234.186983
20	11000001	20	39000001	1770.484857
20	12000001	20	39000001	1765.074821
20	13000001	20	39000001	2764.533424
20	14000001	20	39000001	2069.997363
20	15000001	20	39000001	2125.558028
20	16000001	20	39000001	2630.944800
20	17000001	20	39000001	3318.503551
20	18000001	20	39000001	3273.279307
20	19000001	20	39000001	3617.979651
20	20000001	20	39000001	3771.722152
20	21000001	20	39000001	3547.634666
20	22000001	20	39000001	3714.667844
20	23000001	20	39000001	4671.097498
20	24000001	20	39000001	4494.442377
20	25000001	20	39000001	3920.580763
20	26000001	20	39000001	1186.487223
20	29000001	20	39000001	4088.853435
20	30000001	20	39000001	6572.373288
20	31000001	20	39000001	5646.088918
20	32000001	20	39000001	4017.704973
20	33000001	20	39000001	3405.698583
20	34000001	20	39000001	4051.063718
20	35000001	20	39000001	5366.537438
20	36000001	20	39000001	10092.631864
20	37000001	20	39000001	39424.754990
20	38000001	20	39000001	89693.044199
20	39000001	20	39000001	333857.439475
20	1	20	40000001	2671.830541
20	1000001	20	40000001	2638.470822
20	2000001	20	40000001	2326.627310
20	3000001	20	40000001	2146.028411
20	4000001	20	40000001	2891.113874
20	5000001	20	40000001	2445.888676
20	6000001	20	40000001	2779.207674
20	7000001	20	40000001	2460.568736
20	8000001	20	40000001	2485.802331
20	9000001	20	40000001	2592.186475
20	10000001	20	40000001	2204.474315
20	11000001	20	40000001	2049.488893
20	12000001	20	40000001	2471.989237
20	13000001	20	40000001	2813.858763
20	14000001	20	40000001	2284.451837
20	15000001	20	40000001	2338.414947
20	16000001	20	40000001	3183.988018
20	17000001	20	40000001	3467.671859
20	18000001	20	40000001	3375.014657
20	19000001	20	40000001	4010.059526
20	20000001	20	40000001	3809.912341
20	21000001	20	40000001	4088.185245
20	22000001	20	40000001	4545.671902
20	23000001	20	40000001	5238.392490
20	24000001	20	40000001	5421.816575
20	25000001	20	40000001	4043.829142
20	26000001	20	40000001	1876.430861
20	29000001	20	40000001	5309.911798
20	30000001	20	40000001	5752.452289
20	31000001	20	40000001	5062.286021
20	32000001	20	40000001	3140.071388
20	33000001	20	40000001	2721.798790
20	34000001	20	40000001	3080.755157
20	35000001	20	40000001	3781.178600
20	36000001	20	40000001	7227.316201
20	37000001	20	40000001	18467.533847
20	38000001	20	40000001	29206.046071
20	39000001	20	40000001	73444.544994
20	40000001	20	40000001	302784.564644
20	1	20	41000001	2498.816715
20	1000001	20	41000001	2173.597320
20	2000001	20	41000001	2234.476010
20	3000001	20	41000001	1584.044232
20	4000001	20	41000001	2831.641607
20	5000001	20	41000001	1864.680190
20	6000001	20	41000001	3015.545578
20	7000001	20	41000001	2898.053292
20	8000001	20	41000001	2709.787356
20	9000001	20	41000001	3091.389303
20	10000001	20	41000001	2159.474058
20	11000001	20	41000001	2268.158597
20	12000001	20	41000001	3615.818849
20	13000001	20	41000001	2760.040892
20	14000001	20	41000001	2398.681315
20	15000001	20	41000001	2258.398571
20	16000001	20	41000001	3402.231897
20	17000001	20	41000001	3667.062999
20	18000001	20	41000001	2953.487936
20	19000001	20	41000001	4275.899064
20	20000001	20	41000001	3676.025801
20	21000001	20	41000001	4807.165299
20	22000001	20	41000001	5891.499185
20	23000001	20	41000001	5589.266461
20	24000001	20	41000001	6437.022751
20	25000001	20	41000001	3479.751388
20	26000001	20	41000001	2990.718547
20	29000001	20	41000001	7770.301921
20	30000001	20	41000001	3818.870817
20	31000001	20	41000001	4250.651830
20	32000001	20	41000001	2143.324856
20	33000001	20	41000001	1877.765219
20	34000001	20	41000001	2396.342653
20	35000001	20	41000001	2389.074147
20	36000001	20	41000001	5441.275813
20	37000001	20	41000001	13680.919030
20	38000001	20	41000001	25612.639744
20	39000001	20	41000001	27104.335187
20	40000001	20	41000001	108272.060885
20	41000001	20	41000001	324598.544386
20	1	20	42000001	3113.316736
20	1000001	20	42000001	3001.369563
20	2000001	20	42000001	3016.697006
20	3000001	20	42000001	3273.745520
20	4000001	20	42000001	2842.944618
20	5000001	20	42000001	2844.076136
20	6000001	20	42000001	1624.478066
20	7000001	20	42000001	1245.583288
20	8000001	20	42000001	1592.902247
20	9000001	20	42000001	1361.139425
20	10000001	20	42000001	1707.088638
20	11000001	20	42000001	1417.353572
20	12000001	20	42000001	879.196859
20	13000001	20	42000001	2015.930408
20	14000001	20	42000001	1605.187908
20	15000001	20	42000001	1627.481387
20	16000001	20	42000001	1846.050415
20	17000001	20	42000001	2707.217155
20	18000001	20	42000001	3204.917551
20	19000001	20	42000001	2695.820083
20	20000001	20	42000001	3147.006570
20	21000001	20	42000001	2566.284445
20	22000001	20	42000001	2049.002265
20	23000001	20	42000001	3211.836818
20	24000001	20	42000001	2916.177993
20	25000001	20	42000001	3520.403001
20	26000001	20	42000001	777.330712
20	29000001	20	42000001	2289.672502
20	30000001	20	42000001	6845.324812
20	31000001	20	42000001	5719.713179
20	32000001	20	42000001	4588.334717
20	33000001	20	42000001	3831.973169
20	34000001	20	42000001	4311.441609
20	35000001	20	42000001	5370.848677
20	36000001	20	42000001	8094.213780
20	37000001	20	42000001	12981.966496
20	38000001	20	42000001	9790.269668
20	39000001	20	42000001	16354.860409
20	40000001	20	42000001	29263.970496
20	41000001	20	42000001	43225.407444
20	42000001	20	42000001	396186.998027
20	1	20	43000001	3599.208530
20	1000001	20	43000001	3624.898640
20	2000001	20	43000001	3869.715814
20	3000001	20	43000001	3736.452773
20	4000001	20	43000001	2934.992192
20	5000001	20	43000001	2755.701707
20	6000001	20	43000001	1302.331383
20	7000001	20	43000001	1035.536056
20	8000001	20	43000001	1227.282901
20	9000001	20	43000001	1137.863348
20	10000001	20	43000001	1350.218645
20	11000001	20	43000001	980.779462
20	12000001	20	43000001	762.767103
20	13000001	20	43000001	1517.863833
20	14000001	20	43000001	1167.032571
20	15000001	20	43000001	1318.196546
20	16000001	20	43000001	1364.705014
20	17000001	20	43000001	2133.988165
20	18000001	20	43000001	2685.156141
20	19000001	20	43000001	2309.666313
20	20000001	20	43000001	2496.284541
20	21000001	20	43000001	2019.230599
20	22000001	20	43000001	1518.341437
20	23000001	20	43000001	2557.821389
20	24000001	20	43000001	2255.879459
20	25000001	20	43000001	2425.205118
20	26000001	20	43000001	638.229460
20	29000001	20	43000001	1617.012280
20	30000001	20	43000001	6268.245550
20	31000001	20	43000001	6551.429787
20	32000001	20	43000001	5465.665795
20	33000001	20	43000001	4791.317347
20	34000001	20	43000001	5556.744305
20	35000001	20	43000001	6655.002944
20	36000001	20	43000001	8498.684892
20	37000001	20	43000001	10404.023419
20	38000001	20	43000001	6886.255160
20	39000001	20	43000001	10578.513759
20	40000001	20	43000001	12945.384266
20	41000001	20	43000001	14994.870511
20	42000001	20	43000001	73035.738760
20	43000001	20	43000001	371409.146277
20	1	20	44000001	3912.893889
20	1000001	20	44000001	3591.226417
20	2000001	20	44000001	3989.182636
20	3000001	20	44000001	3557.280005
20	4000001	20	44000001	2798.245953
20	5000001	20	44000001	2198.265334
20	6000001	20	44000001	1103.684440
20	7000001	20	44000001	876.014329
20	8000001	20	44000001	1007.308508
20	9000001	20	44000001	956.286746
20	10000001	20	44000001	1049.991634
20	11000001	20	44000001	821.085108
20	12000001	20	44000001	684.664523
20	13000001	20	44000001	1214.340566
20	14000001	20	44000001	1000.790662
20	15000001	20	44000001	1039.122009
20	16000001	20	44000001	1171.848154
20	17000001	20	44000001	1864.484359
20	18000001	20	44000001	2188.113433
20	19000001	20	44000001	1999.165512
20	20000001	20	44000001	2065.369370
20	21000001	20	44000001	1637.281332
20	22000001	20	44000001	1458.105593
20	23000001	20	44000001	2152.808824
20	24000001	20	44000001	1972.944675
20	25000001	20	44000001	2123.547787
20	26000001	20	44000001	551.626429
20	29000001	20	44000001	1692.440559
20	30000001	20	44000001	4840.026574
20	31000001	20	44000001	5928.704835
20	32000001	20	44000001	4884.607316
20	33000001	20	44000001	4520.190078
20	34000001	20	44000001	5160.587969
20	35000001	20	44000001	5687.637321
20	36000001	20	44000001	6904.104552
20	37000001	20	44000001	7603.189674
20	38000001	20	44000001	5797.395307
20	39000001	20	44000001	7310.320478
20	40000001	20	44000001	8447.505154
20	41000001	20	44000001	10049.625304
20	42000001	20	44000001	18331.190024
20	43000001	20	44000001	81230.439826
20	44000001	20	44000001	371838.287090
20	1	20	45000001	3662.543101
20	1000001	20	45000001	3359.347692
20	2000001	20	45000001	3639.266677
20	3000001	20	45000001	2907.149920
20	4000001	20	45000001	2806.717369
20	5000001	20	45000001	1876.344492
20	6000001	20	45000001	1145.585785
20	7000001	20	45000001	955.897515
20	8000001	20	45000001	1020.066025
20	9000001	20	45000001	981.919544
20	10000001	20	45000001	1018.803306
20	11000001	20	45000001	887.339763
20	12000001	20	45000001	903.858606
20	13000001	20	45000001	1198.690694
20	14000001	20	45000001	982.527847
20	15000001	20	45000001	1043.340330
20	16000001	20	45000001	1229.110659
20	17000001	20	45000001	1670.910179
20	18000001	20	45000001	1997.798894
20	19000001	20	45000001	2127.989948
20	20000001	20	45000001	1989.406212
20	21000001	20	45000001	1817.846333
20	22000001	20	45000001	1632.561232
20	23000001	20	45000001	2073.878842
20	24000001	20	45000001	2129.029911
20	25000001	20	45000001	1890.354685
20	26000001	20	45000001	679.283605
20	29000001	20	45000001	1888.210499
20	30000001	20	45000001	3839.064105
20	31000001	20	45000001	5708.350474
20	32000001	20	45000001	3979.583644
20	33000001	20	45000001	3609.267983
20	34000001	20	45000001	4299.898445
20	35000001	20	45000001	4403.596603
20	36000001	20	45000001	6015.848457
20	37000001	20	45000001	6309.685967
20	38000001	20	45000001	5979.287722
20	39000001	20	45000001	6006.988447
20	40000001	20	45000001	7672.941279
20	41000001	20	45000001	9441.891031
20	42000001	20	45000001	11440.057716
20	43000001	20	45000001	22836.996150
20	44000001	20	45000001	87197.016592
20	45000001	20	45000001	344644.992928
20	1	20	46000001	2864.244630
20	1000001	20	46000001	2792.060786
20	2000001	20	46000001	2923.621762
20	3000001	20	46000001	2563.295147
20	4000001	20	46000001	2121.519961
20	5000001	20	46000001	1642.805482
20	6000001	20	46000001	798.576978
20	7000001	20	46000001	684.797482
20	8000001	20	46000001	745.101078
20	9000001	20	46000001	716.386406
20	10000001	20	46000001	788.500705
20	11000001	20	46000001	698.318759
20	12000001	20	46000001	516.798909
20	13000001	20	46000001	878.204221
20	14000001	20	46000001	830.880378
20	15000001	20	46000001	808.632781
20	16000001	20	46000001	889.008806
20	17000001	20	46000001	1422.496019
20	18000001	20	46000001	1680.300892
20	19000001	20	46000001	1683.929927
20	20000001	20	46000001	1480.986438
20	21000001	20	46000001	1262.063976
20	22000001	20	46000001	1090.375353
20	23000001	20	46000001	1479.234091
20	24000001	20	46000001	1578.156211
20	25000001	20	46000001	1350.478357
20	26000001	20	46000001	446.365243
20	29000001	20	46000001	1205.086139
20	30000001	20	46000001	3376.268961
20	31000001	20	46000001	4863.852092
20	32000001	20	46000001	3730.134757
20	33000001	20	46000001	3215.396517
20	34000001	20	46000001	3862.115295
20	35000001	20	46000001	4212.539203
20	36000001	20	46000001	5077.038845
20	37000001	20	46000001	4667.719663
20	38000001	20	46000001	3954.602464
20	39000001	20	46000001	4397.084547
20	40000001	20	46000001	4802.556335
20	41000001	20	46000001	5514.374814
20	42000001	20	46000001	7611.345910
20	43000001	20	46000001	12755.855132
20	44000001	20	46000001	23220.302979
20	45000001	20	46000001	105328.956767
20	46000001	20	46000001	373891.034030
20	1	20	47000001	2720.510096
20	1000001	20	47000001	2807.449047
20	2000001	20	47000001	2986.344716
20	3000001	20	47000001	3033.296088
20	4000001	20	47000001	2063.070776
20	5000001	20	47000001	1883.814247
20	6000001	20	47000001	737.632834
20	7000001	20	47000001	479.312737
20	8000001	20	47000001	672.718830
20	9000001	20	47000001	626.592211
20	10000001	20	47000001	776.603716
20	11000001	20	47000001	633.429865
20	12000001	20	47000001	373.725135
20	13000001	20	47000001	904.835110
20	14000001	20	47000001	793.034980
20	15000001	20	47000001	816.047980
20	16000001	20	47000001	804.008080
20	17000001	20	47000001	1426.650762
20	18000001	20	47000001	1813.609682
20	19000001	20	47000001	1424.024223
20	20000001	20	47000001	1606.998478
20	21000001	20	47000001	1135.406708
20	22000001	20	47000001	802.033091
20	23000001	20	47000001	1330.717002
20	24000001	20	47000001	1200.535487
20	25000001	20	47000001	1479.439380
20	26000001	20	47000001	297.524930
20	29000001	20	47000001	696.214740
20	30000001	20	47000001	4916.536800
20	31000001	20	47000001	4851.685765
20	32000001	20	47000001	4958.646827
20	33000001	20	47000001	4576.518644
20	34000001	20	47000001	4950.354621
20	35000001	20	47000001	5755.000627
20	36000001	20	47000001	5265.084536
20	37000001	20	47000001	4572.203653
20	38000001	20	47000001	2724.714476
20	39000001	20	47000001	3718.003583
20	40000001	20	47000001	3547.094400
20	41000001	20	47000001	3098.779439
20	42000001	20	47000001	6934.432746
20	43000001	20	47000001	11654.574234
20	44000001	20	47000001	17083.749172
20	45000001	20	47000001	33385.959991
20	46000001	20	47000001	113392.977447
20	47000001	20	47000001	400897.904107
20	1	20	48000001	3044.642495
20	1000001	20	48000001	3137.030591
20	2000001	20	48000001	3482.205131
20	3000001	20	48000001	3681.979947
20	4000001	20	48000001	2659.223014
20	5000001	20	48000001	2541.712427
20	6000001	20	48000001	953.755548
20	7000001	20	48000001	629.593114
20	8000001	20	48000001	870.756320
20	9000001	20	48000001	821.898243
20	10000001	20	48000001	1057.341786
20	11000001	20	48000001	785.663722
20	12000001	20	48000001	446.650929
20	13000001	20	48000001	1127.391941
20	14000001	20	48000001	1032.637814
20	15000001	20	48000001	1034.099647
20	16000001	20	48000001	1053.968445
20	17000001	20	48000001	1863.914547
20	18000001	20	48000001	2135.952372
20	19000001	20	48000001	1920.642325
20	20000001	20	48000001	2161.669979
20	21000001	20	48000001	1367.750944
20	22000001	20	48000001	983.654728
20	23000001	20	48000001	1723.506440
20	24000001	20	48000001	1555.742574
20	25000001	20	48000001	1948.630883
20	26000001	20	48000001	313.922896
20	29000001	20	48000001	862.494430
20	30000001	20	48000001	6090.495027
20	31000001	20	48000001	6550.909418
20	32000001	20	48000001	5618.939498
20	33000001	20	48000001	4871.175367
20	34000001	20	48000001	5133.633806
20	35000001	20	48000001	5858.442914
20	36000001	20	48000001	6264.022463
20	37000001	20	48000001	5430.276286
20	38000001	20	48000001	2850.254355
20	39000001	20	48000001	4137.346404
20	40000001	20	48000001	3923.189205
20	41000001	20	48000001	3323.479276
20	42000001	20	48000001	7703.383211
20	43000001	20	48000001	10799.806204
20	44000001	20	48000001	12139.647472
20	45000001	20	48000001	14334.218673
20	46000001	20	48000001	20059.190468
20	47000001	20	48000001	71328.520911
20	48000001	20	48000001	402281.550785
20	1	20	49000001	2983.226793
20	1000001	20	49000001	3055.797615
20	2000001	20	49000001	2959.203331
20	3000001	20	49000001	3193.368999
20	4000001	20	49000001	3161.833113
20	5000001	20	49000001	2994.490860
20	6000001	20	49000001	1781.437757
20	7000001	20	49000001	1294.204620
20	8000001	20	49000001	1550.040955
20	9000001	20	49000001	1625.123857
20	10000001	20	49000001	1801.414539
20	11000001	20	49000001	1359.593661
20	12000001	20	49000001	985.275045
20	13000001	20	49000001	2048.983644
20	14000001	20	49000001	1554.858991
20	15000001	20	49000001	1668.166781
20	16000001	20	49000001	1879.002502
20	17000001	20	49000001	2952.482534
20	18000001	20	49000001	3155.659252
20	19000001	20	49000001	3045.942739
20	20000001	20	49000001	3394.019238
20	21000001	20	49000001	2704.877264
20	22000001	20	49000001	2441.523248
20	23000001	20	49000001	3811.694827
20	24000001	20	49000001	3687.464200
20	25000001	20	49000001	3277.816638
20	26000001	20	49000001	819.187738
20	29000001	20	49000001	2195.602272
20	30000001	20	49000001	6542.880365
20	31000001	20	49000001	5853.394349
20	32000001	20	49000001	3925.308745
20	33000001	20	49000001	3096.777965
20	34000001	20	49000001	3210.571416
20	35000001	20	49000001	3899.558318
20	36000001	20	49000001	5116.625975
20	37000001	20	49000001	6750.920015
20	38000001	20	49000001	5122.548089
20	39000001	20	49000001	6141.124195
20	40000001	20	49000001	6554.848392
20	41000001	20	49000001	6680.729000
20	42000001	20	49000001	8682.638738
20	43000001	20	49000001	9337.783235
20	44000001	20	49000001	9070.943000
20	45000001	20	49000001	10122.088450
20	46000001	20	49000001	10406.493838
20	47000001	20	49000001	14762.200577
20	48000001	20	49000001	92991.502513
20	49000001	20	49000001	331736.530964
20	1	20	50000001	2279.503882
20	1000001	20	50000001	2063.123766
20	2000001	20	50000001	1971.685871
20	3000001	20	50000001	1988.799594
20	4000001	20	50000001	2771.322764
20	5000001	20	50000001	2749.416239
20	6000001	20	50000001	2815.757960
20	7000001	20	50000001	2299.324707
20	8000001	20	50000001	2729.981802
20	9000001	20	50000001	2555.384274
20	10000001	20	50000001	2504.012252
20	11000001	20	50000001	2162.180539
20	12000001	20	50000001	2229.299567
20	13000001	20	50000001	2907.629749
20	14000001	20	50000001	2338.298494
20	15000001	20	50000001	2352.619988
20	16000001	20	50000001	2912.593696
20	17000001	20	50000001	3247.748419
20	18000001	20	50000001	3079.871020
20	19000001	20	50000001	3605.820008
20	20000001	20	50000001	3784.590025
20	21000001	20	50000001	3991.440437
20	22000001	20	50000001	4079.960298
20	23000001	20	50000001	4730.208323
20	24000001	20	50000001	5006.480927
20	25000001	20	50000001	4175.407151
20	26000001	20	50000001	1819.763218
20	29000001	20	50000001	4824.511296
20	30000001	20	50000001	5142.800678
20	31000001	20	50000001	3806.717298
20	32000001	20	50000001	2192.118386
20	33000001	20	50000001	1739.288290
20	34000001	20	50000001	1742.095261
20	35000001	20	50000001	2051.683887
20	36000001	20	50000001	3213.029886
20	37000001	20	50000001	5982.765808
20	38000001	20	50000001	7061.653826
20	39000001	20	50000001	6579.564227
20	40000001	20	50000001	8205.063464
20	41000001	20	50000001	9587.842925
20	42000001	20	50000001	6725.609444
20	43000001	20	50000001	6110.946556
20	44000001	20	50000001	5993.766368
20	45000001	20	50000001	7464.230222
20	46000001	20	50000001	6306.898940
20	47000001	20	50000001	6121.476076
20	48000001	20	50000001	12605.999832
20	49000001	20	50000001	82098.353571
20	50000001	20	50000001	306781.887413
20	1	20	51000001	1468.013822
20	1000001	20	51000001	1346.590834
20	2000001	20	51000001	1236.298735
20	3000001	20	51000001	1159.017367
20	4000001	20	51000001	1945.869098
20	5000001	20	51000001	1837.181375
20	6000001	20	51000001	2906.123082
20	7000001	20	51000001	2803.187726
20	8000001	20	51000001	2885.598142
20	9000001	20	51000001	2816.146982
20	10000001	20	51000001	2241.752125
20	11000001	20	51000001	2238.918179
20	12000001	20	51000001	3012.813750
20	13000001	20	51000001	2832.706133
20	14000001	20	51000001	2322.583305
20	15000001	20	51000001	2160.094477
20	16000001	20	51000001	2857.450478
20	17000001	20	51000001	2686.635928
20	18000001	20	51000001	2267.839982
20	19000001	20	51000001	2941.036997
20	20000001	20	51000001	2836.006669
20	21000001	20	51000001	3631.262179
20	22000001	20	51000001	4160.109504
20	23000001	20	51000001	3836.830038
20	24000001	20	51000001	4335.668895
20	25000001	20	51000001	3368.661800
20	26000001	20	51000001	2319.749423
20	29000001	20	51000001	6250.825221
20	30000001	20	51000001	3383.635661
20	31000001	20	51000001	2467.455300
20	32000001	20	51000001	1254.814886
20	33000001	20	51000001	991.073024
20	34000001	20	51000001	1175.213495
20	35000001	20	51000001	1188.710163
20	36000001	20	51000001	2021.352067
20	37000001	20	51000001	3956.688223
20	38000001	20	51000001	6347.099742
20	39000001	20	51000001	5112.394282
20	40000001	20	51000001	6596.459546
20	41000001	20	51000001	8717.830389
20	42000001	20	51000001	4014.672918
20	43000001	20	51000001	3672.145276
20	44000001	20	51000001	3695.237582
20	45000001	20	51000001	4657.944837
20	46000001	20	51000001	3820.227425
20	47000001	20	51000001	3073.415952
20	48000001	20	51000001	4936.691132
20	49000001	20	51000001	16706.366963
20	50000001	20	51000001	76522.372238
20	51000001	20	51000001	337644.588358
20	1	20	52000001	1630.999722
20	1000001	20	52000001	1488.231957
20	2000001	20	52000001	1265.034851
20	3000001	20	52000001	1672.033393
20	4000001	20	52000001	1825.481513
20	5000001	20	52000001	2799.048755
20	6000001	20	52000001	2299.531162
20	7000001	20	52000001	1796.153320
20	8000001	20	52000001	2350.985283
20	9000001	20	52000001	2041.522884
20	10000001	20	52000001	2489.674435
20	11000001	20	52000001	2116.174667
20	12000001	20	52000001	1466.374053
20	13000001	20	52000001	2830.192252
20	14000001	20	52000001	1999.772174
20	15000001	20	52000001	2076.501626
20	16000001	20	52000001	2022.245992
20	17000001	20	52000001	2449.612075
20	18000001	20	52000001	2302.921279
20	19000001	20	52000001	2202.397455
20	20000001	20	52000001	2805.846832
20	21000001	20	52000001	2625.682524
20	22000001	20	52000001	2234.573967
20	23000001	20	52000001	3148.086951
20	24000001	20	52000001	2774.937459
20	25000001	20	52000001	4062.068205
20	26000001	20	52000001	1178.175541
20	29000001	20	52000001	2765.574897
20	30000001	20	52000001	5610.168635
20	31000001	20	52000001	2464.965133
20	32000001	20	52000001	2071.666722
20	33000001	20	52000001	1568.493036
20	34000001	20	52000001	1436.632648
20	35000001	20	52000001	1983.493146
20	36000001	20	52000001	2211.677656
20	37000001	20	52000001	4183.635788
20	38000001	20	52000001	3563.599426
20	39000001	20	52000001	4391.859739
20	40000001	20	52000001	4243.110876
20	41000001	20	52000001	3892.622851
20	42000001	20	52000001	4571.572403
20	43000001	20	52000001	4036.107008
20	44000001	20	52000001	3573.446123
20	45000001	20	52000001	3631.217820
20	46000001	20	52000001	3449.222058
20	47000001	20	52000001	3992.679832
20	48000001	20	52000001	6283.604370
20	49000001	20	52000001	13925.007411
20	50000001	20	52000001	38250.455230
20	51000001	20	52000001	92107.267231
20	52000001	20	52000001	381891.288097
20	1	20	53000001	1167.821241
20	1000001	20	53000001	983.132990
20	2000001	20	53000001	913.800925
20	3000001	20	53000001	826.312449
20	4000001	20	53000001	1354.355313
20	5000001	20	53000001	1408.177397
20	6000001	20	53000001	3478.438956
20	7000001	20	53000001	3800.557742
20	8000001	20	53000001	3030.975007
20	9000001	20	53000001	2925.910519
20	10000001	20	53000001	2448.315911
20	11000001	20	53000001	3116.527083
20	12000001	20	53000001	4857.939867
20	13000001	20	53000001	3006.925275
20	14000001	20	53000001	2597.155581
20	15000001	20	53000001	2291.052918
20	16000001	20	53000001	2874.406231
20	17000001	20	53000001	2355.746641
20	18000001	20	53000001	1922.138467
20	19000001	20	53000001	2405.748088
20	20000001	20	53000001	2352.865566
20	21000001	20	53000001	3906.705652
20	22000001	20	53000001	4447.635022
20	23000001	20	53000001	3460.950576
20	24000001	20	53000001	3757.169700
20	25000001	20	53000001	3391.653544
20	26000001	20	53000001	4352.708107
20	29000001	20	53000001	8890.506533
20	30000001	20	53000001	2958.439166
20	31000001	20	53000001	1613.189258
20	32000001	20	53000001	948.526347
20	33000001	20	53000001	760.199933
20	34000001	20	53000001	800.979133
20	35000001	20	53000001	869.111379
20	36000001	20	53000001	1349.515317
20	37000001	20	53000001	3006.242270
20	38000001	20	53000001	5910.266563
20	39000001	20	53000001	3926.549354
20	40000001	20	53000001	5452.292503
20	41000001	20	53000001	7302.219139
20	42000001	20	53000001	2879.784482
20	43000001	20	53000001	2573.868466
20	44000001	20	53000001	2514.581947
20	45000001	20	53000001	3100.938327
20	46000001	20	53000001	2302.535943
20	47000001	20	53000001	1866.071172
20	48000001	20	53000001	2666.714807
20	49000001	20	53000001	7198.749767
20	50000001	20	53000001	21447.211769
20	51000001	20	53000001	42336.625389
20	52000001	20	53000001	64745.531597
20	53000001	20	53000001	333212.739625
20	1	20	54000001	1257.840732
20	1000001	20	54000001	933.683353
20	2000001	20	54000001	917.875196
20	3000001	20	54000001	831.982027
20	4000001	20	54000001	1365.685573
20	5000001	20	54000001	1476.881236
20	6000001	20	54000001	3151.574988
20	7000001	20	54000001	3675.683612
20	8000001	20	54000001	2649.147510
20	9000001	20	54000001	2893.545749
20	10000001	20	54000001	2299.999061
20	11000001	20	54000001	3076.123255
20	12000001	20	54000001	5358.660541
20	13000001	20	54000001	2789.776026
20	14000001	20	54000001	2323.745971
20	15000001	20	54000001	2056.780371
20	16000001	20	54000001	2749.943698
20	17000001	20	54000001	2524.061806
20	18000001	20	54000001	2039.839157
20	19000001	20	54000001	2351.258451
20	20000001	20	54000001	2342.602824
20	21000001	20	54000001	4275.760049
20	22000001	20	54000001	5220.042731
20	23000001	20	54000001	4077.082550
20	24000001	20	54000001	4164.943785
20	25000001	20	54000001	4280.516012
20	26000001	20	54000001	5143.479012
20	29000001	20	54000001	11634.017491
20	30000001	20	54000001	3553.307465
20	31000001	20	54000001	1681.065678
20	32000001	20	54000001	891.293342
20	33000001	20	54000001	746.850437
20	34000001	20	54000001	837.969370
20	35000001	20	54000001	922.780161
20	36000001	20	54000001	1357.441460
20	37000001	20	54000001	3080.367773
20	38000001	20	54000001	5495.500100
20	39000001	20	54000001	3965.201622
20	40000001	20	54000001	5807.106361
20	41000001	20	54000001	7877.321149
20	42000001	20	54000001	2782.019392
20	43000001	20	54000001	2332.978788
20	44000001	20	54000001	2416.956516
20	45000001	20	54000001	2841.038810
20	46000001	20	54000001	2059.729188
20	47000001	20	54000001	1677.316647
20	48000001	20	54000001	2165.676829
20	49000001	20	54000001	6362.131018
20	50000001	20	54000001	15216.792883
20	51000001	20	54000001	24658.849293
20	52000001	20	54000001	22961.809343
20	53000001	20	54000001	116725.105178
20	54000001	20	54000001	336303.676904
20	1	20	55000001	2243.616711
20	1000001	20	55000001	1851.552689
20	2000001	20	55000001	1796.484547
20	3000001	20	55000001	1639.675354
20	4000001	20	55000001	2565.094832
20	5000001	20	55000001	2508.344970
20	6000001	20	55000001	2440.822912
20	7000001	20	55000001	1951.791217
20	8000001	20	55000001	2122.187309
20	9000001	20	55000001	2269.424448
20	10000001	20	55000001	2089.166188
20	11000001	20	55000001	1752.314679
20	12000001	20	55000001	2013.735351
20	13000001	20	55000001	2617.379430
20	14000001	20	55000001	1838.599254
20	15000001	20	55000001	1840.089641
20	16000001	20	55000001	2493.199011
20	17000001	20	55000001	3052.632732
20	18000001	20	55000001	2980.025272
20	19000001	20	55000001	3392.926318
20	20000001	20	55000001	3620.734672
20	21000001	20	55000001	4117.361626
20	22000001	20	55000001	4508.639441
20	23000001	20	55000001	5760.093441
20	24000001	20	55000001	6368.977796
20	25000001	20	55000001	5174.330206
20	26000001	20	55000001	2061.961109
20	29000001	20	55000001	6013.950160
20	30000001	20	55000001	5996.838886
20	31000001	20	55000001	3661.886709
20	32000001	20	55000001	1809.300615
20	33000001	20	55000001	1389.588413
20	34000001	20	55000001	1467.533793
20	35000001	20	55000001	1658.587933
20	36000001	20	55000001	2646.330618
20	37000001	20	55000001	5548.943715
20	38000001	20	55000001	5947.919088
20	39000001	20	55000001	6162.929708
20	40000001	20	55000001	7429.643801
20	41000001	20	55000001	8648.329740
20	42000001	20	55000001	4948.784531
20	43000001	20	55000001	4249.648162
20	44000001	20	55000001	3965.913733
20	45000001	20	55000001	4538.116397
20	46000001	20	55000001	3442.174830
20	47000001	20	55000001	2968.854699
20	48000001	20	55000001	4634.217222
20	49000001	20	55000001	11676.037465
20	50000001	20	55000001	17083.401908
20	51000001	20	55000001	17425.849498
20	52000001	20	55000001	17266.331356
20	53000001	20	55000001	25571.245848
20	54000001	20	55000001	59554.451257
20	55000001	20	55000001	294433.473891
20	1	20	56000001	2513.463726
20	1000001	20	56000001	2354.089587
20	2000001	20	56000001	2153.725594
20	3000001	20	56000001	2297.279053
20	4000001	20	56000001	2650.958981
20	5000001	20	56000001	2598.395129
20	6000001	20	56000001	1731.175583
20	7000001	20	56000001	1201.759676
20	8000001	20	56000001	1502.900538
20	9000001	20	56000001	1493.888668
20	10000001	20	56000001	1649.828307
20	11000001	20	56000001	1238.565486
20	12000001	20	56000001	1058.078402
20	13000001	20	56000001	1819.063229
20	14000001	20	56000001	1334.284800
20	15000001	20	56000001	1495.526084
20	16000001	20	56000001	1749.474001
20	17000001	20	56000001	2455.162900
20	18000001	20	56000001	2719.459351
20	19000001	20	56000001	2860.992298
20	20000001	20	56000001	3006.902439
20	21000001	20	56000001	2679.523133
20	22000001	20	56000001	2751.619942
20	23000001	20	56000001	4292.963276
20	24000001	20	56000001	4649.271031
20	25000001	20	56000001	4063.893730
20	26000001	20	56000001	1047.407064
20	29000001	20	56000001	3174.290202
20	30000001	20	56000001	6411.597012
20	31000001	20	56000001	4599.997161
20	32000001	20	56000001	2665.349714
20	33000001	20	56000001	1919.294827
20	34000001	20	56000001	2076.822405
20	35000001	20	56000001	2345.275202
20	36000001	20	56000001	3483.782630
20	37000001	20	56000001	5542.850059
20	38000001	20	56000001	4532.187211
20	39000001	20	56000001	5293.746957
20	40000001	20	56000001	5655.572046
20	41000001	20	56000001	5826.454647
20	42000001	20	56000001	5411.372830
20	43000001	20	56000001	4974.386467
20	44000001	20	56000001	4586.939108
20	45000001	20	56000001	4574.781758
20	46000001	20	56000001	3868.025721
20	47000001	20	56000001	3880.848343
20	48000001	20	56000001	6000.549983
20	49000001	20	56000001	10508.458547
20	50000001	20	56000001	10940.418558
20	51000001	20	56000001	8492.221762
20	52000001	20	56000001	9834.624715
20	53000001	20	56000001	8736.270328
20	54000001	20	56000001	12786.504548
20	55000001	20	56000001	94877.277833
20	56000001	20	56000001	330898.598166
20	1	20	57000001	2913.378846
20	1000001	20	57000001	2527.295497
20	2000001	20	57000001	2355.202933
20	3000001	20	57000001	2519.351094
20	4000001	20	57000001	2832.474493
20	5000001	20	57000001	2689.129950
20	6000001	20	57000001	1721.806751
20	7000001	20	57000001	1249.797300
20	8000001	20	57000001	1663.456508
20	9000001	20	57000001	1608.374215
20	10000001	20	57000001	1721.857959
20	11000001	20	57000001	1309.470304
20	12000001	20	57000001	1158.449672
20	13000001	20	57000001	1936.663621
20	14000001	20	57000001	1368.708991
20	15000001	20	57000001	1478.019032
20	16000001	20	57000001	1764.946200
20	17000001	20	57000001	2800.694635
20	18000001	20	57000001	2903.557746
20	19000001	20	57000001	2995.429980
20	20000001	20	57000001	3234.828415
20	21000001	20	57000001	2993.702815
20	22000001	20	57000001	3047.946181
20	23000001	20	57000001	4753.528408
20	24000001	20	57000001	5124.354876
20	25000001	20	57000001	4385.163749
20	26000001	20	57000001	1021.552310
20	29000001	20	57000001	3572.798900
20	30000001	20	57000001	6447.807749
20	31000001	20	57000001	4516.206742
20	32000001	20	57000001	2651.083030
20	33000001	20	57000001	2025.679735
20	34000001	20	57000001	2205.764405
20	35000001	20	57000001	2377.477557
20	36000001	20	57000001	3519.077366
20	37000001	20	57000001	5720.259818
20	38000001	20	57000001	4608.973849
20	39000001	20	57000001	5383.652674
20	40000001	20	57000001	5969.591801
20	41000001	20	57000001	6400.414969
20	42000001	20	57000001	5607.718976
20	43000001	20	57000001	5104.125661
20	44000001	20	57000001	4806.401354
20	45000001	20	57000001	4731.743740
20	46000001	20	57000001	3641.897626
20	47000001	20	57000001	3639.676856
20	48000001	20	57000001	5349.302187
20	49000001	20	57000001	9158.590929
20	50000001	20	57000001	9724.029791
20	51000001	20	57000001	7786.636734
20	52000001	20	57000001	7954.279526
20	53000001	20	57000001	7630.745472
20	54000001	20	57000001	10348.971527
20	55000001	20	57000001	35831.838714
20	56000001	20	57000001	102441.467822
20	57000001	20	57000001	346134.598232
20	1	20	58000001	2403.818777
20	1000001	20	58000001	1913.323092
20	2000001	20	58000001	1734.761897
20	3000001	20	58000001	1504.950313
20	4000001	20	58000001	2360.814051
20	5000001	20	58000001	1956.278087
20	6000001	20	58000001	2549.585544
20	7000001	20	58000001	2419.409522
20	8000001	20	58000001	2378.571346
20	9000001	20	58000001	2439.130003
20	10000001	20	58000001	2128.623274
20	11000001	20	58000001	2146.945655
20	12000001	20	58000001	3110.356562
20	13000001	20	58000001	2611.301589
20	14000001	20	58000001	1944.830007
20	15000001	20	58000001	1985.428717
20	16000001	20	58000001	2775.087919
20	17000001	20	58000001	3075.378798
20	18000001	20	58000001	2794.912514
20	19000001	20	58000001	3611.929085
20	20000001	20	58000001	3558.239989
20	21000001	20	58000001	4785.702487
20	22000001	20	58000001	5891.986196
20	23000001	20	58000001	6149.072157
20	24000001	20	58000001	7328.310816
20	25000001	20	58000001	5333.165186
20	26000001	20	58000001	4018.334178
20	29000001	20	58000001	9849.659787
20	30000001	20	58000001	5064.549682
20	31000001	20	58000001	3122.850742
20	32000001	20	58000001	1493.045725
20	33000001	20	58000001	1152.625051
20	34000001	20	58000001	1247.030847
20	35000001	20	58000001	1226.534512
20	36000001	20	58000001	2220.693388
20	37000001	20	58000001	4657.947418
20	38000001	20	58000001	6421.613630
20	39000001	20	58000001	5552.158058
20	40000001	20	58000001	7481.829679
20	41000001	20	58000001	9767.164724
20	42000001	20	58000001	4306.781726
20	43000001	20	58000001	3426.346981
20	44000001	20	58000001	3449.050541
20	45000001	20	58000001	3946.156023
20	46000001	20	58000001	2938.211421
20	47000001	20	58000001	2049.733535
20	48000001	20	58000001	2809.676102
20	49000001	20	58000001	6672.712349
20	50000001	20	58000001	10454.291631
20	51000001	20	58000001	10275.047306
20	52000001	20	58000001	6847.974903
20	53000001	20	58000001	12430.439909
20	54000001	20	58000001	17303.313711
20	55000001	20	58000001	26704.527684
20	56000001	20	58000001	26876.006699
20	57000001	20	58000001	61709.731357
20	58000001	20	58000001	298310.443027
20	1	20	59000001	1556.829420
20	1000001	20	59000001	1033.324796
20	2000001	20	59000001	989.265561
20	3000001	20	59000001	712.039599
20	4000001	20	59000001	1400.280478
20	5000001	20	59000001	993.367564
20	6000001	20	59000001	2424.160177
20	7000001	20	59000001	2751.978193
20	8000001	20	59000001	1788.662134
20	9000001	20	59000001	2053.410170
20	10000001	20	59000001	1505.035954
20	11000001	20	59000001	2551.348075
20	12000001	20	59000001	5069.286573
20	13000001	20	59000001	1756.593147
20	14000001	20	59000001	1511.530845
20	15000001	20	59000001	1532.527883
20	16000001	20	59000001	2177.047668
20	17000001	20	59000001	2082.969123
20	18000001	20	59000001	1609.008385
20	19000001	20	59000001	2420.100535
20	20000001	20	59000001	1910.767192
20	21000001	20	59000001	4303.827977
20	22000001	20	59000001	5639.127768
20	23000001	20	59000001	4164.587414
20	24000001	20	59000001	5450.136866
20	25000001	20	59000001	3920.261726
20	26000001	20	59000001	7044.212894
20	29000001	20	59000001	15756.391707
20	30000001	20	59000001	2457.231003
20	31000001	20	59000001	1605.524245
20	32000001	20	59000001	695.022464
20	33000001	20	59000001	614.344461
20	34000001	20	59000001	690.167296
20	35000001	20	59000001	636.362579
20	36000001	20	59000001	1158.059777
20	37000001	20	59000001	2425.131505
20	38000001	20	59000001	5272.447522
20	39000001	20	59000001	3366.644648
20	40000001	20	59000001	5571.043434
20	41000001	20	59000001	9009.047405
20	42000001	20	59000001	2144.723998
20	43000001	20	59000001	1818.149797
20	44000001	20	59000001	2008.912363
20	45000001	20	59000001	2596.022526
20	46000001	20	59000001	1970.126738
20	47000001	20	59000001	1170.937301
20	48000001	20	59000001	1370.808848
20	49000001	20	59000001	3204.281762
20	50000001	20	59000001	6640.716753
20	51000001	20	59000001	8596.627683
20	52000001	20	59000001	3858.328270
20	53000001	20	59000001	14503.821892
20	54000001	20	59000001	22210.074781
20	55000001	20	59000001	12725.691280
20	56000001	20	59000001	8656.485404
20	57000001	20	59000001	12253.110333
20	58000001	20	59000001	87720.133362
20	59000001	20	59000001	384469.367512
20	1	20	60000001	3677.327887
20	1000001	20	60000001	2599.507622
20	2000001	20	60000001	2528.810877
20	3000001	20	60000001	2476.369982
20	4000001	20	60000001	2321.210630
20	5000001	20	60000001	2287.437958
20	6000001	20	60000001	1866.130070
20	7000001	20	60000001	1628.028340
20	8000001	20	60000001	1545.617301
20	9000001	20	60000001	1610.118060
20	10000001	20	60000001	1715.528899
20	11000001	20	60000001	1787.448406
20	12000001	20	60000001	2312.206402
20	13000001	20	60000001	2029.307825
20	14000001	20	60000001	1422.395680
20	15000001	20	60000001	1527.408666
20	16000001	20	60000001	2059.245206
20	17000001	20	60000001	2815.586410
20	18000001	20	60000001	2875.038349
20	19000001	20	60000001	2931.768194
20	20000001	20	60000001	3148.591776
20	21000001	20	60000001	3720.762721
20	22000001	20	60000001	3981.685170
20	23000001	20	60000001	5124.370551
20	24000001	20	60000001	5852.525388
20	25000001	20	60000001	6283.054689
20	26000001	20	60000001	3582.227532
20	29000001	20	60000001	9125.036774
20	30000001	20	60000001	7110.100073
20	31000001	20	60000001	4023.274332
20	32000001	20	60000001	2444.170000
20	33000001	20	60000001	1960.313411
20	34000001	20	60000001	2046.337845
20	35000001	20	60000001	2311.274793
20	36000001	20	60000001	2923.857186
20	37000001	20	60000001	4643.752573
20	38000001	20	60000001	4616.608992
20	39000001	20	60000001	4843.447796
20	40000001	20	60000001	5851.013660
20	41000001	20	60000001	6749.775815
20	42000001	20	60000001	5073.950002
20	43000001	20	60000001	4101.081359
20	44000001	20	60000001	4411.954876
20	45000001	20	60000001	3940.862750
20	46000001	20	60000001	2934.787567
20	47000001	20	60000001	2799.373758
20	48000001	20	60000001	3806.259171
20	49000001	20	60000001	6258.419501
20	50000001	20	60000001	7183.912800
20	51000001	20	60000001	6501.133763
20	52000001	20	60000001	5517.401396
20	53000001	20	60000001	7861.421860
20	54000001	20	60000001	11864.065854
20	55000001	20	60000001	14070.187455
20	56000001	20	60000001	13500.561462
20	57000001	20	60000001	18394.999249
20	58000001	20	60000001	53039.287199
20	59000001	20	60000001	92129.783410
20	60000001	20	60000001	324751.601636
20	1	20	61000001	6918.741479
20	1000001	20	61000001	4790.296006
20	2000001	20	61000001	4695.943396
20	3000001	20	61000001	4233.653123
20	4000001	20	61000001	2740.111789
20	5000001	20	61000001	2312.660202
20	6000001	20	61000001	871.245114
20	7000001	20	61000001	580.058562
20	8000001	20	61000001	778.168345
20	9000001	20	61000001	783.998679
20	10000001	20	61000001	983.286580
20	11000001	20	61000001	726.303037
20	12000001	20	61000001	487.137884
20	13000001	20	61000001	1115.507767
20	14000001	20	61000001	732.493719
20	15000001	20	61000001	814.159907
20	16000001	20	61000001	929.792791
20	17000001	20	61000001	1930.296159
20	18000001	20	61000001	2204.420024
20	19000001	20	61000001	1871.902555
20	20000001	20	61000001	2143.882309
20	21000001	20	61000001	1656.004521
20	22000001	20	61000001	1321.119956
20	23000001	20	61000001	2402.067268
20	24000001	20	61000001	2305.414475
20	25000001	20	61000001	2882.258498
20	26000001	20	61000001	504.554200
20	29000001	20	61000001	1269.976456
20	30000001	20	61000001	6330.103056
20	31000001	20	61000001	6483.116572
20	32000001	20	61000001	4739.674877
20	33000001	20	61000001	4025.855122
20	34000001	20	61000001	4622.424263
20	35000001	20	61000001	4703.459486
20	36000001	20	61000001	5042.258943
20	37000001	20	61000001	4532.577404
20	38000001	20	61000001	2430.685155
20	39000001	20	61000001	3470.245870
20	40000001	20	61000001	3324.207262
20	41000001	20	61000001	2896.353414
20	42000001	20	61000001	5220.514782
20	43000001	20	61000001	5849.848069
20	44000001	20	61000001	6735.320676
20	45000001	20	61000001	5312.596271
20	46000001	20	61000001	4660.422250
20	47000001	20	61000001	5173.142250
20	48000001	20	61000001	6796.298847
20	49000001	20	61000001	6365.242971
20	50000001	20	61000001	4130.561731
20	51000001	20	61000001	2879.585886
20	52000001	20	61000001	3746.022192
20	53000001	20	61000001	2304.872350
20	54000001	20	61000001	2852.486804
20	55000001	20	61000001	6606.823873
20	56000001	20	61000001	9562.646103
20	57000001	20	61000001	11791.593921
20	58000001	20	61000001	11305.861462
20	59000001	20	61000001	7862.458670
20	60000001	20	61000001	64850.818215
20	61000001	20	61000001	426519.443200
20	1	20	62000001	10207.455618
20	1000001	20	62000001	4892.754083
20	2000001	20	62000001	4541.187705
20	3000001	20	62000001	3712.948259
20	4000001	20	62000001	1906.818874
20	5000001	20	62000001	1722.583336
20	6000001	20	62000001	566.421496
20	7000001	20	62000001	467.435116
20	8000001	20	62000001	492.580433
20	9000001	20	62000001	486.043614
20	10000001	20	62000001	677.273458
20	11000001	20	62000001	505.730074
20	12000001	20	62000001	323.852599
20	13000001	20	62000001	660.257291
20	14000001	20	62000001	551.513764
20	15000001	20	62000001	616.483534
20	16000001	20	62000001	629.520982
20	17000001	20	62000001	1206.203637
20	18000001	20	62000001	1406.954002
20	19000001	20	62000001	1037.102567
20	20000001	20	62000001	1279.168663
20	21000001	20	62000001	952.773143
20	22000001	20	62000001	731.232632
20	23000001	20	62000001	1299.156428
20	24000001	20	62000001	1174.156353
20	25000001	20	62000001	1601.818211
20	26000001	20	62000001	415.828454
20	29000001	20	62000001	718.198035
20	30000001	20	62000001	3864.905188
20	31000001	20	62000001	4153.849496
20	32000001	20	62000001	4068.894220
20	33000001	20	62000001	3871.597336
20	34000001	20	62000001	4325.421907
20	35000001	20	62000001	4371.115132
20	36000001	20	62000001	3683.945434
20	37000001	20	62000001	2943.534123
20	38000001	20	62000001	1456.875306
20	39000001	20	62000001	2299.158267
20	40000001	20	62000001	1895.838070
20	41000001	20	62000001	1658.872556
20	42000001	20	62000001	3460.401689
20	43000001	20	62000001	4303.745698
20	44000001	20	62000001	5470.163787
20	45000001	20	62000001	4144.095238
20	46000001	20	62000001	3875.869592
20	47000001	20	62000001	4438.191589
20	48000001	20	62000001	5238.021387
20	49000001	20	62000001	4030.129245
20	50000001	20	62000001	2467.524638
20	51000001	20	62000001	1831.013577
20	52000001	20	62000001	2766.271252
20	53000001	20	62000001	1719.803466
20	54000001	20	62000001	2049.516446
20	55000001	20	62000001	3524.453846
20	56000001	20	62000001	5246.945156
20	57000001	20	62000001	6032.844531
20	58000001	20	62000001	4808.559514
20	59000001	20	62000001	4032.539872
20	60000001	20	62000001	14201.701967
20	61000001	20	62000001	93439.237977
20	62000001	20	62000001	541093.734684
