476719.193602	9718.469882	16855.914797	2345.855372	544.877706	560.029382	760.574256	1340.120882	822.136434	1274.924965	1324.875907	1319.474007	1091.463709	715.606494	601.309065	517.649551	684.967262	1258.657904	1100.047799	347.683347	956.181413	741.143609	369.482349	267.685217	162.847682	236.234104	182.789035	195.537692	528.118193	654.651633	1576.201069	924.017235	116.504275	128.688607	138.637158	216.706989	243.585792	187.470632	
9718.469882	382591.339998	63709.182667	11077.877696	2673.090824	1855.468753	3060.743120	4293.770717	2677.485195	4745.712378	4351.846936	3782.063814	3899.402181	2480.566322	1607.273482	626.742759	1270.860473	3309.323371	3169.873985	704.673812	2066.656944	1595.221005	891.258309	294.089956	410.928938	487.477203	333.669372	414.944153	1057.498403	751.557771	4297.274289	1874.711991	269.636317	194.254646	221.438894	373.107983	398.332162	192.496117	
16855.914797	63709.182667	384432.570379	9004.223472	1983.412461	1457.467512	2676.903198	3607.286996	2245.213606	4167.064127	4221.770783	3435.682385	3290.755263	2352.270878	1290.256843	650.902888	1037.785686	3169.886503	2789.153783	822.838608	2106.679820	1413.982388	679.556117	341.895612	427.244061	481.711007	309.646531	373.121453	797.870786	841.889226	3480.009767	1658.512040	218.102338	236.685543	203.189602	330.631888	392.005026	237.048699	
2345.855372	11077.877696	9004.223472	333804.322727	30943.092407	10904.786728	15373.516183	14105.735806	7550.542237	8373.496251	7767.912828	6620.561335	6753.882947	5135.162035	3763.087174	1799.215689	3290.267201	6521.442952	6396.051605	1974.727674	5556.510536	3767.914410	1918.247735	598.291572	809.306367	1005.489099	754.730938	1048.890671	2420.971112	1989.014876	7534.750737	3881.638390	608.205125	378.339213	354.404519	482.150753	864.279442	251.404467	
544.877706	2673.090824	1983.412461	30943.092407	231381.203727	106921.332274	32931.306808	13205.326032	10397.837990	4657.060501	3849.074850	3549.272534	3143.283796	3563.252720	3934.640225	6307.015588	5452.462589	3267.606954	3350.954880	6371.635585	4376.541205	4707.601668	4110.251459	2546.135555	2514.434602	2197.283587	2279.233542	3057.579531	3471.447813	4599.445909	3412.525237	3605.669073	2185.174424	1129.777858	1096.679357	1286.909054	1653.188146	1072.590584	
560.029382	1855.468753	1457.467512	10904.786728	106921.332274	233578.405146	54071.320102	15487.334999	10340.824139	4491.419113	3814.879118	3505.325085	3244.595639	3775.945008	4454.021781	5876.163949	5179.274050	3167.962484	3426.329193	5648.086005	4387.741495	4379.704044	3894.399852	2397.402398	2431.370297	2305.190836	2307.941424	2808.365321	3390.341575	3945.988751	2763.468162	3262.587846	2043.557334	1145.117617	938.532897	1177.188254	1475.995295	914.526486	
760.574256	3060.743120	2676.903198	15373.516183	32931.306808	54071.320102	222974.292672	55759.443108	17464.491453	10238.687203	8214.101282	7278.131170	6761.529154	6709.107041	6497.380836	5282.235221	6215.860221	6374.023028	6267.530222	5413.361740	6579.904481	4964.848243	3714.085546	1809.837651	1853.188388	1928.191220	1757.080917	2218.504713	3501.909212	3859.167817	5007.865531	3904.626420	1362.519808	845.940637	748.339304	1051.316838	1395.107866	903.284167	
1340.120882	4293.770717	3607.286996	14105.735806	13205.326032	15487.334999	55759.443108	210078.043862	51505.315187	19405.435522	14610.137534	11532.165770	10319.913899	8977.566756	7859.663725	5591.119937	7405.191407	8627.754193	8405.085884	5111.771641	7572.133295	5738.728075	3638.817972	1541.285619	1597.337487	1866.332614	1607.739127	1794.483958	3785.320064	3732.379139	7142.754669	4720.120118	1154.714749	677.711214	640.919968	998.899076	1371.995077	920.441349	
822.136434	2677.485195	2245.213606	7550.542237	10397.837990	10340.824139	17464.491453	51505.315187	204568.824253	44124.283921	25584.740441	19205.524504	14285.650842	13732.759078	11670.310488	11402.274318	8826.779648	7571.164751	7177.124412	6524.308541	6649.202338	5579.227656	3966.298305	1994.000672	2047.431976	2042.206975	1917.579715	2379.499442	3570.178154	4215.931305	5118.559710	3952.095174	1528.549168	852.803162	778.399603	1123.667106	1461.984821	875.073257	
1274.924965	4745.712378	4167.064127	8373.496251	4657.060501	4491.419113	10238.687203	19405.435522	44124.283921	210316.757819	71349.604038	31858.501444	19513.294409	15258.296796	10075.388762	5804.454011	6080.085364	9096.421563	8112.360636	3230.089864	6034.804452	4177.746218	2230.130202	960.112489	1149.190398	1234.254183	1019.095573	1106.748619	2391.156454	2176.394926	6167.742190	3270.307482	687.400774	477.823530	425.244614	602.789598	949.061999	496.941696	
1324.875907	4351.846936	4221.770783	7767.912828	3849.074850	3814.879118	8214.101282	14610.137534	25584.740441	71349.604038	207618.835006	54333.104045	25318.569127	17660.735304	10963.287524	5761.539907	6122.913673	9485.206964	8325.519492	2936.102020	6083.415698	3923.347826	2174.651685	916.736467	1066.211736	1178.576492	1021.106234	1107.019823	2280.271683	2118.540153	5830.760433	3052.132199	603.448141	424.082373	391.388111	610.540904	825.409306	507.890552	
1319.474007	3782.063814	3435.682385	6620.561335	3549.272534	3505.325085	7278.131170	11532.165770	19205.524504	31858.501444	54333.104045	186595.852539	63330.543181	35481.598593	19627.557604	9631.286764	8320.935530	10979.382864	9222.089456	3377.720650	6364.366721	4055.958879	2289.300767	971.122179	1097.961645	1248.327102	1086.743778	1190.173055	2329.934850	2112.556950	5509.271132	2952.417073	636.693872	489.161079	423.101512	634.598270	844.784172	507.041395	
1091.463709	3899.402181	3290.755263	6753.882947	3143.283796	3244.595639	6761.529154	10319.913899	14285.650842	19513.294409	25318.569127	63330.543181	206889.020720	55074.564840	23824.380495	10755.338576	9401.633626	11982.685158	9877.869334	3517.827500	6366.823126	4046.893052	2325.464325	1062.000030	1177.333382	1326.578391	1113.366362	1135.476140	2450.440743	2134.792507	5698.108602	2984.154380	625.266865	547.946456	412.121488	646.216177	882.234784	518.853345	
715.606494	2480.566322	2352.270878	5135.162035	3563.252720	3775.945008	6709.107041	8977.566756	13732.759078	15258.296796	17660.735304	35481.598593	55074.564840	197615.951253	60673.888127	20807.093393	13099.810920	11951.440269	10002.650882	4726.848373	7082.470703	4353.653326	2615.252491	1241.454204	1397.986425	1557.543417	1267.258458	1441.504509	2642.023057	2373.321005	4730.379412	2937.380144	852.122885	610.365855	491.762597	775.957150	917.363022	647.388689	
601.309065	1607.273482	1290.256843	3763.087174	3934.640225	4454.021781	6497.380836	7859.663725	11670.310488	10075.388762	10963.287524	19627.557604	23824.380495	60673.888127	213765.573257	52854.873660	21629.005129	12294.852073	9920.341844	6517.885658	8030.928287	5057.895946	3261.980415	1577.934773	1772.560181	2070.708854	1763.885162	1822.929106	3411.510646	3025.934185	3795.791423	2996.765963	1091.062822	795.681818	613.284968	933.607911	1132.948619	749.906275	
517.649551	626.742759	650.902888	1799.215689	6307.015588	5876.163949	5282.235221	5591.119937	11402.274318	5804.454011	5761.539907	9631.286764	10755.338576	20807.093393	52854.873660	254315.014183	48365.296221	8864.632024	6684.912470	12610.323418	5613.269123	5572.899767	4572.017391	3650.702669	3346.391599	2647.169980	2794.862970	3376.041093	3410.318019	3915.755858	2225.223024	2963.581767	2592.103801	1425.875530	1326.317105	1341.540990	1546.512552	901.631624	
684.967262	1270.860473	1037.785686	3290.267201	5452.462589	5179.274050	6215.860221	7405.191407	8826.779648	6080.085364	6122.913673	8320.935530	9401.633626	13099.810920	21629.005129	48365.296221	223545.876680	40623.748781	20728.400649	21194.931103	10957.447182	7684.925694	6446.329662	3451.522865	2972.841138	3054.081027	2971.423470	3446.998868	4461.895428	5334.052752	4707.393646	4524.957665	2279.717926	1326.324255	1129.605239	1527.751166	1866.340034	1110.592197	
1258.657904	3309.323371	3169.886503	6521.442952	3267.606954	3167.962484	6374.023028	8627.754193	7571.164751	9096.421563	9485.206964	10979.382864	11982.685158	11951.440269	12294.852073	8864.632024	40623.748781	208975.569304	74884.920535	21385.562251	16594.397616	8722.556934	4463.853457	1593.177178	1573.573218	1862.015013	1507.068270	1523.296298	3686.881108	3457.725925	8863.121700	4873.896927	978.104436	760.466688	617.575786	960.484550	1216.780622	683.071773	
1100.047799	3169.873985	2789.153783	6396.051605	3350.954880	3426.329193	6267.530222	8405.085884	7177.124412	8112.360636	8325.519492	9222.089456	9877.869334	10002.650882	9920.341844	6684.912470	20728.400649	74884.920535	220045.070107	35360.918046	21330.658868	9895.669352	5094.310240	1790.407644	1868.463083	2108.446070	1669.766301	1811.050869	4067.565842	3661.705324	8801.790762	5015.773733	980.095845	744.522794	690.182453	983.053683	1315.934603	653.667497	
347.683347	704.673812	822.838608	1974.727674	6371.635585	5648.086005	5413.361740	5111.771641	6524.308541	3230.089864	2936.102020	3377.720650	3517.827500	4726.848373	6517.885658	12610.323418	21194.931103	21385.562251	35360.918046	240389.010659	46168.829200	18474.510151	13013.534387	7711.436927	5265.199979	4128.427288	4688.952934	5679.443994	5275.545914	7395.058968	3642.010484	4932.812619	3615.114916	1949.870174	1825.576280	1913.768525	2459.729258	1424.141078	
956.181413	2066.656944	2106.679820	5556.510536	4376.541205	4387.741495	6579.904481	7572.133295	6649.202338	6034.804452	6083.415698	6364.366721	6366.823126	7082.470703	8030.928287	5613.269123	10957.447182	16594.397616	21330.658868	46168.829200	221389.985752	56108.082561	15348.371017	4011.075244	3552.722807	4143.762758	3371.460399	3153.127520	6818.322414	5825.347206	8975.613038	6046.531725	1678.301416	1203.904451	918.380189	1490.366072	1915.757592	900.202236	
741.143609	1595.221005	1413.982388	3767.914410	4707.601668	4379.704044	4964.848243	5738.728075	5579.227656	4177.746218	3923.347826	4055.958879	4046.893052	4353.653326	5057.895946	5572.899767	7684.925694	8722.556934	9895.669352	18474.510151	56108.082561	244615.304756	48536.076986	9058.420384	6159.523135	5427.925008	4875.632053	5020.310975	7358.991600	7359.057738	7271.706657	6205.518261	2734.160293	1618.292326	1291.116831	1769.339244	2266.649905	1199.719821	
369.482349	891.258309	679.556117	1918.247735	4110.251459	3894.399852	3714.085546	3638.817972	3966.298305	2230.130202	2174.651685	2289.300767	2325.464325	2615.252491	3261.980415	4572.017391	6446.329662	4463.853457	5094.310240	13013.534387	15348.371017	48536.076986	250442.480363	47195.011519	15144.271481	10275.939500	9734.554241	9259.759053	9522.688379	10366.553012	5192.205125	7245.597645	4418.695084	2975.410821	2107.103013	3024.317355	3609.911759	1662.096202	
267.685217	294.089956	341.895612	598.291572	2546.135555	2397.402398	1809.837651	1541.285619	1994.000672	960.112489	916.736467	971.122179	1062.000030	1241.454204	1577.934773	3650.702669	3451.522865	1593.177178	1790.407644	7711.436927	4011.075244	9058.420384	47195.011519	310694.671071	43191.435796	13123.034716	12911.956306	10916.418642	5879.028901	6480.276331	1987.345885	4094.576676	5799.222272	4222.182660	3628.522124	3109.293258	3207.671410	1502.918162	
162.847682	410.928938	427.244061	809.306367	2514.434602	2431.370297	1853.188388	1597.337487	2047.431976	1149.190398	1066.211736	1097.961645	1177.333382	1397.986425	1772.560181	3346.391599	2972.841138	1573.573218	1868.463083	5265.199979	3552.722807	6159.523135	15144.271481	43191.435796	285220.056863	56133.670063	28791.233020	13978.248367	7568.640537	6532.509945	2426.771411	4183.377268	4912.559122	3961.074165	3080.297235	3171.101168	3098.648660	1682.352980	
236.234104	487.477203	481.711007	1005.489099	2197.283587	2305.190836	1928.191220	1866.332614	2042.206975	1234.254183	1178.576492	1248.327102	1326.578391	1557.543417	2070.708854	2647.169980	3054.081027	1862.015013	2108.446070	4128.427288	4143.762758	5427.925008	10275.939500	13123.034716	56133.670063	266562.797539	78259.555733	16098.750570	10899.610834	7324.046860	3381.894636	4695.962268	4210.373969	3196.372854	2225.621389	2822.112892	2710.430725	1272.185431	
182.789035	333.669372	309.646531	754.730938	2279.233542	2307.941424	1757.080917	1607.739127	1917.579715	1019.095573	1021.106234	1086.743778	1113.366362	1267.258458	1763.885162	2794.862970	2971.423470	1507.068270	1669.766301	4688.952934	3371.460399	4875.632053	9734.554241	12911.956306	28791.233020	78259.555733	239608.896714	64177.782937	14649.559521	9442.071286	3153.074514	5289.909741	5510.004068	4073.274714	3072.720901	3303.731608	3416.882704	1734.051578	
195.537692	414.944153	373.121453	1048.890671	3057.579531	2808.365321	2218.504713	1794.483958	2379.499442	1106.748619	1107.019823	1190.173055	1135.476140	1441.504509	1822.929106	3376.041093	3446.998868	1523.296298	1811.050869	5679.443994	3153.127520	5020.310975	9259.759053	10916.418642	13978.248367	16098.750570	64177.782937	265211.898285	47666.925164	17840.743748	3899.527028	6975.162708	7603.754451	4960.907457	3559.862913	3622.721378	3771.208315	2081.556203	
528.118193	1057.498403	797.870786	2420.971112	3471.447813	3390.341575	3501.909212	3785.320064	3570.178154	2391.156454	2280.271683	2329.934850	2450.440743	2642.023057	3411.510646	3410.318019	4461.895428	3686.881108	4067.565842	5275.545914	6818.322414	7358.991600	9522.688379	5879.028901	7568.640537	10899.610834	14649.559521	47666.925164	249576.934675	56539.499889	15970.520046	14204.922357	6554.412453	3493.692625	2441.668265	3725.634185	4131.446626	1796.560800	
654.651633	751.557771	841.889226	1989.014876	4599.445909	3945.988751	3859.167817	3732.379139	4215.931305	2176.394926	2118.540153	2112.556950	2134.792507	2373.321005	3025.934185	3915.755858	5334.052752	3457.725925	3661.705324	7395.058968	5825.347206	7359.057738	10366.553012	6480.276331	6532.509945	7324.046860	9442.071286	17840.743748	56539.499889	240631.637563	38449.055429	26580.193144	10311.814643	4766.911162	3517.025620	4879.199638	5641.605935	2946.805679	
1576.201069	4297.274289	3480.009767	7534.750737	3412.525237	2763.468162	5007.865531	7142.754669	5118.559710	6167.742190	5830.760433	5509.271132	5698.108602	4730.379412	3795.791423	2225.223024	4707.393646	8863.121700	8801.790762	3642.010484	8975.613038	7271.706657	5192.205125	1987.345885	2426.771411	3381.894636	3153.074514	3899.527028	15970.520046	38449.055429	253162.640701	64991.639184	5387.930605	2775.735290	1988.445773	3087.618174	3732.600934	1590.914465	
924.017235	1874.711991	1658.512040	3881.638390	3605.669073	3262.587846	3904.626420	4720.120118	3952.095174	3270.307482	3052.132199	2952.417073	2984.154380	2937.380144	2996.765963	2963.581767	4524.957665	4873.896927	5015.773733	4932.812619	6046.531725	6205.518261	7245.597645	4094.576676	4183.377268	4695.962268	5289.909741	6975.162708	14204.922357	26580.193144	64991.639184	227673.950679	49162.426795	9691.562685	5361.812344	7038.366222	6834.615305	3166.017316	
116.504275	269.636317	218.102338	608.205125	2185.174424	2043.557334	1362.519808	1154.714749	1528.549168	687.400774	603.448141	636.693872	625.266865	852.122885	1091.062822	2592.103801	2279.717926	978.104436	980.095845	3615.114916	1678.301416	2734.160293	4418.695084	5799.222272	4912.559122	4210.373969	5510.004068	7603.754451	6554.412453	10311.814643	5387.930605	49162.426795	300857.144111	57976.210840	16670.367206	9578.776214	6810.732937	3125.554939	
128.688607	194.254646	236.685543	378.339213	1129.777858	1145.117617	845.940637	677.711214	852.803162	477.823530	424.082373	489.161079	547.946456	610.365855	795.681818	1425.875530	1326.324255	760.466688	744.522794	1949.870174	1203.904451	1618.292326	2975.410821	4222.182660	3961.074165	3196.372854	4073.274714	4960.907457	3493.692625	4766.911162	2775.735290	9691.562685	57976.210840	309668.941069	68481.928629	16471.454929	9247.681607	3803.407052	
138.637158	221.438894	203.189602	354.404519	1096.679357	938.532897	748.339304	640.919968	778.399603	425.244614	391.388111	423.101512	412.121488	491.762597	613.284968	1326.317105	1129.605239	617.575786	690.182453	1825.576280	918.380189	1291.116831	2107.103013	3628.522124	3080.297235	2225.621389	3072.720901	3559.862913	2441.668265	3517.025620	1988.445773	5361.812344	16670.367206	68481.928629	299654.089261	69438.765674	19946.000452	6879.924760	
216.706989	373.107983	330.631888	482.150753	1286.909054	1177.188254	1051.316838	998.899076	1123.667106	602.789598	610.540904	634.598270	646.216177	775.957150	933.607911	1341.540990	1527.751166	960.484550	983.053683	1913.768525	1490.366072	1769.339244	3024.317355	3109.293258	3171.101168	2822.112892	3303.731608	3622.721378	3725.634185	4879.199638	3087.618174	7038.366222	9578.776214	16471.454929	69438.765674	285076.724790	75812.555488	12337.307600	
243.585792	398.332162	392.005026	864.279442	1653.188146	1475.995295	1395.107866	1371.995077	1461.984821	949.061999	825.409306	844.784172	882.234784	917.363022	1132.948619	1546.512552	1866.340034	1216.780622	1315.934603	2459.729258	1915.757592	2266.649905	3609.911759	3207.671410	3098.648660	2710.430725	3416.882704	3771.208315	4131.446626	5641.605935	3732.600934	6834.615305	6810.732937	9247.681607	19946.000452	75812.555488	254894.501464	93467.731215	
187.470632	192.496117	237.048699	251.404467	1072.590584	914.526486	903.284167	920.441349	875.073257	496.941696	507.890552	507.041395	518.853345	647.388689	749.906275	901.631624	1110.592197	683.071773	653.667497	1424.141078	900.202236	1199.719821	1662.096202	1502.918162	1682.352980	1272.185431	1734.051578	2081.556203	1796.560800	2946.805679	1590.914465	3166.017316	3125.554939	3803.407052	6879.924760	12337.307600	93467.731215	372825.366239	
