16000000	16000000	709165.276449
16000000	17000000	42145.174944
17000000	17000000	495309.981457
16000000	18000000	5162.058735
17000000	18000000	101480.208226
18000000	18000000	477928.659459
16000000	19000000	2824.351441
17000000	19000000	12992.527300
18000000	19000000	52104.720531
19000000	19000000	431699.072415
16000000	20000000	1355.586716
17000000	20000000	6343.878116
18000000	20000000	14514.050703
19000000	20000000	98914.754512
20000000	20000000	421309.936623
16000000	21000000	952.786434
17000000	21000000	5069.581823
18000000	21000000	9393.342279
19000000	21000000	27959.419615
20000000	21000000	107915.050474
21000000	21000000	447072.010111
16000000	22000000	898.461555
17000000	22000000	4043.160389
18000000	22000000	7051.839424
19000000	22000000	13737.594995
20000000	22000000	21894.541289
21000000	22000000	66265.325897
22000000	22000000	461920.702660
16000000	23000000	1076.409447
17000000	23000000	3912.095923
18000000	23000000	6455.025135
19000000	23000000	12297.823163
20000000	23000000	14629.415955
21000000	23000000	22201.808922
22000000	23000000	109351.221057
23000000	23000000	445231.799913
16000000	24000000	763.567846
17000000	24000000	5006.722532
18000000	24000000	8652.038691
19000000	24000000	14478.984764
20000000	24000000	15951.458363
21000000	24000000	19604.097415
22000000	24000000	29020.406761
23000000	24000000	82415.087292
24000000	24000000	457500.666962
16000000	25000000	2393.789611
17000000	25000000	8447.243338
18000000	25000000	9329.687487
19000000	25000000	13038.552974
20000000	25000000	8544.620459
21000000	25000000	9279.479122
22000000	25000000	9435.820873
23000000	25000000	17517.337778
24000000	25000000	43864.423116
25000000	25000000	382332.413262
16000000	26000000	2261.229715
17000000	26000000	8527.920447
18000000	26000000	8827.839181
19000000	26000000	9342.529779
20000000	26000000	6337.871288
21000000	26000000	6342.389951
22000000	26000000	6292.830310
23000000	26000000	9250.393904
24000000	26000000	15844.170479
25000000	26000000	128399.606959
26000000	26000000	356001.647521
16000000	27000000	4905.203188
17000000	27000000	9365.474739
18000000	27000000	6651.533521
19000000	27000000	6914.133423
20000000	27000000	4070.021047
21000000	27000000	3825.221441
22000000	27000000	3655.202049
23000000	27000000	5560.366813
24000000	27000000	7541.178886
25000000	27000000	30622.384387
26000000	27000000	90164.841248
27000000	27000000	373465.645630
16000000	28000000	3220.909975
17000000	28000000	8754.680212
18000000	28000000	6489.400114
19000000	28000000	6910.564678
20000000	28000000	3741.336151
21000000	28000000	3833.457375
22000000	28000000	3487.276704
23000000	28000000	5183.693784
24000000	28000000	6748.759047
25000000	28000000	23700.458346
26000000	28000000	37398.181672
27000000	28000000	123577.804162
28000000	28000000	369557.686386
16000000	29000000	1011.401797
17000000	29000000	5973.447009
18000000	29000000	7810.606643
19000000	29000000	7883.570210
20000000	29000000	6539.054879
21000000	29000000	6417.197257
22000000	29000000	6330.663090
23000000	29000000	6421.393639
24000000	29000000	11362.989125
25000000	29000000	14360.792004
26000000	29000000	19446.919565
27000000	29000000	21969.315627
28000000	29000000	80093.990212
29000000	29000000	407303.878749
16000000	30000000	622.583663
17000000	30000000	3780.220034
18000000	30000000	5738.784049
19000000	30000000	8134.602875
20000000	30000000	7428.923424
21000000	30000000	7172.124489
22000000	30000000	6588.368706
23000000	30000000	6794.438005
24000000	30000000	10040.858812
25000000	30000000	9409.096089
26000000	30000000	9593.759450
27000000	30000000	8215.567256
28000000	30000000	13862.768828
29000000	30000000	79659.886121
30000000	30000000	435740.855796
16000000	31000000	807.785990
17000000	31000000	4216.065746
18000000	31000000	6188.416463
19000000	31000000	7918.305352
20000000	31000000	7063.999923
21000000	31000000	6952.695696
22000000	31000000	6014.793561
23000000	31000000	5927.019973
24000000	31000000	9072.417315
25000000	31000000	8258.232430
26000000	31000000	8416.220916
27000000	31000000	7006.209251
28000000	31000000	9965.107199
29000000	31000000	25856.073944
30000000	31000000	91608.516614
31000000	31000000	414052.532138
16000000	32000000	842.775415
17000000	32000000	7070.357249
18000000	32000000	7390.640801
19000000	32000000	7720.350388
20000000	32000000	5030.565194
21000000	32000000	4764.840223
22000000	32000000	3853.722123
23000000	32000000	4471.327016
24000000	32000000	6738.020726
25000000	32000000	10181.214158
26000000	32000000	10703.594097
27000000	32000000	11133.480008
28000000	32000000	14737.495596
29000000	32000000	17595.488569
30000000	32000000	20115.956310
31000000	32000000	84867.617334
32000000	32000000	395558.091453
16000000	33000000	2666.896432
17000000	33000000	8623.511454
18000000	33000000	6087.393681
19000000	33000000	4621.689455
20000000	33000000	2656.685760
21000000	33000000	2458.688305
22000000	33000000	2366.181707
23000000	33000000	3092.246050
24000000	33000000	3503.082682
25000000	33000000	8927.008160
26000000	33000000	9303.452824
27000000	33000000	12759.384552
28000000	33000000	14456.758242
29000000	33000000	9100.484091
30000000	33000000	8141.096576
31000000	33000000	12628.362532
32000000	33000000	71762.199964
33000000	33000000	362652.545338
16000000	34000000	5328.384163
17000000	34000000	7106.220594
18000000	34000000	3912.605355
19000000	34000000	3211.487262
20000000	34000000	1981.221381
21000000	34000000	1900.494841
22000000	34000000	1996.500845
23000000	34000000	2431.724946
24000000	34000000	2680.132306
25000000	34000000	6424.647497
26000000	34000000	6690.915817
27000000	34000000	11991.400630
28000000	34000000	11007.607585
29000000	34000000	5695.184437
30000000	34000000	5061.476151
31000000	34000000	7044.896753
32000000	34000000	20514.451119
33000000	34000000	126164.464718
34000000	34000000	389090.365158
16000000	35000000	2434.675929
17000000	35000000	7630.544929
18000000	35000000	6191.993485
19000000	35000000	4801.854576
20000000	35000000	3217.827622
21000000	35000000	2876.780875
22000000	35000000	2596.910015
23000000	35000000	3184.033531
24000000	35000000	4145.018225
25000000	35000000	7127.895402
26000000	35000000	7291.665695
27000000	35000000	8864.375884
28000000	35000000	9126.278193
29000000	35000000	7686.644710
30000000	35000000	6472.697481
31000000	35000000	9273.041133
32000000	35000000	19820.663558
33000000	35000000	55565.110683
34000000	35000000	107859.546946
35000000	35000000	361541.872941
16000000	36000000	731.370167
17000000	36000000	4658.451096
18000000	36000000	5765.096314
19000000	36000000	6419.140925
20000000	36000000	4964.398705
21000000	36000000	4706.621952
22000000	36000000	4288.131157
23000000	36000000	4652.306238
24000000	36000000	6155.018901
25000000	36000000	6823.694432
26000000	36000000	6192.646254
27000000	36000000	4980.000216
28000000	36000000	5996.818012
29000000	36000000	8217.367116
30000000	36000000	9214.914290
31000000	36000000	11901.844048
32000000	36000000	15701.430202
33000000	36000000	16809.902379
34000000	36000000	16753.860553
35000000	36000000	85983.757793
36000000	36000000	415429.297008
16000000	37000000	407.955977
17000000	37000000	2479.052866
18000000	37000000	3905.169165
19000000	37000000	5769.659343
20000000	37000000	5623.782691
21000000	37000000	5408.572341
22000000	37000000	4998.272716
23000000	37000000	5224.258691
24000000	37000000	6050.293386
25000000	37000000	4751.599931
26000000	37000000	4267.027638
27000000	37000000	3142.370961
28000000	37000000	3364.584008
29000000	37000000	6111.122762
30000000	37000000	8040.578477
31000000	37000000	9499.487651
32000000	37000000	8612.075551
33000000	37000000	6767.915209
34000000	37000000	6134.688367
35000000	37000000	14847.162153
36000000	37000000	71781.293137
37000000	37000000	459523.148458
16000000	38000000	292.808606
17000000	38000000	1469.650151
18000000	38000000	2488.149598
19000000	38000000	3929.177930
20000000	38000000	4816.053065
21000000	38000000	4976.338482
22000000	38000000	4823.067150
23000000	38000000	3856.180408
24000000	38000000	5033.576745
25000000	38000000	2502.292211
26000000	38000000	2309.385334
27000000	38000000	1662.565560
28000000	38000000	1828.349876
29000000	38000000	4415.016028
30000000	38000000	5869.157231
31000000	38000000	6523.846094
32000000	38000000	4542.036131
33000000	38000000	2968.577789
34000000	38000000	2821.915773
35000000	38000000	5792.742260
36000000	38000000	15416.618835
37000000	38000000	69820.703344
38000000	38000000	488093.360319
16000000	39000000	314.786451
17000000	39000000	1264.508086
18000000	39000000	2063.087894
19000000	39000000	2889.809166
20000000	39000000	3311.103219
21000000	39000000	3655.924308
22000000	39000000	3675.012206
23000000	39000000	3176.343842
24000000	39000000	3961.862739
25000000	39000000	2070.409575
26000000	39000000	1974.584979
27000000	39000000	1371.888719
28000000	39000000	1477.399374
29000000	39000000	3404.566451
30000000	39000000	4365.029107
31000000	39000000	4701.154797
32000000	39000000	3269.315113
33000000	39000000	2353.456593
34000000	39000000	2071.276572
35000000	39000000	4120.577338
36000000	39000000	8705.494017
37000000	39000000	19497.556745
38000000	39000000	84445.392047
39000000	39000000	459185.659328
16000000	40000000	179.556437
17000000	40000000	1224.064480
18000000	40000000	1926.110744
19000000	40000000	2581.915062
20000000	40000000	2861.255800
21000000	40000000	3193.165013
22000000	40000000	3655.988060
23000000	40000000	3084.493163
24000000	40000000	3473.368378
25000000	40000000	2296.072729
26000000	40000000	1942.923112
27000000	40000000	1508.268983
28000000	40000000	1615.921044
29000000	40000000	3171.721307
30000000	40000000	3859.790261
31000000	40000000	4285.414582
32000000	40000000	3234.927670
33000000	40000000	2522.157563
34000000	40000000	2223.289395
35000000	40000000	3614.871975
36000000	40000000	6507.388952
37000000	40000000	10923.526469
38000000	40000000	19054.241016
39000000	40000000	112375.868443
40000000	40000000	460228.610476
16000000	41000000	303.309905
17000000	41000000	1125.660371
18000000	41000000	1834.675344
19000000	41000000	2638.741203
20000000	41000000	3222.827542
21000000	41000000	3814.293747
22000000	41000000	3759.230191
23000000	41000000	2807.547825
24000000	41000000	3903.410048
25000000	41000000	1638.000255
26000000	41000000	1685.247777
27000000	41000000	1127.757906
28000000	41000000	1257.300557
29000000	41000000	3385.226649
30000000	41000000	4038.420044
31000000	41000000	4596.337921
32000000	41000000	3164.854496
33000000	41000000	1677.046647
34000000	41000000	1537.982001
35000000	41000000	2844.950883
36000000	41000000	5709.381471
37000000	41000000	9609.207622
38000000	41000000	18994.787439
39000000	41000000	32584.816872
40000000	41000000	108957.398684
41000000	41000000	482414.232463
16000000	42000000	338.804782
17000000	42000000	1367.216493
18000000	42000000	2364.994333
19000000	42000000	3274.614367
20000000	42000000	4071.068137
21000000	42000000	4044.865895
22000000	42000000	4305.810119
23000000	42000000	3497.440127
24000000	42000000	4619.429296
25000000	42000000	2101.920654
26000000	42000000	2006.485257
27000000	42000000	1272.145076
28000000	42000000	1360.720069
29000000	42000000	3795.295893
30000000	42000000	4601.629192
31000000	42000000	5027.118481
32000000	42000000	3252.164830
33000000	42000000	1985.661741
34000000	42000000	1774.246639
35000000	42000000	3167.480737
36000000	42000000	6393.579432
37000000	42000000	10723.852037
38000000	42000000	14432.598121
39000000	42000000	15153.104034
40000000	42000000	15974.601727
41000000	42000000	71621.272192
42000000	42000000	526057.873342
16000000	43000000	510.655701
17000000	43000000	2810.027760
18000000	43000000	4173.151796
19000000	43000000	5671.788272
20000000	43000000	4853.189183
21000000	43000000	4768.061293
22000000	43000000	4564.947145
23000000	43000000	4475.219000
24000000	43000000	5539.886728
25000000	43000000	5271.807122
26000000	43000000	4580.664245
27000000	43000000	3938.747449
28000000	43000000	4108.552639
29000000	43000000	5429.033457
30000000	43000000	5913.842087
31000000	43000000	6161.535247
32000000	43000000	6261.168120
33000000	43000000	5028.443234
34000000	43000000	3977.066927
35000000	43000000	6075.869111
36000000	43000000	9261.048604
37000000	43000000	11406.050703
38000000	43000000	9317.759910
39000000	43000000	8793.732806
40000000	43000000	9766.681840
41000000	43000000	14452.554739
42000000	43000000	62394.809511
43000000	43000000	426012.472113
16000000	44000000	930.714035
17000000	44000000	4189.282989
18000000	44000000	4555.158994
19000000	44000000	6438.968500
20000000	44000000	4219.476183
21000000	44000000	4012.530848
22000000	44000000	3308.940020
23000000	44000000	4323.678673
24000000	44000000	4278.604701
25000000	44000000	7392.331225
26000000	44000000	5892.720898
27000000	44000000	6327.361221
28000000	44000000	6329.252737
29000000	44000000	4968.195184
30000000	44000000	5094.558181
31000000	44000000	5542.141233
32000000	44000000	7497.412333
33000000	44000000	7288.026064
34000000	44000000	5903.068292
35000000	44000000	7594.132574
36000000	44000000	9145.886833
37000000	44000000	8948.680240
38000000	44000000	5295.234826
39000000	44000000	4920.275063
40000000	44000000	5646.703507
41000000	44000000	5690.579415
42000000	44000000	10824.239919
43000000	44000000	94936.094279
44000000	44000000	404374.857054
16000000	45000000	1184.212034
17000000	45000000	4711.000991
18000000	45000000	5286.337159
19000000	45000000	6685.903876
20000000	45000000	4306.439111
21000000	45000000	3946.440452
22000000	45000000	3121.543927
23000000	45000000	3966.476885
24000000	45000000	4408.009965
25000000	45000000	7446.752664
26000000	45000000	6187.083082
27000000	45000000	6189.695555
28000000	45000000	6308.961993
29000000	45000000	5176.730593
30000000	45000000	5151.824353
31000000	45000000	5653.185140
32000000	45000000	7499.609501
33000000	45000000	7365.293300
34000000	45000000	5704.532555
35000000	45000000	7483.517893
36000000	45000000	8827.536514
37000000	45000000	7858.603980
38000000	45000000	4590.892927
39000000	45000000	4300.274604
40000000	45000000	4649.828569
41000000	45000000	4414.840414
42000000	45000000	7515.753217
43000000	45000000	34786.100488
44000000	45000000	98173.873115
45000000	45000000	378975.326707
16000000	46000000	834.858589
17000000	46000000	5622.973279
18000000	46000000	6736.210052
19000000	46000000	6632.752048
20000000	46000000	4934.554090
21000000	46000000	4282.172570
22000000	46000000	3502.078327
23000000	46000000	3715.670806
24000000	46000000	5099.508145
25000000	46000000	5994.358319
26000000	46000000	5409.420135
27000000	46000000	4467.626258
28000000	46000000	4624.033640
29000000	46000000	5782.440699
30000000	46000000	5462.089158
31000000	46000000	5859.599831
32000000	46000000	7246.416303
33000000	46000000	5986.859748
34000000	46000000	4436.818416
35000000	46000000	7106.908361
36000000	46000000	8361.597175
37000000	46000000	6967.742448
38000000	46000000	4812.333621
39000000	46000000	3932.590532
40000000	46000000	3923.780652
41000000	46000000	4279.207039
42000000	46000000	6440.265542
43000000	46000000	16382.085920
44000000	46000000	24311.703343
45000000	46000000	96984.352507
46000000	46000000	403024.058622
16000000	47000000	4146.948073
17000000	47000000	9226.392703
18000000	47000000	6013.147212
19000000	47000000	4850.079632
20000000	47000000	3016.111787
21000000	47000000	2445.559135
22000000	47000000	2150.869240
23000000	47000000	2371.329315
24000000	47000000	3131.664954
25000000	47000000	5672.741727
26000000	47000000	5808.077351
27000000	47000000	7608.563909
28000000	47000000	6862.189812
29000000	47000000	4500.635547
30000000	47000000	3486.942396
31000000	47000000	4133.897716
32000000	47000000	6905.422391
33000000	47000000	8634.912716
34000000	47000000	8806.965618
35000000	47000000	8950.104376
36000000	47000000	6104.946160
37000000	47000000	3929.490975
38000000	47000000	2421.019009
39000000	47000000	2080.332392
40000000	47000000	2208.639875
41000000	47000000	2297.110471
42000000	47000000	3062.120605
43000000	47000000	7939.185060
44000000	47000000	12279.021078
45000000	47000000	21621.591817
46000000	47000000	80938.188309
47000000	47000000	347392.776492
16000000	48000000	7164.688151
17000000	48000000	7956.028930
18000000	48000000	3338.669137
19000000	48000000	2509.610288
20000000	48000000	1278.543001
21000000	48000000	1012.170390
22000000	48000000	902.967461
23000000	48000000	1215.437919
24000000	48000000	1251.691007
25000000	48000000	3965.056169
26000000	48000000	4257.143355
27000000	48000000	8432.420610
28000000	48000000	6303.189767
29000000	48000000	2629.829113
30000000	48000000	1717.123048
31000000	48000000	2201.015315
32000000	48000000	4395.131693
33000000	48000000	8045.434718
34000000	48000000	11650.192328
35000000	48000000	7981.195619
36000000	48000000	3523.703695
37000000	48000000	2144.681984
38000000	48000000	1316.274562
39000000	48000000	1196.946173
40000000	48000000	1307.205116
41000000	48000000	1207.146162
42000000	48000000	1533.055383
43000000	48000000	4578.371446
44000000	48000000	8098.889345
45000000	48000000	11853.573846
46000000	48000000	17749.915406
47000000	48000000	120162.649637
48000000	48000000	406552.292168
16000000	49000000	9118.082501
17000000	49000000	7000.173302
18000000	49000000	2927.342798
19000000	49000000	2590.874819
20000000	49000000	1318.401640
21000000	49000000	999.034374
22000000	49000000	771.404622
23000000	49000000	1218.583954
24000000	49000000	1145.467960
25000000	49000000	4194.152785
26000000	49000000	4350.476655
27000000	49000000	9591.286204
28000000	49000000	6789.827878
29000000	49000000	2316.077410
30000000	49000000	1697.965506
31000000	49000000	2101.450309
32000000	49000000	4469.336397
33000000	49000000	8038.074860
34000000	49000000	12075.133845
35000000	49000000	7567.790574
36000000	49000000	3385.840263
37000000	49000000	2031.905144
38000000	49000000	1255.205127
39000000	49000000	1086.821196
40000000	49000000	1286.122691
41000000	49000000	1110.858467
42000000	49000000	1369.405897
43000000	49000000	4321.909011
44000000	49000000	8055.070968
45000000	49000000	10516.017386
46000000	49000000	11954.760984
47000000	49000000	65175.629162
48000000	49000000	120473.061368
49000000	49000000	430078.470053
16000000	50000000	1386.389320
17000000	50000000	5762.078095
18000000	50000000	5905.327308
19000000	50000000	5436.203427
20000000	50000000	4220.619785
21000000	50000000	3693.636301
22000000	50000000	2928.200310
23000000	50000000	2684.901073
24000000	50000000	4217.333037
25000000	50000000	3816.051526
26000000	50000000	4101.870887
27000000	50000000	3823.295010
28000000	50000000	3655.777873
29000000	50000000	5097.671238
30000000	50000000	4189.613946
31000000	50000000	5190.261434
32000000	50000000	5717.558629
33000000	50000000	4493.560104
34000000	50000000	3832.391375
35000000	50000000	6020.101471
36000000	50000000	6466.420732
37000000	50000000	5291.610152
38000000	50000000	4304.788136
39000000	50000000	3471.272907
40000000	50000000	2584.156658
41000000	50000000	3510.450457
42000000	50000000	4770.203340
43000000	50000000	6811.662963
44000000	50000000	7854.382105
45000000	50000000	10534.685660
46000000	50000000	17591.823531
47000000	50000000	25567.043764
48000000	50000000	23691.669257
49000000	50000000	57620.143052
50000000	50000000	393235.990260
16000000	51000000	975.635471
17000000	51000000	2994.501148
18000000	51000000	3016.615164
19000000	51000000	3833.955064
20000000	51000000	3201.462631
21000000	51000000	2443.897816
22000000	51000000	2102.094659
23000000	51000000	1985.556419
24000000	51000000	2456.892818
25000000	51000000	2128.088524
26000000	51000000	2256.415103
27000000	51000000	1957.306664
28000000	51000000	1922.993776
29000000	51000000	2740.177825
30000000	51000000	2774.036795
31000000	51000000	3143.498192
32000000	51000000	3018.345124
33000000	51000000	2157.554106
34000000	51000000	1862.850990
35000000	51000000	2799.530003
36000000	51000000	3723.254319
37000000	51000000	3796.452365
38000000	51000000	3167.971503
39000000	51000000	2437.854719
40000000	51000000	1810.035304
41000000	51000000	2443.399077
42000000	51000000	3164.224109
43000000	51000000	4385.909906
44000000	51000000	5018.038664
45000000	51000000	6273.291948
46000000	51000000	8268.349847
47000000	51000000	7757.767184
48000000	51000000	6063.117651
49000000	51000000	9657.918793
50000000	51000000	160180.935455
51000000	51000000	541740.158359
