0	0	467667.731485
0	1000000	88391.286544
1000000	1000000	402973.032793
0	2000000	31819.591044
1000000	2000000	105195.070789
2000000	2000000	392365.062283
0	3000000	17073.401073
1000000	3000000	24038.159594
2000000	3000000	82056.609127
3000000	3000000	407053.005642
0	4000000	11641.969149
1000000	4000000	13942.272581
2000000	4000000	20483.518078
3000000	4000000	84848.400411
4000000	4000000	375358.516964
0	5000000	8489.799410
1000000	5000000	9328.122463
2000000	5000000	10756.431504
3000000	5000000	21289.640586
4000000	5000000	89438.895955
5000000	5000000	393212.141245
0	6000000	5415.667314
1000000	6000000	5176.124495
2000000	6000000	5456.810663
3000000	6000000	6965.913797
4000000	6000000	16967.290104
5000000	6000000	59702.199755
6000000	6000000	340389.344023
0	7000000	4118.971988
1000000	7000000	3831.734169
2000000	7000000	4124.523486
3000000	7000000	4656.841876
4000000	7000000	9747.509777
5000000	7000000	17309.463491
6000000	7000000	117810.408949
7000000	7000000	346151.116046
0	8000000	4212.821610
1000000	8000000	3926.884197
2000000	8000000	4037.373137
3000000	8000000	4632.762486
4000000	8000000	9312.222452
5000000	8000000	15266.771978
6000000	8000000	37522.676935
7000000	8000000	81528.449531
8000000	8000000	359560.370108
0	9000000	3755.021573
1000000	9000000	3305.987964
2000000	9000000	3303.767822
3000000	9000000	3518.541923
4000000	9000000	6818.424563
5000000	9000000	8973.718612
6000000	9000000	18406.037136
7000000	9000000	26101.993553
8000000	9000000	72708.574717
9000000	9000000	335861.252241
0	10000000	3477.220446
1000000	10000000	3388.894925
2000000	10000000	3214.832786
3000000	10000000	3811.582845
4000000	10000000	6152.364690
5000000	10000000	8744.817958
6000000	10000000	12057.564384
7000000	10000000	13462.054729
8000000	10000000	22745.832309
9000000	10000000	85981.956689
10000000	10000000	320918.394932
0	11000000	2863.370832
1000000	11000000	2704.002658
2000000	11000000	2456.036785
3000000	11000000	2830.050469
4000000	11000000	4490.478419
5000000	11000000	5929.563745
6000000	11000000	11594.059165
7000000	11000000	13674.517200
8000000	11000000	16792.605623
9000000	11000000	40856.976436
10000000	11000000	129165.489505
11000000	11000000	321267.955757
0	12000000	2525.002518
1000000	12000000	2096.787882
2000000	12000000	1966.808259
3000000	12000000	1897.515978
4000000	12000000	3770.193697
5000000	12000000	3778.341205
6000000	12000000	11861.904788
7000000	12000000	16630.104936
8000000	12000000	15606.756856
9000000	12000000	27946.210214
10000000	12000000	28236.974410
11000000	12000000	85240.583148
12000000	12000000	354322.748157
0	13000000	3649.210503
1000000	13000000	3140.608300
2000000	13000000	3033.002098
3000000	13000000	3721.268493
4000000	13000000	5514.430792
5000000	13000000	7423.647270
6000000	13000000	10582.289405
7000000	13000000	10949.136149
8000000	13000000	13615.963518
9000000	13000000	18353.827227
10000000	13000000	22248.864269
11000000	13000000	27493.048458
12000000	13000000	69433.614704
13000000	13000000	348718.898132
0	14000000	2787.541560
1000000	14000000	2522.764902
2000000	14000000	2420.317992
3000000	14000000	2803.827101
4000000	14000000	4153.713534
5000000	14000000	4849.073507
6000000	14000000	7972.519977
7000000	14000000	8120.357963
8000000	14000000	9139.705724
9000000	14000000	10075.091921
10000000	14000000	9945.676301
11000000	14000000	11488.589650
12000000	14000000	18250.750830
13000000	14000000	49559.281091
14000000	14000000	344630.043553
0	15000000	2509.728880
1000000	15000000	2598.705616
2000000	15000000	2356.234714
3000000	15000000	2848.167632
4000000	15000000	4049.446541
5000000	15000000	4908.000822
6000000	15000000	6245.496012
7000000	15000000	6654.815712
8000000	15000000	7661.734176
9000000	15000000	8320.595114
10000000	15000000	7972.450510
11000000	15000000	8540.520213
12000000	15000000	11886.580606
13000000	15000000	25699.211272
14000000	15000000	132962.528274
15000000	15000000	315671.756624
0	16000000	2899.399212
1000000	16000000	2807.847761
2000000	16000000	2662.645157
3000000	16000000	2920.697797
4000000	16000000	4699.608921
5000000	16000000	4995.456259
6000000	16000000	7518.013859
7000000	16000000	7527.869461
8000000	16000000	8444.038194
9000000	16000000	9201.639231
10000000	16000000	8095.011217
11000000	16000000	8777.199007
12000000	16000000	13514.491238
13000000	16000000	23882.463739
14000000	16000000	50280.355193
15000000	16000000	114180.696283
16000000	16000000	310155.209523
0	17000000	3889.612191
1000000	17000000	3469.941724
2000000	17000000	3642.071538
3000000	17000000	4049.467661
4000000	17000000	5411.132557
5000000	17000000	6270.148342
6000000	17000000	6688.176794
7000000	17000000	6005.532667
8000000	17000000	6845.612310
9000000	17000000	7549.438652
10000000	17000000	6989.552852
11000000	17000000	6087.527852
12000000	17000000	8715.989787
13000000	17000000	14754.092831
14000000	17000000	16312.234441
15000000	17000000	20107.042332
16000000	17000000	58826.370868
17000000	17000000	350602.806732
0	18000000	4208.207247
1000000	18000000	4107.454014
2000000	18000000	4101.623751
3000000	18000000	4937.739653
4000000	18000000	5752.764517
5000000	18000000	6649.237708
6000000	18000000	5420.653194
7000000	18000000	4456.859804
8000000	18000000	5475.926850
9000000	18000000	5238.210546
10000000	18000000	5775.261714
11000000	18000000	4742.049470
12000000	18000000	5074.476453
13000000	18000000	10753.425744
14000000	18000000	9803.954359
15000000	18000000	11643.066744
16000000	18000000	20814.928618
17000000	18000000	82968.621793
18000000	18000000	329846.373113
0	19000000	3731.619813
1000000	19000000	3750.222735
2000000	19000000	3627.391741
3000000	19000000	3597.948818
4000000	19000000	5559.960490
5000000	19000000	5271.997810
6000000	19000000	5812.909569
7000000	19000000	5204.044822
8000000	19000000	5845.264651
9000000	19000000	5901.555676
10000000	19000000	5507.518222
11000000	19000000	4845.134614
12000000	19000000	6291.290630
13000000	19000000	8874.063545
14000000	19000000	8627.499025
15000000	19000000	9449.341415
16000000	19000000	16081.374691
17000000	19000000	28969.597505
18000000	19000000	104434.635655
19000000	19000000	335261.639855
0	20000000	3682.877498
1000000	20000000	3712.415531
2000000	20000000	3660.334920
3000000	20000000	4230.715488
4000000	20000000	5186.865421
5000000	20000000	6150.752465
6000000	20000000	5766.180761
7000000	20000000	4946.617033
8000000	20000000	5948.601617
9000000	20000000	5739.403166
10000000	20000000	5949.238056
11000000	20000000	4802.568656
12000000	20000000	4985.769912
13000000	20000000	9233.922031
14000000	20000000	7671.740639
15000000	20000000	8136.344149
16000000	20000000	11120.825661
17000000	20000000	16734.037598
18000000	20000000	25197.952766
19000000	20000000	62796.972058
20000000	20000000	351502.757214
0	21000000	3248.067221
1000000	21000000	2958.599116
2000000	21000000	2667.909618
3000000	21000000	2885.384601
4000000	21000000	4354.699819
5000000	21000000	4893.049938
6000000	21000000	6547.865175
7000000	21000000	6678.771092
8000000	21000000	6695.786356
9000000	21000000	7276.980017
10000000	21000000	6034.268575
11000000	21000000	6034.756551
12000000	21000000	9237.485309
13000000	21000000	9294.696626
14000000	21000000	7471.705296
15000000	21000000	7607.364407
16000000	21000000	11064.322115
17000000	21000000	13436.244124
18000000	21000000	14311.003875
19000000	21000000	23085.900855
20000000	21000000	86511.771144
21000000	21000000	322951.706636
0	22000000	2670.816818
1000000	22000000	2292.036043
2000000	22000000	2327.536589
3000000	22000000	2007.872775
4000000	22000000	3732.939395
5000000	22000000	3560.020017
6000000	22000000	6688.618487
7000000	22000000	6988.528082
8000000	22000000	6837.352197
9000000	22000000	7703.420290
10000000	22000000	5379.389898
11000000	22000000	6087.935353
12000000	22000000	10068.273594
13000000	22000000	7563.665751
14000000	22000000	6558.262818
15000000	22000000	6279.787401
16000000	22000000	9568.157059
17000000	22000000	10097.731968
18000000	22000000	8929.548215
19000000	22000000	14202.574033
20000000	22000000	20474.475663
21000000	22000000	73603.400593
22000000	22000000	329008.855849
0	23000000	3770.899757
1000000	23000000	3324.560098
2000000	23000000	3076.898985
3000000	23000000	3141.004495
4000000	23000000	4862.099796
5000000	23000000	5114.439412
6000000	23000000	5945.248601
7000000	23000000	5159.421198
8000000	23000000	5801.957086
9000000	23000000	6184.487026
10000000	23000000	5697.222733
11000000	23000000	4803.518803
12000000	23000000	5923.911145
13000000	23000000	7824.863729
14000000	23000000	5615.414804
15000000	23000000	5786.937565
16000000	23000000	7974.916160
17000000	23000000	10117.623876
18000000	23000000	9809.165276
19000000	23000000	12811.062363
20000000	23000000	17368.639334
21000000	23000000	27726.059350
22000000	23000000	96235.595523
23000000	23000000	311389.322051
0	24000000	3515.920340
1000000	24000000	3077.535419
2000000	24000000	2891.185099
3000000	24000000	2636.111565
4000000	24000000	4518.884807
5000000	24000000	4416.291713
6000000	24000000	5592.164423
7000000	24000000	4915.288593
8000000	24000000	5302.550092
9000000	24000000	6073.096651
10000000	24000000	4940.460802
11000000	24000000	4486.197546
12000000	24000000	6343.868732
13000000	24000000	6585.923024
14000000	24000000	5007.239335
15000000	24000000	5088.746391
16000000	24000000	7159.444843
17000000	24000000	8229.434827
18000000	24000000	7617.214480
19000000	24000000	10500.723013
20000000	24000000	10980.547380
21000000	24000000	15878.402899
22000000	24000000	26294.760080
23000000	24000000	68313.166629
24000000	24000000	334285.397482
0	25000000	3611.529845
1000000	25000000	3102.436890
2000000	25000000	2878.990675
3000000	25000000	3398.011681
4000000	25000000	3884.944312
5000000	25000000	5164.161048
6000000	25000000	4706.921386
7000000	25000000	4310.944170
8000000	25000000	5076.437183
9000000	25000000	4983.290986
10000000	25000000	5790.162372
11000000	25000000	5057.713672
12000000	25000000	4947.350432
13000000	25000000	7681.517285
14000000	25000000	4822.995431
15000000	25000000	4915.199068
16000000	25000000	5814.734335
17000000	25000000	6869.753695
18000000	25000000	7600.401148
19000000	25000000	7084.856436
20000000	25000000	9379.549763
21000000	25000000	11467.878182
22000000	25000000	13612.849202
23000000	25000000	26886.260619
24000000	25000000	88998.831133
25000000	25000000	362695.529690
0	26000000	1360.107293
1000000	26000000	975.245318
2000000	26000000	751.086483
3000000	26000000	736.028341
4000000	26000000	1450.860655
5000000	26000000	1257.627212
6000000	26000000	3515.306375
7000000	26000000	4762.341997
8000000	26000000	3031.821488
9000000	26000000	3593.300263
10000000	26000000	2640.225337
11000000	26000000	4530.460344
12000000	26000000	8280.509698
13000000	26000000	3365.598812
14000000	26000000	3242.482131
15000000	26000000	2557.994885
16000000	26000000	3969.007688
17000000	26000000	2972.471139
18000000	26000000	2609.862713
19000000	26000000	3268.453671
20000000	26000000	3154.808167
21000000	26000000	7486.252660
22000000	26000000	10776.695246
23000000	26000000	9657.749261
24000000	26000000	20314.988999
25000000	26000000	65768.526852
26000000	26000000	557851.146296
0	29000000	1461.317724
1000000	29000000	1122.053336
2000000	29000000	1134.789260
3000000	29000000	833.123277
4000000	29000000	1586.521787
5000000	29000000	1445.772767
6000000	29000000	3497.770667
7000000	29000000	4414.952131
8000000	29000000	3239.554752
9000000	29000000	3463.781383
10000000	29000000	2827.596823
11000000	29000000	4308.798379
12000000	29000000	7807.035129
13000000	29000000	3597.483295
14000000	29000000	2757.120581
15000000	29000000	2854.193320
16000000	29000000	3799.238014
17000000	29000000	3185.146873
18000000	29000000	2984.293363
19000000	29000000	3776.057962
20000000	29000000	3645.377683
21000000	29000000	7411.404868
22000000	29000000	8701.593737
23000000	29000000	7103.330691
24000000	29000000	9087.957382
25000000	29000000	8718.874864
26000000	29000000	13545.000653
29000000	29000000	512909.764567
0	30000000	3989.494383
1000000	30000000	3589.639339
2000000	30000000	3748.944419
3000000	30000000	4787.422440
4000000	30000000	3795.121376
5000000	30000000	4845.272609
6000000	30000000	2443.759832
7000000	30000000	1865.588758
8000000	30000000	2508.903322
9000000	30000000	2424.192587
10000000	30000000	3264.582721
11000000	30000000	2566.273002
12000000	30000000	1589.509263
13000000	30000000	4029.294782
14000000	30000000	2662.540624
15000000	30000000	2752.574965
16000000	30000000	2816.446421
17000000	30000000	4664.765822
18000000	30000000	5644.604172
19000000	30000000	4163.782236
20000000	30000000	5904.062408
21000000	30000000	4853.755342
22000000	30000000	3834.149626
23000000	30000000	6598.379674
24000000	30000000	6374.966582
25000000	30000000	9693.735278
26000000	30000000	1996.760143
29000000	30000000	31721.882042
30000000	30000000	374450.324691
0	31000000	4126.508181
1000000	31000000	4149.968482
2000000	31000000	4735.175960
3000000	31000000	4786.228053
4000000	31000000	3858.752515
5000000	31000000	3183.458224
6000000	31000000	1485.339556
7000000	31000000	1024.564960
8000000	31000000	1334.032230
9000000	31000000	1348.094835
10000000	31000000	1580.628817
11000000	31000000	1144.027926
12000000	31000000	890.033443
13000000	31000000	1839.827675
14000000	31000000	1547.547443
15000000	31000000	1681.461767
16000000	31000000	1893.605072
17000000	31000000	2808.857102
18000000	31000000	3548.686476
19000000	31000000	3286.283417
20000000	31000000	3565.000739
21000000	31000000	2584.107092
22000000	31000000	2344.734008
23000000	31000000	3524.804126
24000000	31000000	3797.034485
25000000	31000000	3766.037350
26000000	31000000	1232.000822
29000000	31000000	5916.948704
30000000	31000000	93051.756739
31000000	31000000	384547.156798
0	32000000	3310.314173
1000000	32000000	3354.727641
2000000	32000000	3902.875651
3000000	32000000	4482.448239
4000000	32000000	2683.431667
5000000	32000000	2522.869753
6000000	32000000	931.423496
7000000	32000000	673.421026
8000000	32000000	920.164413
9000000	32000000	800.347181
10000000	32000000	1070.466180
11000000	32000000	836.163248
12000000	32000000	473.674307
13000000	32000000	1319.055376
14000000	32000000	1118.966636
15000000	32000000	1177.330358
16000000	32000000	1123.400090
17000000	32000000	2029.780127
18000000	32000000	2560.831528
19000000	32000000	1927.395059
20000000	32000000	2413.703972
21000000	32000000	1663.230165
22000000	32000000	1139.989019
23000000	32000000	1946.750512
24000000	32000000	1721.298890
25000000	32000000	2459.214465
26000000	32000000	478.188337
29000000	32000000	2572.743925
30000000	32000000	19332.198449
31000000	32000000	69585.571859
32000000	32000000	415028.343634
0	33000000	2888.492053
1000000	33000000	2942.560514
2000000	33000000	3374.663275
3000000	33000000	3777.316819
4000000	33000000	2028.114476
5000000	33000000	1810.104198
6000000	33000000	689.375031
7000000	33000000	492.584203
8000000	33000000	641.460630
9000000	33000000	569.950253
10000000	33000000	757.737314
11000000	33000000	540.953825
12000000	33000000	390.467242
13000000	33000000	935.365922
14000000	33000000	806.858439
15000000	33000000	825.643771
16000000	33000000	820.447113
17000000	33000000	1405.747000
18000000	33000000	1939.703044
19000000	33000000	1370.852723
20000000	33000000	1796.574477
21000000	33000000	1193.622515
22000000	33000000	834.780054
23000000	33000000	1314.799322
24000000	33000000	1234.734912
25000000	33000000	1716.285971
26000000	33000000	469.696111
29000000	33000000	1956.498477
30000000	33000000	11316.020285
31000000	33000000	20134.991206
32000000	33000000	109260.273529
33000000	33000000	424469.648759
0	34000000	3003.046898
1000000	34000000	2879.243864
2000000	34000000	3506.702392
3000000	34000000	3621.273419
4000000	34000000	2034.740675
5000000	34000000	1689.393466
6000000	34000000	616.362345
7000000	34000000	456.489973
8000000	34000000	629.382610
9000000	34000000	528.944097
10000000	34000000	653.378319
11000000	34000000	527.797985
12000000	34000000	389.421756
13000000	34000000	872.161566
14000000	34000000	719.707540
15000000	34000000	723.318839
16000000	34000000	831.701036
17000000	34000000	1351.903025
18000000	34000000	1733.569761
19000000	34000000	1468.069731
20000000	34000000	1593.490559
21000000	34000000	1085.506566
22000000	34000000	889.082912
23000000	34000000	1254.715439
24000000	34000000	1228.098196
25000000	34000000	1493.625882
26000000	34000000	465.358344
29000000	34000000	1704.810199
30000000	34000000	8837.905079
31000000	34000000	13547.122265
32000000	34000000	23493.883093
33000000	34000000	84612.955566
34000000	34000000	431204.702770
0	35000000	2888.547143
1000000	35000000	2860.221536
2000000	35000000	3387.282581
3000000	35000000	3821.509667
4000000	35000000	2163.421200
5000000	35000000	2035.163302
6000000	35000000	709.314514
7000000	35000000	466.956631
8000000	35000000	630.270840
9000000	35000000	586.992682
10000000	35000000	840.183805
11000000	35000000	626.837595
12000000	35000000	385.187553
13000000	35000000	967.236272
14000000	35000000	892.316855
15000000	35000000	812.652568
16000000	35000000	772.077250
17000000	35000000	1531.649384
18000000	35000000	1886.751747
19000000	35000000	1361.172499
20000000	35000000	1751.087329
21000000	35000000	1166.040168
22000000	35000000	817.945112
23000000	35000000	1341.122994
24000000	35000000	1188.209034
25000000	35000000	1616.368831
26000000	35000000	315.133156
29000000	35000000	1443.032645
30000000	35000000	9015.028150
31000000	35000000	11624.976547
32000000	35000000	16714.181340
33000000	35000000	26025.340942
34000000	35000000	96625.549598
35000000	35000000	399061.646881
0	36000000	3257.267296
1000000	36000000	3351.998983
2000000	36000000	3868.788428
3000000	36000000	3915.845951
4000000	36000000	2863.688688
5000000	36000000	2366.106109
6000000	36000000	987.804146
7000000	36000000	762.851084
8000000	36000000	970.902355
9000000	36000000	902.788060
10000000	36000000	1111.026350
11000000	36000000	834.567265
12000000	36000000	607.237163
13000000	36000000	1226.489414
14000000	36000000	1113.483385
15000000	36000000	1217.218802
16000000	36000000	1322.508008
17000000	36000000	1974.357910
18000000	36000000	2546.421273
19000000	36000000	2181.529827
20000000	36000000	2468.092587
21000000	36000000	1683.260518
22000000	36000000	1427.502046
23000000	36000000	2087.621563
24000000	36000000	2008.542757
25000000	36000000	2024.258776
26000000	36000000	505.299773
29000000	36000000	1798.050613
30000000	36000000	8551.194478
31000000	36000000	12401.197580
32000000	36000000	11446.946721
33000000	36000000	12962.960226
34000000	36000000	21868.003452
35000000	36000000	102208.150812
36000000	36000000	405475.052634
0	37000000	3383.900482
1000000	37000000	3370.461374
2000000	37000000	3412.127253
3000000	37000000	3479.069845
4000000	37000000	3468.392934
5000000	37000000	3213.839421
6000000	37000000	2133.873041
7000000	37000000	1572.085705
8000000	37000000	2117.715142
9000000	37000000	1967.802934
10000000	37000000	2159.349085
11000000	37000000	1676.345308
12000000	37000000	1356.781592
13000000	37000000	2720.804952
14000000	37000000	2032.669180
15000000	37000000	2088.356660
16000000	37000000	2445.643640
17000000	37000000	3501.367676
18000000	37000000	3799.866176
19000000	37000000	3780.677089
20000000	37000000	4057.135089
21000000	37000000	3610.907310
22000000	37000000	3099.455536
23000000	37000000	4349.632088
24000000	37000000	4070.839972
25000000	37000000	3843.054368
26000000	37000000	977.197004
29000000	37000000	3324.825347
30000000	37000000	9845.055060
31000000	37000000	9316.216106
32000000	37000000	7510.779992
33000000	37000000	7006.779161
34000000	37000000	9088.177511
35000000	37000000	16588.087550
36000000	37000000	55716.132753
37000000	37000000	342543.433022
0	38000000	2313.046181
1000000	38000000	2305.169755
2000000	38000000	2172.903316
3000000	38000000	1760.880601
4000000	38000000	2856.520759
5000000	38000000	2114.046915
6000000	38000000	3228.058164
7000000	38000000	2889.454079
8000000	38000000	2814.037890
9000000	38000000	2956.559977
10000000	38000000	2361.594352
11000000	38000000	2447.770028
12000000	38000000	2964.612349
13000000	38000000	2935.999847
14000000	38000000	2799.330464
15000000	38000000	2476.899579
16000000	38000000	3320.583293
17000000	38000000	3308.286240
18000000	38000000	3057.612010
19000000	38000000	4101.330555
20000000	38000000	3706.592456
21000000	38000000	4295.829502
22000000	38000000	4768.792721
23000000	38000000	4669.373160
24000000	38000000	4934.612711
25000000	38000000	3326.706855
26000000	38000000	2599.585917
29000000	38000000	6431.984916
30000000	38000000	4828.327442
31000000	38000000	5172.352636
32000000	38000000	3188.544926
33000000	38000000	2954.760359
34000000	38000000	3634.692112
35000000	38000000	4399.324456
36000000	38000000	10709.198316
37000000	38000000	76405.554075
38000000	38000000	349058.734856
0	39000000	2632.852670
1000000	39000000	2529.291800
2000000	39000000	2446.892283
3000000	39000000	2449.393376
4000000	39000000	2957.339596
5000000	39000000	2795.710225
6000000	39000000	2435.779534
7000000	39000000	1920.337126
8000000	39000000	2368.369533
9000000	39000000	2382.280478
10000000	39000000	2234.186983
11000000	39000000	1770.484857
12000000	39000000	1765.074821
13000000	39000000	2764.533424
14000000	39000000	2069.997363
15000000	39000000	2125.558028
16000000	39000000	2630.944800
17000000	39000000	3318.503551
18000000	39000000	3273.279307
19000000	39000000	3617.979651
20000000	39000000	3771.722152
21000000	39000000	3547.634666
22000000	39000000	3714.667844
23000000	39000000	4671.097498
24000000	39000000	4494.442377
25000000	39000000	3920.580763
26000000	39000000	1186.487223
29000000	39000000	4088.853435
30000000	39000000	6572.373288
31000000	39000000	5646.088918
32000000	39000000	4017.704973
33000000	39000000	3405.698583
34000000	39000000	4051.063718
35000000	39000000	5366.537438
36000000	39000000	10092.631864
37000000	39000000	39424.754990
38000000	39000000	89693.044199
39000000	39000000	333857.439475
0	40000000	2671.830541
1000000	40000000	2638.470822
2000000	40000000	2326.627310
3000000	40000000	2146.028411
4000000	40000000	2891.113874
5000000	40000000	2445.888676
6000000	40000000	2779.207674
7000000	40000000	2460.568736
8000000	40000000	2485.802331
9000000	40000000	2592.186475
10000000	40000000	2204.474315
11000000	40000000	2049.488893
12000000	40000000	2471.989237
13000000	40000000	2813.858763
14000000	40000000	2284.451837
15000000	40000000	2338.414947
16000000	40000000	3183.988018
17000000	40000000	3467.671859
18000000	40000000	3375.014657
19000000	40000000	4010.059526
20000000	40000000	3809.912341
21000000	40000000	4088.185245
22000000	40000000	4545.671902
23000000	40000000	5238.392490
24000000	40000000	5421.816575
25000000	40000000	4043.829142
26000000	40000000	1876.430861
29000000	40000000	5309.911798
30000000	40000000	5752.452289
31000000	40000000	5062.286021
32000000	40000000	3140.071388
33000000	40000000	2721.798790
34000000	40000000	3080.755157
35000000	40000000	3781.178600
36000000	40000000	7227.316201
37000000	40000000	18467.533847
38000000	40000000	29206.046071
39000000	40000000	73444.544994
40000000	40000000	302784.564644
0	41000000	2498.816715
1000000	41000000	2173.597320
2000000	41000000	2234.476010
3000000	41000000	1584.044232
4000000	41000000	2831.641607
5000000	41000000	1864.680190
6000000	41000000	3015.545578
7000000	41000000	2898.053292
8000000	41000000	2709.787356
9000000	41000000	3091.389303
10000000	41000000	2159.474058
11000000	41000000	2268.158597
12000000	41000000	3615.818849
13000000	41000000	2760.040892
14000000	41000000	2398.681315
15000000	41000000	2258.398571
16000000	41000000	3402.231897
17000000	41000000	3667.062999
18000000	41000000	2953.487936
19000000	41000000	4275.899064
20000000	41000000	3676.025801
21000000	41000000	4807.165299
22000000	41000000	5891.499185
23000000	41000000	5589.266461
24000000	41000000	6437.022751
25000000	41000000	3479.751388
26000000	41000000	2990.718547
29000000	41000000	7770.301921
30000000	41000000	3818.870817
31000000	41000000	4250.651830
32000000	41000000	2143.324856
33000000	41000000	1877.765219
34000000	41000000	2396.342653
35000000	41000000	2389.074147
36000000	41000000	5441.275813
37000000	41000000	13680.919030
38000000	41000000	25612.639744
39000000	41000000	27104.335187
40000000	41000000	108272.060885
41000000	41000000	324598.544386
0	42000000	3113.316736
1000000	42000000	3001.369563
2000000	42000000	3016.697006
3000000	42000000	3273.745520
4000000	42000000	2842.944618
5000000	42000000	2844.076136
6000000	42000000	1624.478066
7000000	42000000	1245.583288
8000000	42000000	1592.902247
9000000	42000000	1361.139425
10000000	42000000	1707.088638
11000000	42000000	1417.353572
12000000	42000000	879.196859
13000000	42000000	2015.930408
14000000	42000000	1605.187908
15000000	42000000	1627.481387
16000000	42000000	1846.050415
17000000	42000000	2707.217155
18000000	42000000	3204.917551
19000000	42000000	2695.820083
20000000	42000000	3147.006570
21000000	42000000	2566.284445
22000000	42000000	2049.002265
23000000	42000000	3211.836818
24000000	42000000	2916.177993
25000000	42000000	3520.403001
26000000	42000000	777.330712
29000000	42000000	2289.672502
30000000	42000000	6845.324812
31000000	42000000	5719.713179
32000000	42000000	4588.334717
33000000	42000000	3831.973169
34000000	42000000	4311.441609
35000000	42000000	5370.848677
36000000	42000000	8094.213780
37000000	42000000	12981.966496
38000000	42000000	9790.269668
39000000	42000000	16354.860409
40000000	42000000	29263.970496
41000000	42000000	43225.407444
42000000	42000000	396186.998027
0	43000000	3599.208530
1000000	43000000	3624.898640
2000000	43000000	3869.715814
3000000	43000000	3736.452773
4000000	43000000	2934.992192
5000000	43000000	2755.701707
6000000	43000000	1302.331383
7000000	43000000	1035.536056
8000000	43000000	1227.282901
9000000	43000000	1137.863348
10000000	43000000	1350.218645
11000000	43000000	980.779462
12000000	43000000	762.767103
13000000	43000000	1517.863833
14000000	43000000	1167.032571
15000000	43000000	1318.196546
16000000	43000000	1364.705014
17000000	43000000	2133.988165
18000000	43000000	2685.156141
19000000	43000000	2309.666313
20000000	43000000	2496.284541
21000000	43000000	2019.230599
22000000	43000000	1518.341437
23000000	43000000	2557.821389
24000000	43000000	2255.879459
25000000	43000000	2425.205118
26000000	43000000	638.229460
29000000	43000000	1617.012280
30000000	43000000	6268.245550
31000000	43000000	6551.429787
32000000	43000000	5465.665795
33000000	43000000	4791.317347
34000000	43000000	5556.744305
35000000	43000000	6655.002944
36000000	43000000	8498.684892
37000000	43000000	10404.023419
38000000	43000000	6886.255160
39000000	43000000	10578.513759
40000000	43000000	12945.384266
41000000	43000000	14994.870511
42000000	43000000	73035.738760
43000000	43000000	371409.146277
0	44000000	3912.893889
1000000	44000000	3591.226417
2000000	44000000	3989.182636
3000000	44000000	3557.280005
4000000	44000000	2798.245953
5000000	44000000	2198.265334
6000000	44000000	1103.684440
7000000	44000000	876.014329
8000000	44000000	1007.308508
9000000	44000000	956.286746
10000000	44000000	1049.991634
11000000	44000000	821.085108
12000000	44000000	684.664523
13000000	44000000	1214.340566
14000000	44000000	1000.790662
15000000	44000000	1039.122009
16000000	44000000	1171.848154
17000000	44000000	1864.484359
18000000	44000000	2188.113433
19000000	44000000	1999.165512
20000000	44000000	2065.369370
21000000	44000000	1637.281332
22000000	44000000	1458.105593
23000000	44000000	2152.808824
24000000	44000000	1972.944675
25000000	44000000	2123.547787
26000000	44000000	551.626429
29000000	44000000	1692.440559
30000000	44000000	4840.026574
31000000	44000000	5928.704835
32000000	44000000	4884.607316
33000000	44000000	4520.190078
34000000	44000000	5160.587969
35000000	44000000	5687.637321
36000000	44000000	6904.104552
37000000	44000000	7603.189674
38000000	44000000	5797.395307
39000000	44000000	7310.320478
40000000	44000000	8447.505154
41000000	44000000	10049.625304
42000000	44000000	18331.190024
43000000	44000000	81230.439826
44000000	44000000	371838.287090
0	45000000	3662.543101
1000000	45000000	3359.347692
2000000	45000000	3639.266677
3000000	45000000	2907.149920
4000000	45000000	2806.717369
5000000	45000000	1876.344492
6000000	45000000	1145.585785
7000000	45000000	955.897515
8000000	45000000	1020.066025
9000000	45000000	981.919544
10000000	45000000	1018.803306
11000000	45000000	887.339763
12000000	45000000	903.858606
13000000	45000000	1198.690694
14000000	45000000	982.527847
15000000	45000000	1043.340330
16000000	45000000	1229.110659
17000000	45000000	1670.910179
18000000	45000000	1997.798894
19000000	45000000	2127.989948
20000000	45000000	1989.406212
21000000	45000000	1817.846333
22000000	45000000	1632.561232
23000000	45000000	2073.878842
24000000	45000000	2129.029911
25000000	45000000	1890.354685
26000000	45000000	679.283605
29000000	45000000	1888.210499
30000000	45000000	3839.064105
31000000	45000000	5708.350474
32000000	45000000	3979.583644
33000000	45000000	3609.267983
34000000	45000000	4299.898445
35000000	45000000	4403.596603
36000000	45000000	6015.848457
37000000	45000000	6309.685967
38000000	45000000	5979.287722
39000000	45000000	6006.988447
40000000	45000000	7672.941279
41000000	45000000	9441.891031
42000000	45000000	11440.057716
43000000	45000000	22836.996150
44000000	45000000	87197.016592
45000000	45000000	344644.992928
0	46000000	2864.244630
1000000	46000000	2792.060786
2000000	46000000	2923.621762
3000000	46000000	2563.295147
4000000	46000000	2121.519961
5000000	46000000	1642.805482
6000000	46000000	798.576978
7000000	46000000	684.797482
8000000	46000000	745.101078
9000000	46000000	716.386406
10000000	46000000	788.500705
11000000	46000000	698.318759
12000000	46000000	516.798909
13000000	46000000	878.204221
14000000	46000000	830.880378
15000000	46000000	808.632781
16000000	46000000	889.008806
17000000	46000000	1422.496019
18000000	46000000	1680.300892
19000000	46000000	1683.929927
20000000	46000000	1480.986438
21000000	46000000	1262.063976
22000000	46000000	1090.375353
23000000	46000000	1479.234091
24000000	46000000	1578.156211
25000000	46000000	1350.478357
26000000	46000000	446.365243
29000000	46000000	1205.086139
30000000	46000000	3376.268961
31000000	46000000	4863.852092
32000000	46000000	3730.134757
33000000	46000000	3215.396517
34000000	46000000	3862.115295
35000000	46000000	4212.539203
36000000	46000000	5077.038845
37000000	46000000	4667.719663
38000000	46000000	3954.602464
39000000	46000000	4397.084547
40000000	46000000	4802.556335
41000000	46000000	5514.374814
42000000	46000000	7611.345910
43000000	46000000	12755.855132
44000000	46000000	23220.302979
45000000	46000000	105328.956767
46000000	46000000	373891.034030
0	47000000	2720.510096
1000000	47000000	2807.449047
2000000	47000000	2986.344716
3000000	47000000	3033.296088
4000000	47000000	2063.070776
5000000	47000000	1883.814247
6000000	47000000	737.632834
7000000	47000000	479.312737
8000000	47000000	672.718830
9000000	47000000	626.592211
10000000	47000000	776.603716
11000000	47000000	633.429865
12000000	47000000	373.725135
13000000	47000000	904.835110
14000000	47000000	793.034980
15000000	47000000	816.047980
16000000	47000000	804.008080
17000000	47000000	1426.650762
18000000	47000000	1813.609682
19000000	47000000	1424.024223
20000000	47000000	1606.998478
21000000	47000000	1135.406708
22000000	47000000	802.033091
23000000	47000000	1330.717002
24000000	47000000	1200.535487
25000000	47000000	1479.439380
26000000	47000000	297.524930
29000000	47000000	696.214740
30000000	47000000	4916.536800
31000000	47000000	4851.685765
32000000	47000000	4958.646827
33000000	47000000	4576.518644
34000000	47000000	4950.354621
35000000	47000000	5755.000627
36000000	47000000	5265.084536
37000000	47000000	4572.203653
38000000	47000000	2724.714476
39000000	47000000	3718.003583
40000000	47000000	3547.094400
41000000	47000000	3098.779439
42000000	47000000	6934.432746
43000000	47000000	11654.574234
44000000	47000000	17083.749172
45000000	47000000	33385.959991
46000000	47000000	113392.977447
47000000	47000000	400897.904107
0	48000000	3044.642495
1000000	48000000	3137.030591
2000000	48000000	3482.205131
3000000	48000000	3681.979947
4000000	48000000	2659.223014
5000000	48000000	2541.712427
6000000	48000000	953.755548
7000000	48000000	629.593114
8000000	48000000	870.756320
9000000	48000000	821.898243
10000000	48000000	1057.341786
11000000	48000000	785.663722
12000000	48000000	446.650929
13000000	48000000	1127.391941
14000000	48000000	1032.637814
15000000	48000000	1034.099647
16000000	48000000	1053.968445
17000000	48000000	1863.914547
18000000	48000000	2135.952372
19000000	48000000	1920.642325
20000000	48000000	2161.669979
21000000	48000000	1367.750944
22000000	48000000	983.654728
23000000	48000000	1723.506440
24000000	48000000	1555.742574
25000000	48000000	1948.630883
26000000	48000000	313.922896
29000000	48000000	862.494430
30000000	48000000	6090.495027
31000000	48000000	6550.909418
32000000	48000000	5618.939498
33000000	48000000	4871.175367
34000000	48000000	5133.633806
35000000	48000000	5858.442914
36000000	48000000	6264.022463
37000000	48000000	5430.276286
38000000	48000000	2850.254355
39000000	48000000	4137.346404
40000000	48000000	3923.189205
41000000	48000000	3323.479276
42000000	48000000	7703.383211
43000000	48000000	10799.806204
44000000	48000000	12139.647472
45000000	48000000	14334.218673
46000000	48000000	20059.190468
47000000	48000000	71328.520911
48000000	48000000	402281.550785
0	49000000	2983.226793
1000000	49000000	3055.797615
2000000	49000000	2959.203331
3000000	49000000	3193.368999
4000000	49000000	3161.833113
5000000	49000000	2994.490860
6000000	49000000	1781.437757
7000000	49000000	1294.204620
8000000	49000000	1550.040955
9000000	49000000	1625.123857
10000000	49000000	1801.414539
11000000	49000000	1359.593661
12000000	49000000	985.275045
13000000	49000000	2048.983644
14000000	49000000	1554.858991
15000000	49000000	1668.166781
16000000	49000000	1879.002502
17000000	49000000	2952.482534
18000000	49000000	3155.659252
19000000	49000000	3045.942739
20000000	49000000	3394.019238
21000000	49000000	2704.877264
22000000	49000000	2441.523248
23000000	49000000	3811.694827
24000000	49000000	3687.464200
25000000	49000000	3277.816638
26000000	49000000	819.187738
29000000	49000000	2195.602272
30000000	49000000	6542.880365
31000000	49000000	5853.394349
32000000	49000000	3925.308745
33000000	49000000	3096.777965
34000000	49000000	3210.571416
35000000	49000000	3899.558318
36000000	49000000	5116.625975
37000000	49000000	6750.920015
38000000	49000000	5122.548089
39000000	49000000	6141.124195
40000000	49000000	6554.848392
41000000	49000000	6680.729000
42000000	49000000	8682.638738
43000000	49000000	9337.783235
44000000	49000000	9070.943000
45000000	49000000	10122.088450
46000000	49000000	10406.493838
47000000	49000000	14762.200577
48000000	49000000	92991.502513
49000000	49000000	331736.530964
0	50000000	2279.503882
1000000	50000000	2063.123766
2000000	50000000	1971.685871
3000000	50000000	1988.799594
4000000	50000000	2771.322764
5000000	50000000	2749.416239
6000000	50000000	2815.757960
7000000	50000000	2299.324707
8000000	50000000	2729.981802
9000000	50000000	2555.384274
10000000	50000000	2504.012252
11000000	50000000	2162.180539
12000000	50000000	2229.299567
13000000	50000000	2907.629749
14000000	50000000	2338.298494
15000000	50000000	2352.619988
16000000	50000000	2912.593696
17000000	50000000	3247.748419
18000000	50000000	3079.871020
19000000	50000000	3605.820008
20000000	50000000	3784.590025
21000000	50000000	3991.440437
22000000	50000000	4079.960298
23000000	50000000	4730.208323
24000000	50000000	5006.480927
25000000	50000000	4175.407151
26000000	50000000	1819.763218
29000000	50000000	4824.511296
30000000	50000000	5142.800678
31000000	50000000	3806.717298
32000000	50000000	2192.118386
33000000	50000000	1739.288290
34000000	50000000	1742.095261
35000000	50000000	2051.683887
36000000	50000000	3213.029886
37000000	50000000	5982.765808
38000000	50000000	7061.653826
39000000	50000000	6579.564227
40000000	50000000	8205.063464
41000000	50000000	9587.842925
42000000	50000000	6725.609444
43000000	50000000	6110.946556
44000000	50000000	5993.766368
45000000	50000000	7464.230222
46000000	50000000	6306.898940
47000000	50000000	6121.476076
48000000	50000000	12605.999832
49000000	50000000	82098.353571
50000000	50000000	306781.887413
0	51000000	1468.013822
1000000	51000000	1346.590834
2000000	51000000	1236.298735
3000000	51000000	1159.017367
4000000	51000000	1945.869098
5000000	51000000	1837.181375
6000000	51000000	2906.123082
7000000	51000000	2803.187726
8000000	51000000	2885.598142
9000000	51000000	2816.146982
10000000	51000000	2241.752125
11000000	51000000	2238.918179
12000000	51000000	3012.813750
13000000	51000000	2832.706133
14000000	51000000	2322.583305
15000000	51000000	2160.094477
16000000	51000000	2857.450478
17000000	51000000	2686.635928
18000000	51000000	2267.839982
19000000	51000000	2941.036997
20000000	51000000	2836.006669
21000000	51000000	3631.262179
22000000	51000000	4160.109504
23000000	51000000	3836.830038
24000000	51000000	4335.668895
25000000	51000000	3368.661800
26000000	51000000	2319.749423
29000000	51000000	6250.825221
30000000	51000000	3383.635661
31000000	51000000	2467.455300
32000000	51000000	1254.814886
33000000	51000000	991.073024
34000000	51000000	1175.213495
35000000	51000000	1188.710163
36000000	51000000	2021.352067
37000000	51000000	3956.688223
38000000	51000000	6347.099742
39000000	51000000	5112.394282
40000000	51000000	6596.459546
41000000	51000000	8717.830389
42000000	51000000	4014.672918
43000000	51000000	3672.145276
44000000	51000000	3695.237582
45000000	51000000	4657.944837
46000000	51000000	3820.227425
47000000	51000000	3073.415952
48000000	51000000	4936.691132
49000000	51000000	16706.366963
50000000	51000000	76522.372238
51000000	51000000	337644.588358
0	52000000	1630.999722
1000000	52000000	1488.231957
2000000	52000000	1265.034851
3000000	52000000	1672.033393
4000000	52000000	1825.481513
5000000	52000000	2799.048755
6000000	52000000	2299.531162
7000000	52000000	1796.153320
8000000	52000000	2350.985283
9000000	52000000	2041.522884
10000000	52000000	2489.674435
11000000	52000000	2116.174667
12000000	52000000	1466.374053
13000000	52000000	2830.192252
14000000	52000000	1999.772174
15000000	52000000	2076.501626
16000000	52000000	2022.245992
17000000	52000000	2449.612075
18000000	52000000	2302.921279
19000000	52000000	2202.397455
20000000	52000000	2805.846832
21000000	52000000	2625.682524
22000000	52000000	2234.573967
23000000	52000000	3148.086951
24000000	52000000	2774.937459
25000000	52000000	4062.068205
26000000	52000000	1178.175541
29000000	52000000	2765.574897
30000000	52000000	5610.168635
31000000	52000000	2464.965133
32000000	52000000	2071.666722
33000000	52000000	1568.493036
34000000	52000000	1436.632648
35000000	52000000	1983.493146
36000000	52000000	2211.677656
37000000	52000000	4183.635788
38000000	52000000	3563.599426
39000000	52000000	4391.859739
40000000	52000000	4243.110876
41000000	52000000	3892.622851
42000000	52000000	4571.572403
43000000	52000000	4036.107008
44000000	52000000	3573.446123
45000000	52000000	3631.217820
46000000	52000000	3449.222058
47000000	52000000	3992.679832
48000000	52000000	6283.604370
49000000	52000000	13925.007411
50000000	52000000	38250.455230
51000000	52000000	92107.267231
52000000	52000000	381891.288097
0	53000000	1167.821241
1000000	53000000	983.132990
2000000	53000000	913.800925
3000000	53000000	826.312449
4000000	53000000	1354.355313
5000000	53000000	1408.177397
6000000	53000000	3478.438956
7000000	53000000	3800.557742
8000000	53000000	3030.975007
9000000	53000000	2925.910519
10000000	53000000	2448.315911
11000000	53000000	3116.527083
12000000	53000000	4857.939867
13000000	53000000	3006.925275
14000000	53000000	2597.155581
15000000	53000000	2291.052918
16000000	53000000	2874.406231
17000000	53000000	2355.746641
18000000	53000000	1922.138467
19000000	53000000	2405.748088
20000000	53000000	2352.865566
21000000	53000000	3906.705652
22000000	53000000	4447.635022
23000000	53000000	3460.950576
24000000	53000000	3757.169700
25000000	53000000	3391.653544
26000000	53000000	4352.708107
29000000	53000000	8890.506533
30000000	53000000	2958.439166
31000000	53000000	1613.189258
32000000	53000000	948.526347
33000000	53000000	760.199933
34000000	53000000	800.979133
35000000	53000000	869.111379
36000000	53000000	1349.515317
37000000	53000000	3006.242270
38000000	53000000	5910.266563
39000000	53000000	3926.549354
40000000	53000000	5452.292503
41000000	53000000	7302.219139
42000000	53000000	2879.784482
43000000	53000000	2573.868466
44000000	53000000	2514.581947
45000000	53000000	3100.938327
46000000	53000000	2302.535943
47000000	53000000	1866.071172
48000000	53000000	2666.714807
49000000	53000000	7198.749767
50000000	53000000	21447.211769
51000000	53000000	42336.625389
52000000	53000000	64745.531597
53000000	53000000	333212.739625
0	54000000	1257.840732
1000000	54000000	933.683353
2000000	54000000	917.875196
3000000	54000000	831.982027
4000000	54000000	1365.685573
5000000	54000000	1476.881236
6000000	54000000	3151.574988
7000000	54000000	3675.683612
8000000	54000000	2649.147510
9000000	54000000	2893.545749
10000000	54000000	2299.999061
11000000	54000000	3076.123255
12000000	54000000	5358.660541
13000000	54000000	2789.776026
14000000	54000000	2323.745971
15000000	54000000	2056.780371
16000000	54000000	2749.943698
17000000	54000000	2524.061806
18000000	54000000	2039.839157
19000000	54000000	2351.258451
20000000	54000000	2342.602824
21000000	54000000	4275.760049
22000000	54000000	5220.042731
23000000	54000000	4077.082550
24000000	54000000	4164.943785
25000000	54000000	4280.516012
26000000	54000000	5143.479012
29000000	54000000	11634.017491
30000000	54000000	3553.307465
31000000	54000000	1681.065678
32000000	54000000	891.293342
33000000	54000000	746.850437
34000000	54000000	837.969370
35000000	54000000	922.780161
36000000	54000000	1357.441460
37000000	54000000	3080.367773
38000000	54000000	5495.500100
39000000	54000000	3965.201622
40000000	54000000	5807.106361
41000000	54000000	7877.321149
42000000	54000000	2782.019392
43000000	54000000	2332.978788
44000000	54000000	2416.956516
45000000	54000000	2841.038810
46000000	54000000	2059.729188
47000000	54000000	1677.316647
48000000	54000000	2165.676829
49000000	54000000	6362.131018
50000000	54000000	15216.792883
51000000	54000000	24658.849293
52000000	54000000	22961.809343
53000000	54000000	116725.105178
54000000	54000000	336303.676904
0	55000000	2243.616711
1000000	55000000	1851.552689
2000000	55000000	1796.484547
3000000	55000000	1639.675354
4000000	55000000	2565.094832
5000000	55000000	2508.344970
6000000	55000000	2440.822912
7000000	55000000	1951.791217
8000000	55000000	2122.187309
9000000	55000000	2269.424448
10000000	55000000	2089.166188
11000000	55000000	1752.314679
12000000	55000000	2013.735351
13000000	55000000	2617.379430
14000000	55000000	1838.599254
15000000	55000000	1840.089641
16000000	55000000	2493.199011
17000000	55000000	3052.632732
18000000	55000000	2980.025272
19000000	55000000	3392.926318
20000000	55000000	3620.734672
21000000	55000000	4117.361626
22000000	55000000	4508.639441
23000000	55000000	5760.093441
24000000	55000000	6368.977796
25000000	55000000	5174.330206
26000000	55000000	2061.961109
29000000	55000000	6013.950160
30000000	55000000	5996.838886
31000000	55000000	3661.886709
32000000	55000000	1809.300615
33000000	55000000	1389.588413
34000000	55000000	1467.533793
35000000	55000000	1658.587933
36000000	55000000	2646.330618
37000000	55000000	5548.943715
38000000	55000000	5947.919088
39000000	55000000	6162.929708
40000000	55000000	7429.643801
41000000	55000000	8648.329740
42000000	55000000	4948.784531
43000000	55000000	4249.648162
44000000	55000000	3965.913733
45000000	55000000	4538.116397
46000000	55000000	3442.174830
47000000	55000000	2968.854699
48000000	55000000	4634.217222
49000000	55000000	11676.037465
50000000	55000000	17083.401908
51000000	55000000	17425.849498
52000000	55000000	17266.331356
53000000	55000000	25571.245848
54000000	55000000	59554.451257
55000000	55000000	294433.473891
0	56000000	2513.463726
1000000	56000000	2354.089587
2000000	56000000	2153.725594
3000000	56000000	2297.279053
4000000	56000000	2650.958981
5000000	56000000	2598.395129
6000000	56000000	1731.175583
7000000	56000000	1201.759676
8000000	56000000	1502.900538
9000000	56000000	1493.888668
10000000	56000000	1649.828307
11000000	56000000	1238.565486
12000000	56000000	1058.078402
13000000	56000000	1819.063229
14000000	56000000	1334.284800
15000000	56000000	1495.526084
16000000	56000000	1749.474001
17000000	56000000	2455.162900
18000000	56000000	2719.459351
19000000	56000000	2860.992298
20000000	56000000	3006.902439
21000000	56000000	2679.523133
22000000	56000000	2751.619942
23000000	56000000	4292.963276
24000000	56000000	4649.271031
25000000	56000000	4063.893730
26000000	56000000	1047.407064
29000000	56000000	3174.290202
30000000	56000000	6411.597012
31000000	56000000	4599.997161
32000000	56000000	2665.349714
33000000	56000000	1919.294827
34000000	56000000	2076.822405
35000000	56000000	2345.275202
36000000	56000000	3483.782630
37000000	56000000	5542.850059
38000000	56000000	4532.187211
39000000	56000000	5293.746957
40000000	56000000	5655.572046
41000000	56000000	5826.454647
42000000	56000000	5411.372830
43000000	56000000	4974.386467
44000000	56000000	4586.939108
45000000	56000000	4574.781758
46000000	56000000	3868.025721
47000000	56000000	3880.848343
48000000	56000000	6000.549983
49000000	56000000	10508.458547
50000000	56000000	10940.418558
51000000	56000000	8492.221762
52000000	56000000	9834.624715
53000000	56000000	8736.270328
54000000	56000000	12786.504548
55000000	56000000	94877.277833
56000000	56000000	330898.598166
0	57000000	2913.378846
1000000	57000000	2527.295497
2000000	57000000	2355.202933
3000000	57000000	2519.351094
4000000	57000000	2832.474493
5000000	57000000	2689.129950
6000000	57000000	1721.806751
7000000	57000000	1249.797300
8000000	57000000	1663.456508
9000000	57000000	1608.374215
10000000	57000000	1721.857959
11000000	57000000	1309.470304
12000000	57000000	1158.449672
13000000	57000000	1936.663621
14000000	57000000	1368.708991
15000000	57000000	1478.019032
16000000	57000000	1764.946200
17000000	57000000	2800.694635
18000000	57000000	2903.557746
19000000	57000000	2995.429980
20000000	57000000	3234.828415
21000000	57000000	2993.702815
22000000	57000000	3047.946181
23000000	57000000	4753.528408
24000000	57000000	5124.354876
25000000	57000000	4385.163749
26000000	57000000	1021.552310
29000000	57000000	3572.798900
30000000	57000000	6447.807749
31000000	57000000	4516.206742
32000000	57000000	2651.083030
33000000	57000000	2025.679735
34000000	57000000	2205.764405
35000000	57000000	2377.477557
36000000	57000000	3519.077366
37000000	57000000	5720.259818
38000000	57000000	4608.973849
39000000	57000000	5383.652674
40000000	57000000	5969.591801
41000000	57000000	6400.414969
42000000	57000000	5607.718976
43000000	57000000	5104.125661
44000000	57000000	4806.401354
45000000	57000000	4731.743740
46000000	57000000	3641.897626
47000000	57000000	3639.676856
48000000	57000000	5349.302187
49000000	57000000	9158.590929
50000000	57000000	9724.029791
51000000	57000000	7786.636734
52000000	57000000	7954.279526
53000000	57000000	7630.745472
54000000	57000000	10348.971527
55000000	57000000	35831.838714
56000000	57000000	102441.467822
57000000	57000000	346134.598232
0	58000000	2403.818777
1000000	58000000	1913.323092
2000000	58000000	1734.761897
3000000	58000000	1504.950313
4000000	58000000	2360.814051
5000000	58000000	1956.278087
6000000	58000000	2549.585544
7000000	58000000	2419.409522
8000000	58000000	2378.571346
9000000	58000000	2439.130003
10000000	58000000	2128.623274
11000000	58000000	2146.945655
12000000	58000000	3110.356562
13000000	58000000	2611.301589
14000000	58000000	1944.830007
15000000	58000000	1985.428717
16000000	58000000	2775.087919
17000000	58000000	3075.378798
18000000	58000000	2794.912514
19000000	58000000	3611.929085
20000000	58000000	3558.239989
21000000	58000000	4785.702487
22000000	58000000	5891.986196
23000000	58000000	6149.072157
24000000	58000000	7328.310816
25000000	58000000	5333.165186
26000000	58000000	4018.334178
29000000	58000000	9849.659787
30000000	58000000	5064.549682
31000000	58000000	3122.850742
32000000	58000000	1493.045725
33000000	58000000	1152.625051
34000000	58000000	1247.030847
35000000	58000000	1226.534512
36000000	58000000	2220.693388
37000000	58000000	4657.947418
38000000	58000000	6421.613630
39000000	58000000	5552.158058
40000000	58000000	7481.829679
41000000	58000000	9767.164724
42000000	58000000	4306.781726
43000000	58000000	3426.346981
44000000	58000000	3449.050541
45000000	58000000	3946.156023
46000000	58000000	2938.211421
47000000	58000000	2049.733535
48000000	58000000	2809.676102
49000000	58000000	6672.712349
50000000	58000000	10454.291631
51000000	58000000	10275.047306
52000000	58000000	6847.974903
53000000	58000000	12430.439909
54000000	58000000	17303.313711
55000000	58000000	26704.527684
56000000	58000000	26876.006699
57000000	58000000	61709.731357
58000000	58000000	298310.443027
0	59000000	1556.829420
1000000	59000000	1033.324796
2000000	59000000	989.265561
3000000	59000000	712.039599
4000000	59000000	1400.280478
5000000	59000000	993.367564
6000000	59000000	2424.160177
7000000	59000000	2751.978193
8000000	59000000	1788.662134
9000000	59000000	2053.410170
10000000	59000000	1505.035954
11000000	59000000	2551.348075
12000000	59000000	5069.286573
13000000	59000000	1756.593147
14000000	59000000	1511.530845
15000000	59000000	1532.527883
16000000	59000000	2177.047668
17000000	59000000	2082.969123
18000000	59000000	1609.008385
19000000	59000000	2420.100535
20000000	59000000	1910.767192
21000000	59000000	4303.827977
22000000	59000000	5639.127768
23000000	59000000	4164.587414
24000000	59000000	5450.136866
25000000	59000000	3920.261726
26000000	59000000	7044.212894
29000000	59000000	15756.391707
30000000	59000000	2457.231003
31000000	59000000	1605.524245
32000000	59000000	695.022464
33000000	59000000	614.344461
34000000	59000000	690.167296
35000000	59000000	636.362579
36000000	59000000	1158.059777
37000000	59000000	2425.131505
38000000	59000000	5272.447522
39000000	59000000	3366.644648
40000000	59000000	5571.043434
41000000	59000000	9009.047405
42000000	59000000	2144.723998
43000000	59000000	1818.149797
44000000	59000000	2008.912363
45000000	59000000	2596.022526
46000000	59000000	1970.126738
47000000	59000000	1170.937301
48000000	59000000	1370.808848
49000000	59000000	3204.281762
50000000	59000000	6640.716753
51000000	59000000	8596.627683
52000000	59000000	3858.328270
53000000	59000000	14503.821892
54000000	59000000	22210.074781
55000000	59000000	12725.691280
56000000	59000000	8656.485404
57000000	59000000	12253.110333
58000000	59000000	87720.133362
59000000	59000000	384469.367512
0	60000000	3677.327887
1000000	60000000	2599.507622
2000000	60000000	2528.810877
3000000	60000000	2476.369982
4000000	60000000	2321.210630
5000000	60000000	2287.437958
6000000	60000000	1866.130070
7000000	60000000	1628.028340
8000000	60000000	1545.617301
9000000	60000000	1610.118060
10000000	60000000	1715.528899
11000000	60000000	1787.448406
12000000	60000000	2312.206402
13000000	60000000	2029.307825
14000000	60000000	1422.395680
15000000	60000000	1527.408666
16000000	60000000	2059.245206
17000000	60000000	2815.586410
18000000	60000000	2875.038349
19000000	60000000	2931.768194
20000000	60000000	3148.591776
21000000	60000000	3720.762721
22000000	60000000	3981.685170
23000000	60000000	5124.370551
24000000	60000000	5852.525388
25000000	60000000	6283.054689
26000000	60000000	3582.227532
29000000	60000000	9125.036774
30000000	60000000	7110.100073
31000000	60000000	4023.274332
32000000	60000000	2444.170000
33000000	60000000	1960.313411
34000000	60000000	2046.337845
35000000	60000000	2311.274793
36000000	60000000	2923.857186
37000000	60000000	4643.752573
38000000	60000000	4616.608992
39000000	60000000	4843.447796
40000000	60000000	5851.013660
41000000	60000000	6749.775815
42000000	60000000	5073.950002
43000000	60000000	4101.081359
44000000	60000000	4411.954876
45000000	60000000	3940.862750
46000000	60000000	2934.787567
47000000	60000000	2799.373758
48000000	60000000	3806.259171
49000000	60000000	6258.419501
50000000	60000000	7183.912800
51000000	60000000	6501.133763
52000000	60000000	5517.401396
53000000	60000000	7861.421860
54000000	60000000	11864.065854
55000000	60000000	14070.187455
56000000	60000000	13500.561462
57000000	60000000	18394.999249
58000000	60000000	53039.287199
59000000	60000000	92129.783410
60000000	60000000	324751.601636
0	61000000	6918.741479
1000000	61000000	4790.296006
2000000	61000000	4695.943396
3000000	61000000	4233.653123
4000000	61000000	2740.111789
5000000	61000000	2312.660202
6000000	61000000	871.245114
7000000	61000000	580.058562
8000000	61000000	778.168345
9000000	61000000	783.998679
10000000	61000000	983.286580
11000000	61000000	726.303037
12000000	61000000	487.137884
13000000	61000000	1115.507767
14000000	61000000	732.493719
15000000	61000000	814.159907
16000000	61000000	929.792791
17000000	61000000	1930.296159
18000000	61000000	2204.420024
19000000	61000000	1871.902555
20000000	61000000	2143.882309
21000000	61000000	1656.004521
22000000	61000000	1321.119956
23000000	61000000	2402.067268
24000000	61000000	2305.414475
25000000	61000000	2882.258498
26000000	61000000	504.554200
29000000	61000000	1269.976456
30000000	61000000	6330.103056
31000000	61000000	6483.116572
32000000	61000000	4739.674877
33000000	61000000	4025.855122
34000000	61000000	4622.424263
35000000	61000000	4703.459486
36000000	61000000	5042.258943
37000000	61000000	4532.577404
38000000	61000000	2430.685155
39000000	61000000	3470.245870
40000000	61000000	3324.207262
41000000	61000000	2896.353414
42000000	61000000	5220.514782
43000000	61000000	5849.848069
44000000	61000000	6735.320676
45000000	61000000	5312.596271
46000000	61000000	4660.422250
47000000	61000000	5173.142250
48000000	61000000	6796.298847
49000000	61000000	6365.242971
50000000	61000000	4130.561731
51000000	61000000	2879.585886
52000000	61000000	3746.022192
53000000	61000000	2304.872350
54000000	61000000	2852.486804
55000000	61000000	6606.823873
56000000	61000000	9562.646103
57000000	61000000	11791.593921
58000000	61000000	11305.861462
59000000	61000000	7862.458670
60000000	61000000	64850.818215
61000000	61000000	426519.443200
0	62000000	10207.455618
1000000	62000000	4892.754083
2000000	62000000	4541.187705
3000000	62000000	3712.948259
4000000	62000000	1906.818874
5000000	62000000	1722.583336
6000000	62000000	566.421496
7000000	62000000	467.435116
8000000	62000000	492.580433
9000000	62000000	486.043614
10000000	62000000	677.273458
11000000	62000000	505.730074
12000000	62000000	323.852599
13000000	62000000	660.257291
14000000	62000000	551.513764
15000000	62000000	616.483534
16000000	62000000	629.520982
17000000	62000000	1206.203637
18000000	62000000	1406.954002
19000000	62000000	1037.102567
20000000	62000000	1279.168663
21000000	62000000	952.773143
22000000	62000000	731.232632
23000000	62000000	1299.156428
24000000	62000000	1174.156353
25000000	62000000	1601.818211
26000000	62000000	415.828454
29000000	62000000	718.198035
30000000	62000000	3864.905188
31000000	62000000	4153.849496
32000000	62000000	4068.894220
33000000	62000000	3871.597336
34000000	62000000	4325.421907
35000000	62000000	4371.115132
36000000	62000000	3683.945434
37000000	62000000	2943.534123
38000000	62000000	1456.875306
39000000	62000000	2299.158267
40000000	62000000	1895.838070
41000000	62000000	1658.872556
42000000	62000000	3460.401689
43000000	62000000	4303.745698
44000000	62000000	5470.163787
45000000	62000000	4144.095238
46000000	62000000	3875.869592
47000000	62000000	4438.191589
48000000	62000000	5238.021387
49000000	62000000	4030.129245
50000000	62000000	2467.524638
51000000	62000000	1831.013577
52000000	62000000	2766.271252
53000000	62000000	1719.803466
54000000	62000000	2049.516446
55000000	62000000	3524.453846
56000000	62000000	5246.945156
57000000	62000000	6032.844531
58000000	62000000	4808.559514
59000000	62000000	4032.539872
60000000	62000000	14201.701967
61000000	62000000	93439.237977
62000000	62000000	541093.734684
