0  1000000  476719.194 9.718470e+03  1.685591e+04  2345.855 5.448777e+02  5.600294e+02  760.574 1.340121e+03  8.221364e+02  1274.925 1.324876e+03  1.319474e+03  1091.464 7.156065e+02  6.013091e+02  517.650 6.849673e+02  1.258658e+03  1100.048 3.476833e+02  9.561814e+02  741.144 3.694823e+02  2.676852e+02  162.848 2.362341e+02  1.827890e+02  195.538 5.281182e+02  6.546516e+02  1576.201 9.240172e+02  1.165043e+02  128.689 1.386372e+02  2.167070e+02  243.586 1.874706e+02  
1000000  2000000  9718.470 3.825913e+05  6.370918e+04  11077.878 2.673091e+03  1.855469e+03  3060.743 4.293771e+03  2.677485e+03  4745.712 4.351847e+03  3.782064e+03  3899.402 2.480566e+03  1.607273e+03  626.743 1.270860e+03  3.309323e+03  3169.874 7.046738e+02  2.066657e+03  1595.221 8.912583e+02  2.940900e+02  410.929 4.874772e+02  3.336694e+02  414.944 1.057498e+03  7.515578e+02  4297.274 1.874712e+03  2.696363e+02  194.255 2.214389e+02  3.731080e+02  398.332 1.924961e+02  
2000000  3000000  16855.915 6.370918e+04  3.844326e+05  9004.223 1.983412e+03  1.457468e+03  2676.903 3.607287e+03  2.245214e+03  4167.064 4.221771e+03  3.435682e+03  3290.755 2.352271e+03  1.290257e+03  650.903 1.037786e+03  3.169887e+03  2789.154 8.228386e+02  2.106680e+03  1413.982 6.795561e+02  3.418956e+02  427.244 4.817110e+02  3.096465e+02  373.121 7.978708e+02  8.418892e+02  3480.010 1.658512e+03  2.181023e+02  236.686 2.031896e+02  3.306319e+02  392.005 2.370487e+02  
3000000  4000000  2345.855 1.107788e+04  9.004223e+03  333804.323 3.094309e+04  1.090479e+04  15373.516 1.410574e+04  7.550542e+03  8373.496 7.767913e+03  6.620561e+03  6753.883 5.135162e+03  3.763087e+03  1799.216 3.290267e+03  6.521443e+03  6396.052 1.974728e+03  5.556511e+03  3767.914 1.918248e+03  5.982916e+02  809.306 1.005489e+03  7.547309e+02  1048.891 2.420971e+03  1.989015e+03  7534.751 3.881638e+03  6.082051e+02  378.339 3.544045e+02  4.821508e+02  864.279 2.514045e+02  
4000000  5000000  544.878 2.673091e+03  1.983412e+03  30943.092 2.313812e+05  1.069213e+05  32931.307 1.320533e+04  1.039784e+04  4657.061 3.849075e+03  3.549273e+03  3143.284 3.563253e+03  3.934640e+03  6307.016 5.452463e+03  3.267607e+03  3350.955 6.371636e+03  4.376541e+03  4707.602 4.110251e+03  2.546136e+03  2514.435 2.197284e+03  2.279234e+03  3057.580 3.471448e+03  4.599446e+03  3412.525 3.605669e+03  2.185174e+03  1129.778 1.096679e+03  1.286909e+03  1653.188 1.072591e+03  
5000000  6000000  560.029 1.855469e+03  1.457468e+03  10904.787 1.069213e+05  2.335784e+05  54071.320 1.548733e+04  1.034082e+04  4491.419 3.814879e+03  3.505325e+03  3244.596 3.775945e+03  4.454022e+03  5876.164 5.179274e+03  3.167962e+03  3426.329 5.648086e+03  4.387741e+03  4379.704 3.894400e+03  2.397402e+03  2431.370 2.305191e+03  2.307941e+03  2808.365 3.390342e+03  3.945989e+03  2763.468 3.262588e+03  2.043557e+03  1145.118 9.385329e+02  1.177188e+03  1475.995 9.145265e+02  
6000000  7000000  760.574 3.060743e+03  2.676903e+03  15373.516 3.293131e+04  5.407132e+04  222974.293 5.575944e+04  1.746449e+04  10238.687 8.214101e+03  7.278131e+03  6761.529 6.709107e+03  6.497381e+03  5282.235 6.215860e+03  6.374023e+03  6267.530 5.413362e+03  6.579904e+03  4964.848 3.714086e+03  1.809838e+03  1853.188 1.928191e+03  1.757081e+03  2218.505 3.501909e+03  3.859168e+03  5007.866 3.904626e+03  1.362520e+03  845.941 7.483393e+02  1.051317e+03  1395.108 9.032842e+02  
7000000  8000000  1340.121 4.293771e+03  3.607287e+03  14105.736 1.320533e+04  1.548733e+04  55759.443 2.100780e+05  5.150532e+04  19405.436 1.461014e+04  1.153217e+04  10319.914 8.977567e+03  7.859664e+03  5591.120 7.405191e+03  8.627754e+03  8405.086 5.111772e+03  7.572133e+03  5738.728 3.638818e+03  1.541286e+03  1597.337 1.866333e+03  1.607739e+03  1794.484 3.785320e+03  3.732379e+03  7142.755 4.720120e+03  1.154715e+03  677.711 6.409200e+02  9.988991e+02  1371.995 9.204413e+02  
8000000  9000000  822.136 2.677485e+03  2.245214e+03  7550.542 1.039784e+04  1.034082e+04  17464.491 5.150532e+04  2.045688e+05  44124.284 2.558474e+04  1.920552e+04  14285.651 1.373276e+04  1.167031e+04  11402.274 8.826780e+03  7.571165e+03  7177.124 6.524309e+03  6.649202e+03  5579.228 3.966298e+03  1.994001e+03  2047.432 2.042207e+03  1.917580e+03  2379.499 3.570178e+03  4.215931e+03  5118.560 3.952095e+03  1.528549e+03  852.803 7.783996e+02  1.123667e+03  1461.985 8.750733e+02  
9000000  10000000  1274.925 4.745712e+03  4.167064e+03  8373.496 4.657061e+03  4.491419e+03  10238.687 1.940544e+04  4.412428e+04  210316.758 7.134960e+04  3.185850e+04  19513.294 1.525830e+04  1.007539e+04  5804.454 6.080085e+03  9.096422e+03  8112.361 3.230090e+03  6.034804e+03  4177.746 2.230130e+03  9.601125e+02  1149.190 1.234254e+03  1.019096e+03  1106.749 2.391156e+03  2.176395e+03  6167.742 3.270307e+03  6.874008e+02  477.824 4.252446e+02  6.027896e+02  949.062 4.969417e+02  
10000000  11000000  1324.876 4.351847e+03  4.221771e+03  7767.913 3.849075e+03  3.814879e+03  8214.101 1.461014e+04  2.558474e+04  71349.604 2.076188e+05  5.433310e+04  25318.569 1.766074e+04  1.096329e+04  5761.540 6.122914e+03  9.485207e+03  8325.519 2.936102e+03  6.083416e+03  3923.348 2.174652e+03  9.167365e+02  1066.212 1.178576e+03  1.021106e+03  1107.020 2.280272e+03  2.118540e+03  5830.760 3.052132e+03  6.034481e+02  424.082 3.913881e+02  6.105409e+02  825.409 5.078906e+02  
11000000  12000000  1319.474 3.782064e+03  3.435682e+03  6620.561 3.549273e+03  3.505325e+03  7278.131 1.153217e+04  1.920552e+04  31858.501 5.433310e+04  1.865959e+05  63330.543 3.548160e+04  1.962756e+04  9631.287 8.320936e+03  1.097938e+04  9222.089 3.377721e+03  6.364367e+03  4055.959 2.289301e+03  9.711222e+02  1097.962 1.248327e+03  1.086744e+03  1190.173 2.329935e+03  2.112557e+03  5509.271 2.952417e+03  6.366939e+02  489.161 4.231015e+02  6.345983e+02  844.784 5.070414e+02  
12000000  13000000  1091.464 3.899402e+03  3.290755e+03  6753.883 3.143284e+03  3.244596e+03  6761.529 1.031991e+04  1.428565e+04  19513.294 2.531857e+04  6.333054e+04  206889.021 5.507456e+04  2.382438e+04  10755.339 9.401634e+03  1.198269e+04  9877.869 3.517827e+03  6.366823e+03  4046.893 2.325464e+03  1.062000e+03  1177.333 1.326578e+03  1.113366e+03  1135.476 2.450441e+03  2.134793e+03  5698.109 2.984154e+03  6.252669e+02  547.946 4.121215e+02  6.462162e+02  882.235 5.188533e+02  
13000000  14000000  715.606 2.480566e+03  2.352271e+03  5135.162 3.563253e+03  3.775945e+03  6709.107 8.977567e+03  1.373276e+04  15258.297 1.766074e+04  3.548160e+04  55074.565 1.976160e+05  6.067389e+04  20807.093 1.309981e+04  1.195144e+04  10002.651 4.726848e+03  7.082471e+03  4353.653 2.615252e+03  1.241454e+03  1397.986 1.557543e+03  1.267258e+03  1441.505 2.642023e+03  2.373321e+03  4730.379 2.937380e+03  8.521229e+02  610.366 4.917626e+02  7.759571e+02  917.363 6.473887e+02  
14000000  15000000  601.309 1.607273e+03  1.290257e+03  3763.087 3.934640e+03  4.454022e+03  6497.381 7.859664e+03  1.167031e+04  10075.389 1.096329e+04  1.962756e+04  23824.380 6.067389e+04  2.137656e+05  52854.874 2.162901e+04  1.229485e+04  9920.342 6.517886e+03  8.030928e+03  5057.896 3.261980e+03  1.577935e+03  1772.560 2.070709e+03  1.763885e+03  1822.929 3.411511e+03  3.025934e+03  3795.791 2.996766e+03  1.091063e+03  795.682 6.132850e+02  9.336079e+02  1132.949 7.499063e+02  
15000000  16000000  517.650 6.267428e+02  6.509029e+02  1799.216 6.307016e+03  5.876164e+03  5282.235 5.591120e+03  1.140227e+04  5804.454 5.761540e+03  9.631287e+03  10755.339 2.080709e+04  5.285487e+04  254315.014 4.836530e+04  8.864632e+03  6684.912 1.261032e+04  5.613269e+03  5572.900 4.572017e+03  3.650703e+03  3346.392 2.647170e+03  2.794863e+03  3376.041 3.410318e+03  3.915756e+03  2225.223 2.963582e+03  2.592104e+03  1425.876 1.326317e+03  1.341541e+03  1546.513 9.016316e+02  
16000000  17000000  684.967 1.270860e+03  1.037786e+03  3290.267 5.452463e+03  5.179274e+03  6215.860 7.405191e+03  8.826780e+03  6080.085 6.122914e+03  8.320936e+03  9401.634 1.309981e+04  2.162901e+04  48365.296 2.235459e+05  4.062375e+04  20728.401 2.119493e+04  1.095745e+04  7684.926 6.446330e+03  3.451523e+03  2972.841 3.054081e+03  2.971423e+03  3446.999 4.461895e+03  5.334053e+03  4707.394 4.524958e+03  2.279718e+03  1326.324 1.129605e+03  1.527751e+03  1866.340 1.110592e+03  
17000000  18000000  1258.658 3.309323e+03  3.169887e+03  6521.443 3.267607e+03  3.167962e+03  6374.023 8.627754e+03  7.571165e+03  9096.422 9.485207e+03  1.097938e+04  11982.685 1.195144e+04  1.229485e+04  8864.632 4.062375e+04  2.089756e+05  74884.921 2.138556e+04  1.659440e+04  8722.557 4.463853e+03  1.593177e+03  1573.573 1.862015e+03  1.507068e+03  1523.296 3.686881e+03  3.457726e+03  8863.122 4.873897e+03  9.781044e+02  760.467 6.175758e+02  9.604846e+02  1216.781 6.830718e+02  
18000000  19000000  1100.048 3.169874e+03  2.789154e+03  6396.052 3.350955e+03  3.426329e+03  6267.530 8.405086e+03  7.177124e+03  8112.361 8.325519e+03  9.222089e+03  9877.869 1.000265e+04  9.920342e+03  6684.912 2.072840e+04  7.488492e+04  220045.070 3.536092e+04  2.133066e+04  9895.669 5.094310e+03  1.790408e+03  1868.463 2.108446e+03  1.669766e+03  1811.051 4.067566e+03  3.661705e+03  8801.791 5.015774e+03  9.800958e+02  744.523 6.901825e+02  9.830537e+02  1315.935 6.536675e+02  
19000000  20000000  347.683 7.046738e+02  8.228386e+02  1974.728 6.371636e+03  5.648086e+03  5413.362 5.111772e+03  6.524309e+03  3230.090 2.936102e+03  3.377721e+03  3517.827 4.726848e+03  6.517886e+03  12610.323 2.119493e+04  2.138556e+04  35360.918 2.403890e+05  4.616883e+04  18474.510 1.301353e+04  7.711437e+03  5265.200 4.128427e+03  4.688953e+03  5679.444 5.275546e+03  7.395059e+03  3642.010 4.932813e+03  3.615115e+03  1949.870 1.825576e+03  1.913769e+03  2459.729 1.424141e+03  
20000000  21000000  956.181 2.066657e+03  2.106680e+03  5556.511 4.376541e+03  4.387741e+03  6579.904 7.572133e+03  6.649202e+03  6034.804 6.083416e+03  6.364367e+03  6366.823 7.082471e+03  8.030928e+03  5613.269 1.095745e+04  1.659440e+04  21330.659 4.616883e+04  2.213900e+05  56108.083 1.534837e+04  4.011075e+03  3552.723 4.143763e+03  3.371460e+03  3153.128 6.818322e+03  5.825347e+03  8975.613 6.046532e+03  1.678301e+03  1203.904 9.183802e+02  1.490366e+03  1915.758 9.002022e+02  
21000000  22000000  741.144 1.595221e+03  1.413982e+03  3767.914 4.707602e+03  4.379704e+03  4964.848 5.738728e+03  5.579228e+03  4177.746 3.923348e+03  4.055959e+03  4046.893 4.353653e+03  5.057896e+03  5572.900 7.684926e+03  8.722557e+03  9895.669 1.847451e+04  5.610808e+04  244615.305 4.853608e+04  9.058420e+03  6159.523 5.427925e+03  4.875632e+03  5020.311 7.358992e+03  7.359058e+03  7271.707 6.205518e+03  2.734160e+03  1618.292 1.291117e+03  1.769339e+03  2266.650 1.199720e+03  
22000000  23000000  369.482 8.912583e+02  6.795561e+02  1918.248 4.110251e+03  3.894400e+03  3714.086 3.638818e+03  3.966298e+03  2230.130 2.174652e+03  2.289301e+03  2325.464 2.615252e+03  3.261980e+03  4572.017 6.446330e+03  4.463853e+03  5094.310 1.301353e+04  1.534837e+04  48536.077 2.504425e+05  4.719501e+04  15144.271 1.027594e+04  9.734554e+03  9259.759 9.522688e+03  1.036655e+04  5192.205 7.245598e+03  4.418695e+03  2975.411 2.107103e+03  3.024317e+03  3609.912 1.662096e+03  
23000000  24000000  267.685 2.940900e+02  3.418956e+02  598.292 2.546136e+03  2.397402e+03  1809.838 1.541286e+03  1.994001e+03  960.112 9.167365e+02  9.711222e+02  1062.000 1.241454e+03  1.577935e+03  3650.703 3.451523e+03  1.593177e+03  1790.408 7.711437e+03  4.011075e+03  9058.420 4.719501e+04  3.106947e+05  43191.436 1.312303e+04  1.291196e+04  10916.419 5.879029e+03  6.480276e+03  1987.346 4.094577e+03  5.799222e+03  4222.183 3.628522e+03  3.109293e+03  3207.671 1.502918e+03  
24000000  25000000  162.848 4.109289e+02  4.272441e+02  809.306 2.514435e+03  2.431370e+03  1853.188 1.597337e+03  2.047432e+03  1149.190 1.066212e+03  1.097962e+03  1177.333 1.397986e+03  1.772560e+03  3346.392 2.972841e+03  1.573573e+03  1868.463 5.265200e+03  3.552723e+03  6159.523 1.514427e+04  4.319144e+04  285220.057 5.613367e+04  2.879123e+04  13978.248 7.568641e+03  6.532510e+03  2426.771 4.183377e+03  4.912559e+03  3961.074 3.080297e+03  3.171101e+03  3098.649 1.682353e+03  
25000000  26000000  236.234 4.874772e+02  4.817110e+02  1005.489 2.197284e+03  2.305191e+03  1928.191 1.866333e+03  2.042207e+03  1234.254 1.178576e+03  1.248327e+03  1326.578 1.557543e+03  2.070709e+03  2647.170 3.054081e+03  1.862015e+03  2108.446 4.128427e+03  4.143763e+03  5427.925 1.027594e+04  1.312303e+04  56133.670 2.665628e+05  7.825956e+04  16098.751 1.089961e+04  7.324047e+03  3381.895 4.695962e+03  4.210374e+03  3196.373 2.225621e+03  2.822113e+03  2710.431 1.272185e+03  
26000000  27000000  182.789 3.336694e+02  3.096465e+02  754.731 2.279234e+03  2.307941e+03  1757.081 1.607739e+03  1.917580e+03  1019.096 1.021106e+03  1.086744e+03  1113.366 1.267258e+03  1.763885e+03  2794.863 2.971423e+03  1.507068e+03  1669.766 4.688953e+03  3.371460e+03  4875.632 9.734554e+03  1.291196e+04  28791.233 7.825956e+04  2.396089e+05  64177.783 1.464956e+04  9.442071e+03  3153.075 5.289910e+03  5.510004e+03  4073.275 3.072721e+03  3.303732e+03  3416.883 1.734052e+03  
27000000  28000000  195.538 4.149442e+02  3.731215e+02  1048.891 3.057580e+03  2.808365e+03  2218.505 1.794484e+03  2.379499e+03  1106.749 1.107020e+03  1.190173e+03  1135.476 1.441505e+03  1.822929e+03  3376.041 3.446999e+03  1.523296e+03  1811.051 5.679444e+03  3.153128e+03  5020.311 9.259759e+03  1.091642e+04  13978.248 1.609875e+04  6.417778e+04  265211.898 4.766693e+04  1.784074e+04  3899.527 6.975163e+03  7.603754e+03  4960.907 3.559863e+03  3.622721e+03  3771.208 2.081556e+03  
28000000  29000000  528.118 1.057498e+03  7.978708e+02  2420.971 3.471448e+03  3.390342e+03  3501.909 3.785320e+03  3.570178e+03  2391.156 2.280272e+03  2.329935e+03  2450.441 2.642023e+03  3.411511e+03  3410.318 4.461895e+03  3.686881e+03  4067.566 5.275546e+03  6.818322e+03  7358.992 9.522688e+03  5.879029e+03  7568.641 1.089961e+04  1.464956e+04  47666.925 2.495769e+05  5.653950e+04  15970.520 1.420492e+04  6.554412e+03  3493.693 2.441668e+03  3.725634e+03  4131.447 1.796561e+03  
29000000  30000000  654.652 7.515578e+02  8.418892e+02  1989.015 4.599446e+03  3.945989e+03  3859.168 3.732379e+03  4.215931e+03  2176.395 2.118540e+03  2.112557e+03  2134.793 2.373321e+03  3.025934e+03  3915.756 5.334053e+03  3.457726e+03  3661.705 7.395059e+03  5.825347e+03  7359.058 1.036655e+04  6.480276e+03  6532.510 7.324047e+03  9.442071e+03  17840.744 5.653950e+04  2.406316e+05  38449.055 2.658019e+04  1.031181e+04  4766.911 3.517026e+03  4.879200e+03  5641.606 2.946806e+03  
30000000  31000000  1576.201 4.297274e+03  3.480010e+03  7534.751 3.412525e+03  2.763468e+03  5007.866 7.142755e+03  5.118560e+03  6167.742 5.830760e+03  5.509271e+03  5698.109 4.730379e+03  3.795791e+03  2225.223 4.707394e+03  8.863122e+03  8801.791 3.642010e+03  8.975613e+03  7271.707 5.192205e+03  1.987346e+03  2426.771 3.381895e+03  3.153075e+03  3899.527 1.597052e+04  3.844906e+04  253162.641 6.499164e+04  5.387931e+03  2775.735 1.988446e+03  3.087618e+03  3732.601 1.590914e+03  
31000000  32000000  924.017 1.874712e+03  1.658512e+03  3881.638 3.605669e+03  3.262588e+03  3904.626 4.720120e+03  3.952095e+03  3270.307 3.052132e+03  2.952417e+03  2984.154 2.937380e+03  2.996766e+03  2963.582 4.524958e+03  4.873897e+03  5015.774 4.932813e+03  6.046532e+03  6205.518 7.245598e+03  4.094577e+03  4183.377 4.695962e+03  5.289910e+03  6975.163 1.420492e+04  2.658019e+04  64991.639 2.276740e+05  4.916243e+04  9691.563 5.361812e+03  7.038366e+03  6834.615 3.166017e+03  
32000000  33000000  116.504 2.696363e+02  2.181023e+02  608.205 2.185174e+03  2.043557e+03  1362.520 1.154715e+03  1.528549e+03  687.401 6.034481e+02  6.366939e+02  625.267 8.521229e+02  1.091063e+03  2592.104 2.279718e+03  9.781044e+02  980.096 3.615115e+03  1.678301e+03  2734.160 4.418695e+03  5.799222e+03  4912.559 4.210374e+03  5.510004e+03  7603.754 6.554412e+03  1.031181e+04  5387.931 4.916243e+04  3.008571e+05  57976.211 1.667037e+04  9.578776e+03  6810.733 3.125555e+03  
33000000  34000000  128.689 1.942546e+02  2.366855e+02  378.339 1.129778e+03  1.145118e+03  845.941 6.777112e+02  8.528032e+02  477.824 4.240824e+02  4.891611e+02  547.946 6.103659e+02  7.956818e+02  1425.876 1.326324e+03  7.604667e+02  744.523 1.949870e+03  1.203904e+03  1618.292 2.975411e+03  4.222183e+03  3961.074 3.196373e+03  4.073275e+03  4960.907 3.493693e+03  4.766911e+03  2775.735 9.691563e+03  5.797621e+04  309668.941 6.848193e+04  1.647145e+04  9247.682 3.803407e+03  
34000000  35000000  138.637 2.214389e+02  2.031896e+02  354.405 1.096679e+03  9.385329e+02  748.339 6.409200e+02  7.783996e+02  425.245 3.913881e+02  4.231015e+02  412.121 4.917626e+02  6.132850e+02  1326.317 1.129605e+03  6.175758e+02  690.182 1.825576e+03  9.183802e+02  1291.117 2.107103e+03  3.628522e+03  3080.297 2.225621e+03  3.072721e+03  3559.863 2.441668e+03  3.517026e+03  1988.446 5.361812e+03  1.667037e+04  68481.929 2.996541e+05  6.943877e+04  19946.000 6.879925e+03  
35000000  36000000  216.707 3.731080e+02  3.306319e+02  482.151 1.286909e+03  1.177188e+03  1051.317 9.988991e+02  1.123667e+03  602.790 6.105409e+02  6.345983e+02  646.216 7.759571e+02  9.336079e+02  1341.541 1.527751e+03  9.604846e+02  983.054 1.913769e+03  1.490366e+03  1769.339 3.024317e+03  3.109293e+03  3171.101 2.822113e+03  3.303732e+03  3622.721 3.725634e+03  4.879200e+03  3087.618 7.038366e+03  9.578776e+03  16471.455 6.943877e+04  2.850767e+05  75812.555 1.233731e+04  
36000000  37000000  243.586 3.983322e+02  3.920050e+02  864.279 1.653188e+03  1.475995e+03  1395.108 1.371995e+03  1.461985e+03  949.062 8.254093e+02  8.447842e+02  882.235 9.173630e+02  1.132949e+03  1546.513 1.866340e+03  1.216781e+03  1315.935 2.459729e+03  1.915758e+03  2266.650 3.609912e+03  3.207671e+03  3098.649 2.710431e+03  3.416883e+03  3771.208 4.131447e+03  5.641606e+03  3732.601 6.834615e+03  6.810733e+03  9247.682 1.994600e+04  7.581256e+04  254894.501 9.346773e+04  
37000000  38000000  187.471 1.924961e+02  2.370487e+02  251.404 1.072591e+03  9.145265e+02  903.284 9.204413e+02  8.750733e+02  496.942 5.078906e+02  5.070414e+02  518.853 6.473887e+02  7.499063e+02  901.632 1.110592e+03  6.830718e+02  653.667 1.424141e+03  9.002022e+02  1199.720 1.662096e+03  1.502918e+03  1682.353 1.272185e+03  1.734052e+03  2081.556 1.796561e+03  2.946806e+03  1590.914 3.166017e+03  3.125555e+03  3803.407 6.879925e+03  1.233731e+04  93467.731 3.728254e+05  
