0  1000000  709165.276 4.214517e+04  5.162059e+03  2824.351 1.355587e+03  9.527864e+02  898.462 1.076409e+03  7.635678e+02  2393.790 2.261230e+03  4.905203e+03  3220.910 1.011402e+03  6.225837e+02  807.786 8.427754e+02  2.666896e+03  5328.384 2.434676e+03  7.313702e+02  407.956 2.928086e+02  3.147865e+02  179.556 3.033099e+02  3.388048e+02  510.656 9.307140e+02  1.184212e+03  834.859 4.146948e+03  7.164688e+03  9118.083 1.386389e+03  9.756355e+02  
1000000  2000000  42145.175 4.953100e+05  1.014802e+05  12992.527 6.343878e+03  5.069582e+03  4043.160 3.912096e+03  5.006723e+03  8447.243 8.527920e+03  9.365475e+03  8754.680 5.973447e+03  3.780220e+03  4216.066 7.070357e+03  8.623511e+03  7106.221 7.630545e+03  4.658451e+03  2479.053 1.469650e+03  1.264508e+03  1224.064 1.125660e+03  1.367216e+03  2810.028 4.189283e+03  4.711001e+03  5622.973 9.226393e+03  7.956029e+03  7000.173 5.762078e+03  2.994501e+03  
2000000  3000000  5162.059 1.014802e+05  4.779287e+05  52104.721 1.451405e+04  9.393342e+03  7051.839 6.455025e+03  8.652039e+03  9329.687 8.827839e+03  6.651534e+03  6489.400 7.810607e+03  5.738784e+03  6188.416 7.390641e+03  6.087394e+03  3912.605 6.191993e+03  5.765096e+03  3905.169 2.488150e+03  2.063088e+03  1926.111 1.834675e+03  2.364994e+03  4173.152 4.555159e+03  5.286337e+03  6736.210 6.013147e+03  3.338669e+03  2927.343 5.905327e+03  3.016615e+03  
3000000  4000000  2824.351 1.299253e+04  5.210472e+04  431699.072 9.891475e+04  2.795942e+04  13737.595 1.229782e+04  1.447898e+04  13038.553 9.342530e+03  6.914133e+03  6910.565 7.883570e+03  8.134603e+03  7918.305 7.720350e+03  4.621689e+03  3211.487 4.801855e+03  6.419141e+03  5769.659 3.929178e+03  2.889809e+03  2581.915 2.638741e+03  3.274614e+03  5671.788 6.438968e+03  6.685904e+03  6632.752 4.850080e+03  2.509610e+03  2590.875 5.436203e+03  3.833955e+03  
4000000  5000000  1355.587 6.343878e+03  1.451405e+04  98914.755 4.213099e+05  1.079151e+05  21894.541 1.462942e+04  1.595146e+04  8544.620 6.337871e+03  4.070021e+03  3741.336 6.539055e+03  7.428923e+03  7064.000 5.030565e+03  2.656686e+03  1981.221 3.217828e+03  4.964399e+03  5623.783 4.816053e+03  3.311103e+03  2861.256 3.222828e+03  4.071068e+03  4853.189 4.219476e+03  4.306439e+03  4934.554 3.016112e+03  1.278543e+03  1318.402 4.220620e+03  3.201463e+03  
5000000  6000000  952.786 5.069582e+03  9.393342e+03  27959.420 1.079151e+05  4.470720e+05  66265.326 2.220181e+04  1.960410e+04  9279.479 6.342390e+03  3.825221e+03  3833.457 6.417197e+03  7.172124e+03  6952.696 4.764840e+03  2.458688e+03  1900.495 2.876781e+03  4.706622e+03  5408.572 4.976338e+03  3.655924e+03  3193.165 3.814294e+03  4.044866e+03  4768.061 4.012531e+03  3.946440e+03  4282.173 2.445559e+03  1.012170e+03  999.034 3.693636e+03  2.443898e+03  
6000000  7000000  898.462 4.043160e+03  7.051839e+03  13737.595 2.189454e+04  6.626533e+04  461920.703 1.093512e+05  2.902041e+04  9435.821 6.292830e+03  3.655202e+03  3487.277 6.330663e+03  6.588369e+03  6014.794 3.853722e+03  2.366182e+03  1996.501 2.596910e+03  4.288131e+03  4998.273 4.823067e+03  3.675012e+03  3655.988 3.759230e+03  4.305810e+03  4564.947 3.308940e+03  3.121544e+03  3502.078 2.150869e+03  9.029675e+02  771.405 2.928200e+03  2.102095e+03  
7000000  8000000  1076.409 3.912096e+03  6.455025e+03  12297.823 1.462942e+04  2.220181e+04  109351.221 4.452318e+05  8.241509e+04  17517.338 9.250394e+03  5.560367e+03  5183.694 6.421394e+03  6.794438e+03  5927.020 4.471327e+03  3.092246e+03  2431.725 3.184034e+03  4.652306e+03  5224.259 3.856180e+03  3.176344e+03  3084.493 2.807548e+03  3.497440e+03  4475.219 4.323679e+03  3.966477e+03  3715.671 2.371329e+03  1.215438e+03  1218.584 2.684901e+03  1.985556e+03  
8000000  9000000  763.568 5.006723e+03  8.652039e+03  14478.985 1.595146e+04  1.960410e+04  29020.407 8.241509e+04  4.575007e+05  43864.423 1.584417e+04  7.541179e+03  6748.759 1.136299e+04  1.004086e+04  9072.417 6.738021e+03  3.503083e+03  2680.132 4.145018e+03  6.155019e+03  6050.293 5.033577e+03  3.961863e+03  3473.368 3.903410e+03  4.619429e+03  5539.887 4.278605e+03  4.408010e+03  5099.508 3.131665e+03  1.251691e+03  1145.468 4.217333e+03  2.456893e+03  
9000000  10000000  2393.790 8.447243e+03  9.329687e+03  13038.553 8.544620e+03  9.279479e+03  9435.821 1.751734e+04  4.386442e+04  382332.413 1.283996e+05  3.062238e+04  23700.458 1.436079e+04  9.409096e+03  8258.232 1.018121e+04  8.927008e+03  6424.647 7.127895e+03  6.823694e+03  4751.600 2.502292e+03  2.070410e+03  2296.073 1.638000e+03  2.101921e+03  5271.807 7.392331e+03  7.446753e+03  5994.358 5.672742e+03  3.965056e+03  4194.153 3.816052e+03  2.128089e+03  
10000000  11000000  2261.230 8.527920e+03  8.827839e+03  9342.530 6.337871e+03  6.342390e+03  6292.830 9.250394e+03  1.584417e+04  128399.607 3.560016e+05  9.016484e+04  37398.182 1.944692e+04  9.593759e+03  8416.221 1.070359e+04  9.303453e+03  6690.916 7.291666e+03  6.192646e+03  4267.028 2.309385e+03  1.974585e+03  1942.923 1.685248e+03  2.006485e+03  4580.664 5.892721e+03  6.187083e+03  5409.420 5.808077e+03  4.257143e+03  4350.477 4.101871e+03  2.256415e+03  
11000000  12000000  4905.203 9.365475e+03  6.651534e+03  6914.133 4.070021e+03  3.825221e+03  3655.202 5.560367e+03  7.541179e+03  30622.384 9.016484e+04  3.734656e+05  123577.804 2.196932e+04  8.215567e+03  7006.209 1.113348e+04  1.275938e+04  11991.401 8.864376e+03  4.980000e+03  3142.371 1.662566e+03  1.371889e+03  1508.269 1.127758e+03  1.272145e+03  3938.747 6.327361e+03  6.189696e+03  4467.626 7.608564e+03  8.432421e+03  9591.286 3.823295e+03  1.957307e+03  
12000000  13000000  3220.910 8.754680e+03  6.489400e+03  6910.565 3.741336e+03  3.833457e+03  3487.277 5.183694e+03  6.748759e+03  23700.458 3.739818e+04  1.235778e+05  369557.686 8.009399e+04  1.386277e+04  9965.107 1.473750e+04  1.445676e+04  11007.608 9.126278e+03  5.996818e+03  3364.584 1.828350e+03  1.477399e+03  1615.921 1.257301e+03  1.360720e+03  4108.553 6.329253e+03  6.308962e+03  4624.034 6.862190e+03  6.303190e+03  6789.828 3.655778e+03  1.922994e+03  
13000000  14000000  1011.402 5.973447e+03  7.810607e+03  7883.570 6.539055e+03  6.417197e+03  6330.663 6.421394e+03  1.136299e+04  14360.792 1.944692e+04  2.196932e+04  80093.990 4.073039e+05  7.965989e+04  25856.074 1.759549e+04  9.100484e+03  5695.184 7.686645e+03  8.217367e+03  6111.123 4.415016e+03  3.404566e+03  3171.721 3.385227e+03  3.795296e+03  5429.033 4.968195e+03  5.176731e+03  5782.441 4.500636e+03  2.629829e+03  2316.077 5.097671e+03  2.740178e+03  
14000000  15000000  622.584 3.780220e+03  5.738784e+03  8134.603 7.428923e+03  7.172124e+03  6588.369 6.794438e+03  1.004086e+04  9409.096 9.593759e+03  8.215567e+03  13862.769 7.965989e+04  4.357409e+05  91608.517 2.011596e+04  8.141097e+03  5061.476 6.472697e+03  9.214914e+03  8040.578 5.869157e+03  4.365029e+03  3859.790 4.038420e+03  4.601629e+03  5913.842 5.094558e+03  5.151824e+03  5462.089 3.486942e+03  1.717123e+03  1697.966 4.189614e+03  2.774037e+03  
15000000  16000000  807.786 4.216066e+03  6.188416e+03  7918.305 7.064000e+03  6.952696e+03  6014.794 5.927020e+03  9.072417e+03  8258.232 8.416221e+03  7.006209e+03  9965.107 2.585607e+04  9.160852e+04  414052.532 8.486762e+04  1.262836e+04  7044.897 9.273041e+03  1.190184e+04  9499.488 6.523846e+03  4.701155e+03  4285.415 4.596338e+03  5.027118e+03  6161.535 5.542141e+03  5.653185e+03  5859.600 4.133898e+03  2.201015e+03  2101.450 5.190261e+03  3.143498e+03  
16000000  17000000  842.775 7.070357e+03  7.390641e+03  7720.350 5.030565e+03  4.764840e+03  3853.722 4.471327e+03  6.738021e+03  10181.214 1.070359e+04  1.113348e+04  14737.496 1.759549e+04  2.011596e+04  84867.617 3.955581e+05  7.176220e+04  20514.451 1.982066e+04  1.570143e+04  8612.076 4.542036e+03  3.269315e+03  3234.928 3.164854e+03  3.252165e+03  6261.168 7.497412e+03  7.499610e+03  7246.416 6.905422e+03  4.395132e+03  4469.336 5.717559e+03  3.018345e+03  
17000000  18000000  2666.896 8.623511e+03  6.087394e+03  4621.689 2.656686e+03  2.458688e+03  2366.182 3.092246e+03  3.503083e+03  8927.008 9.303453e+03  1.275938e+04  14456.758 9.100484e+03  8.141097e+03  12628.363 7.176220e+04  3.626525e+05  126164.465 5.556511e+04  1.680990e+04  6767.915 2.968578e+03  2.353457e+03  2522.158 1.677047e+03  1.985662e+03  5028.443 7.288026e+03  7.365293e+03  5986.860 8.634913e+03  8.045435e+03  8038.075 4.493560e+03  2.157554e+03  
18000000  19000000  5328.384 7.106221e+03  3.912605e+03  3211.487 1.981221e+03  1.900495e+03  1996.501 2.431725e+03  2.680132e+03  6424.647 6.690916e+03  1.199140e+04  11007.608 5.695184e+03  5.061476e+03  7044.897 2.051445e+04  1.261645e+05  389090.365 1.078595e+05  1.675386e+04  6134.688 2.821916e+03  2.071277e+03  2223.289 1.537982e+03  1.774247e+03  3977.067 5.903068e+03  5.704533e+03  4436.818 8.806966e+03  1.165019e+04  12075.134 3.832391e+03  1.862851e+03  
19000000  20000000  2434.676 7.630545e+03  6.191993e+03  4801.855 3.217828e+03  2.876781e+03  2596.910 3.184034e+03  4.145018e+03  7127.895 7.291666e+03  8.864376e+03  9126.278 7.686645e+03  6.472697e+03  9273.041 1.982066e+04  5.556511e+04  107859.547 3.615419e+05  8.598376e+04  14847.162 5.792742e+03  4.120577e+03  3614.872 2.844951e+03  3.167481e+03  6075.869 7.594133e+03  7.483518e+03  7106.908 8.950104e+03  7.981196e+03  7567.791 6.020101e+03  2.799530e+03  
20000000  21000000  731.370 4.658451e+03  5.765096e+03  6419.141 4.964399e+03  4.706622e+03  4288.131 4.652306e+03  6.155019e+03  6823.694 6.192646e+03  4.980000e+03  5996.818 8.217367e+03  9.214914e+03  11901.844 1.570143e+04  1.680990e+04  16753.861 8.598376e+04  4.154293e+05  71781.293 1.541662e+04  8.705494e+03  6507.389 5.709381e+03  6.393579e+03  9261.049 9.145887e+03  8.827537e+03  8361.597 6.104946e+03  3.523704e+03  3385.840 6.466421e+03  3.723254e+03  
21000000  22000000  407.956 2.479053e+03  3.905169e+03  5769.659 5.623783e+03  5.408572e+03  4998.273 5.224259e+03  6.050293e+03  4751.600 4.267028e+03  3.142371e+03  3364.584 6.111123e+03  8.040578e+03  9499.488 8.612076e+03  6.767915e+03  6134.688 1.484716e+04  7.178129e+04  459523.148 6.982070e+04  1.949756e+04  10923.526 9.609208e+03  1.072385e+04  11406.051 8.948680e+03  7.858604e+03  6967.742 3.929491e+03  2.144682e+03  2031.905 5.291610e+03  3.796452e+03  
22000000  23000000  292.809 1.469650e+03  2.488150e+03  3929.178 4.816053e+03  4.976338e+03  4823.067 3.856180e+03  5.033577e+03  2502.292 2.309385e+03  1.662566e+03  1828.350 4.415016e+03  5.869157e+03  6523.846 4.542036e+03  2.968578e+03  2821.916 5.792742e+03  1.541662e+04  69820.703 4.880934e+05  8.444539e+04  19054.241 1.899479e+04  1.443260e+04  9317.760 5.295235e+03  4.590893e+03  4812.334 2.421019e+03  1.316275e+03  1255.205 4.304788e+03  3.167972e+03  
23000000  24000000  314.786 1.264508e+03  2.063088e+03  2889.809 3.311103e+03  3.655924e+03  3675.012 3.176344e+03  3.961863e+03  2070.410 1.974585e+03  1.371889e+03  1477.399 3.404566e+03  4.365029e+03  4701.155 3.269315e+03  2.353457e+03  2071.277 4.120577e+03  8.705494e+03  19497.557 8.444539e+04  4.591857e+05  112375.868 3.258482e+04  1.515310e+04  8793.733 4.920275e+03  4.300275e+03  3932.591 2.080332e+03  1.196946e+03  1086.821 3.471273e+03  2.437855e+03  
24000000  25000000  179.556 1.224064e+03  1.926111e+03  2581.915 2.861256e+03  3.193165e+03  3655.988 3.084493e+03  3.473368e+03  2296.073 1.942923e+03  1.508269e+03  1615.921 3.171721e+03  3.859790e+03  4285.415 3.234928e+03  2.522158e+03  2223.289 3.614872e+03  6.507389e+03  10923.526 1.905424e+04  1.123759e+05  460228.610 1.089574e+05  1.597460e+04  9766.682 5.646704e+03  4.649829e+03  3923.781 2.208640e+03  1.307205e+03  1286.123 2.584157e+03  1.810035e+03  
25000000  26000000  303.310 1.125660e+03  1.834675e+03  2638.741 3.222828e+03  3.814294e+03  3759.230 2.807548e+03  3.903410e+03  1638.000 1.685248e+03  1.127758e+03  1257.301 3.385227e+03  4.038420e+03  4596.338 3.164854e+03  1.677047e+03  1537.982 2.844951e+03  5.709381e+03  9609.208 1.899479e+04  3.258482e+04  108957.399 4.824142e+05  7.162127e+04  14452.555 5.690579e+03  4.414840e+03  4279.207 2.297110e+03  1.207146e+03  1110.858 3.510450e+03  2.443399e+03  
26000000  27000000  338.805 1.367216e+03  2.364994e+03  3274.614 4.071068e+03  4.044866e+03  4305.810 3.497440e+03  4.619429e+03  2101.921 2.006485e+03  1.272145e+03  1360.720 3.795296e+03  4.601629e+03  5027.118 3.252165e+03  1.985662e+03  1774.247 3.167481e+03  6.393579e+03  10723.852 1.443260e+04  1.515310e+04  15974.602 7.162127e+04  5.260579e+05  62394.810 1.082424e+04  7.515753e+03  6440.266 3.062121e+03  1.533055e+03  1369.406 4.770203e+03  3.164224e+03  
27000000  28000000  510.656 2.810028e+03  4.173152e+03  5671.788 4.853189e+03  4.768061e+03  4564.947 4.475219e+03  5.539887e+03  5271.807 4.580664e+03  3.938747e+03  4108.553 5.429033e+03  5.913842e+03  6161.535 6.261168e+03  5.028443e+03  3977.067 6.075869e+03  9.261049e+03  11406.051 9.317760e+03  8.793733e+03  9766.682 1.445255e+04  6.239481e+04  426012.472 9.493609e+04  3.478610e+04  16382.086 7.939185e+03  4.578371e+03  4321.909 6.811663e+03  4.385910e+03  
28000000  29000000  930.714 4.189283e+03  4.555159e+03  6438.968 4.219476e+03  4.012531e+03  3308.940 4.323679e+03  4.278605e+03  7392.331 5.892721e+03  6.327361e+03  6329.253 4.968195e+03  5.094558e+03  5542.141 7.497412e+03  7.288026e+03  5903.068 7.594133e+03  9.145887e+03  8948.680 5.295235e+03  4.920275e+03  5646.704 5.690579e+03  1.082424e+04  94936.094 4.043749e+05  9.817387e+04  24311.703 1.227902e+04  8.098889e+03  8055.071 7.854382e+03  5.018039e+03  
29000000  30000000  1184.212 4.711001e+03  5.286337e+03  6685.904 4.306439e+03  3.946440e+03  3121.544 3.966477e+03  4.408010e+03  7446.753 6.187083e+03  6.189696e+03  6308.962 5.176731e+03  5.151824e+03  5653.185 7.499610e+03  7.365293e+03  5704.533 7.483518e+03  8.827537e+03  7858.604 4.590893e+03  4.300275e+03  4649.829 4.414840e+03  7.515753e+03  34786.100 9.817387e+04  3.789753e+05  96984.353 2.162159e+04  1.185357e+04  10516.017 1.053469e+04  6.273292e+03  
30000000  31000000  834.859 5.622973e+03  6.736210e+03  6632.752 4.934554e+03  4.282173e+03  3502.078 3.715671e+03  5.099508e+03  5994.358 5.409420e+03  4.467626e+03  4624.034 5.782441e+03  5.462089e+03  5859.600 7.246416e+03  5.986860e+03  4436.818 7.106908e+03  8.361597e+03  6967.742 4.812334e+03  3.932591e+03  3923.781 4.279207e+03  6.440266e+03  16382.086 2.431170e+04  9.698435e+04  403024.059 8.093819e+04  1.774992e+04  11954.761 1.759182e+04  8.268350e+03  
31000000  32000000  4146.948 9.226393e+03  6.013147e+03  4850.080 3.016112e+03  2.445559e+03  2150.869 2.371329e+03  3.131665e+03  5672.742 5.808077e+03  7.608564e+03  6862.190 4.500636e+03  3.486942e+03  4133.898 6.905422e+03  8.634913e+03  8806.966 8.950104e+03  6.104946e+03  3929.491 2.421019e+03  2.080332e+03  2208.640 2.297110e+03  3.062121e+03  7939.185 1.227902e+04  2.162159e+04  80938.188 3.473928e+05  1.201626e+05  65175.629 2.556704e+04  7.757767e+03  
32000000  33000000  7164.688 7.956029e+03  3.338669e+03  2509.610 1.278543e+03  1.012170e+03  902.967 1.215438e+03  1.251691e+03  3965.056 4.257143e+03  8.432421e+03  6303.190 2.629829e+03  1.717123e+03  2201.015 4.395132e+03  8.045435e+03  11650.192 7.981196e+03  3.523704e+03  2144.682 1.316275e+03  1.196946e+03  1307.205 1.207146e+03  1.533055e+03  4578.371 8.098889e+03  1.185357e+04  17749.915 1.201626e+05  4.065523e+05  120473.061 2.369167e+04  6.063118e+03  
33000000  34000000  9118.083 7.000173e+03  2.927343e+03  2590.875 1.318402e+03  9.990344e+02  771.405 1.218584e+03  1.145468e+03  4194.153 4.350477e+03  9.591286e+03  6789.828 2.316077e+03  1.697966e+03  2101.450 4.469336e+03  8.038075e+03  12075.134 7.567791e+03  3.385840e+03  2031.905 1.255205e+03  1.086821e+03  1286.123 1.110858e+03  1.369406e+03  4321.909 8.055071e+03  1.051602e+04  11954.761 6.517563e+04  1.204731e+05  430078.470 5.762014e+04  9.657919e+03  
34000000  35000000  1386.389 5.762078e+03  5.905327e+03  5436.203 4.220620e+03  3.693636e+03  2928.200 2.684901e+03  4.217333e+03  3816.052 4.101871e+03  3.823295e+03  3655.778 5.097671e+03  4.189614e+03  5190.261 5.717559e+03  4.493560e+03  3832.391 6.020101e+03  6.466421e+03  5291.610 4.304788e+03  3.471273e+03  2584.157 3.510450e+03  4.770203e+03  6811.663 7.854382e+03  1.053469e+04  17591.824 2.556704e+04  2.369167e+04  57620.143 3.932360e+05  1.601809e+05  
35000000  36000000  975.635 2.994501e+03  3.016615e+03  3833.955 3.201463e+03  2.443898e+03  2102.095 1.985556e+03  2.456893e+03  2128.089 2.256415e+03  1.957307e+03  1922.994 2.740178e+03  2.774037e+03  3143.498 3.018345e+03  2.157554e+03  1862.851 2.799530e+03  3.723254e+03  3796.452 3.167972e+03  2.437855e+03  1810.035 2.443399e+03  3.164224e+03  4385.910 5.018039e+03  6.273292e+03  8268.350 7.757767e+03  6.063118e+03  9657.919 1.601809e+05  5.417402e+05  
