21	9000001	21	9000001	476719.193602
21	9000001	21	10000001	9718.469882
21	10000001	21	10000001	382591.339998
21	9000001	21	11000001	16855.914797
21	10000001	21	11000001	63709.182667
21	11000001	21	11000001	384432.570379
21	9000001	21	14000001	2345.855372
21	10000001	21	14000001	11077.877696
21	11000001	21	14000001	9004.223472
21	14000001	21	14000001	333804.322727
21	9000001	21	15000001	544.877706
21	10000001	21	15000001	2673.090824
21	11000001	21	15000001	1983.412461
21	14000001	21	15000001	30943.092407
21	15000001	21	15000001	231381.203727
21	9000001	21	16000001	560.029382
21	10000001	21	16000001	1855.468753
21	11000001	21	16000001	1457.467512
21	14000001	21	16000001	10904.786728
21	15000001	21	16000001	106921.332274
21	16000001	21	16000001	233578.405146
21	9000001	21	17000001	760.574256
21	10000001	21	17000001	3060.743120
21	11000001	21	17000001	2676.903198
21	14000001	21	17000001	15373.516183
21	15000001	21	17000001	32931.306808
21	16000001	21	17000001	54071.320102
21	17000001	21	17000001	222974.292672
21	9000001	21	18000001	1340.120882
21	10000001	21	18000001	4293.770717
21	11000001	21	18000001	3607.286996
21	14000001	21	18000001	14105.735806
21	15000001	21	18000001	13205.326032
21	16000001	21	18000001	15487.334999
21	17000001	21	18000001	55759.443108
21	18000001	21	18000001	210078.043862
21	9000001	21	19000001	822.136434
21	10000001	21	19000001	2677.485195
21	11000001	21	19000001	2245.213606
21	14000001	21	19000001	7550.542237
21	15000001	21	19000001	10397.837990
21	16000001	21	19000001	10340.824139
21	17000001	21	19000001	17464.491453
21	18000001	21	19000001	51505.315187
21	19000001	21	19000001	204568.824253
21	9000001	21	20000001	1274.924965
21	10000001	21	20000001	4745.712378
21	11000001	21	20000001	4167.064127
21	14000001	21	20000001	8373.496251
21	15000001	21	20000001	4657.060501
21	16000001	21	20000001	4491.419113
21	17000001	21	20000001	10238.687203
21	18000001	21	20000001	19405.435522
21	19000001	21	20000001	44124.283921
21	20000001	21	20000001	210316.757819
21	9000001	21	21000001	1324.875907
21	10000001	21	21000001	4351.846936
21	11000001	21	21000001	4221.770783
21	14000001	21	21000001	7767.912828
21	15000001	21	21000001	3849.074850
21	16000001	21	21000001	3814.879118
21	17000001	21	21000001	8214.101282
21	18000001	21	21000001	14610.137534
21	19000001	21	21000001	25584.740441
21	20000001	21	21000001	71349.604038
21	21000001	21	21000001	207618.835006
21	9000001	21	22000001	1319.474007
21	10000001	21	22000001	3782.063814
21	11000001	21	22000001	3435.682385
21	14000001	21	22000001	6620.561335
21	15000001	21	22000001	3549.272534
21	16000001	21	22000001	3505.325085
21	17000001	21	22000001	7278.131170
21	18000001	21	22000001	11532.165770
21	19000001	21	22000001	19205.524504
21	20000001	21	22000001	31858.501444
21	21000001	21	22000001	54333.104045
21	22000001	21	22000001	186595.852539
21	9000001	21	23000001	1091.463709
21	10000001	21	23000001	3899.402181
21	11000001	21	23000001	3290.755263
21	14000001	21	23000001	6753.882947
21	15000001	21	23000001	3143.283796
21	16000001	21	23000001	3244.595639
21	17000001	21	23000001	6761.529154
21	18000001	21	23000001	10319.913899
21	19000001	21	23000001	14285.650842
21	20000001	21	23000001	19513.294409
21	21000001	21	23000001	25318.569127
21	22000001	21	23000001	63330.543181
21	23000001	21	23000001	206889.020720
21	9000001	21	24000001	715.606494
21	10000001	21	24000001	2480.566322
21	11000001	21	24000001	2352.270878
21	14000001	21	24000001	5135.162035
21	15000001	21	24000001	3563.252720
21	16000001	21	24000001	3775.945008
21	17000001	21	24000001	6709.107041
21	18000001	21	24000001	8977.566756
21	19000001	21	24000001	13732.759078
21	20000001	21	24000001	15258.296796
21	21000001	21	24000001	17660.735304
21	22000001	21	24000001	35481.598593
21	23000001	21	24000001	55074.564840
21	24000001	21	24000001	197615.951253
21	9000001	21	25000001	601.309065
21	10000001	21	25000001	1607.273482
21	11000001	21	25000001	1290.256843
21	14000001	21	25000001	3763.087174
21	15000001	21	25000001	3934.640225
21	16000001	21	25000001	4454.021781
21	17000001	21	25000001	6497.380836
21	18000001	21	25000001	7859.663725
21	19000001	21	25000001	11670.310488
21	20000001	21	25000001	10075.388762
21	21000001	21	25000001	10963.287524
21	22000001	21	25000001	19627.557604
21	23000001	21	25000001	23824.380495
21	24000001	21	25000001	60673.888127
21	25000001	21	25000001	213765.573257
21	9000001	21	26000001	517.649551
21	10000001	21	26000001	626.742759
21	11000001	21	26000001	650.902888
21	14000001	21	26000001	1799.215689
21	15000001	21	26000001	6307.015588
21	16000001	21	26000001	5876.163949
21	17000001	21	26000001	5282.235221
21	18000001	21	26000001	5591.119937
21	19000001	21	26000001	11402.274318
21	20000001	21	26000001	5804.454011
21	21000001	21	26000001	5761.539907
21	22000001	21	26000001	9631.286764
21	23000001	21	26000001	10755.338576
21	24000001	21	26000001	20807.093393
21	25000001	21	26000001	52854.873660
21	26000001	21	26000001	254315.014183
21	9000001	21	27000001	684.967262
21	10000001	21	27000001	1270.860473
21	11000001	21	27000001	1037.785686
21	14000001	21	27000001	3290.267201
21	15000001	21	27000001	5452.462589
21	16000001	21	27000001	5179.274050
21	17000001	21	27000001	6215.860221
21	18000001	21	27000001	7405.191407
21	19000001	21	27000001	8826.779648
21	20000001	21	27000001	6080.085364
21	21000001	21	27000001	6122.913673
21	22000001	21	27000001	8320.935530
21	23000001	21	27000001	9401.633626
21	24000001	21	27000001	13099.810920
21	25000001	21	27000001	21629.005129
21	26000001	21	27000001	48365.296221
21	27000001	21	27000001	223545.876680
21	9000001	21	28000001	1258.657904
21	10000001	21	28000001	3309.323371
21	11000001	21	28000001	3169.886503
21	14000001	21	28000001	6521.442952
21	15000001	21	28000001	3267.606954
21	16000001	21	28000001	3167.962484
21	17000001	21	28000001	6374.023028
21	18000001	21	28000001	8627.754193
21	19000001	21	28000001	7571.164751
21	20000001	21	28000001	9096.421563
21	21000001	21	28000001	9485.206964
21	22000001	21	28000001	10979.382864
21	23000001	21	28000001	11982.685158
21	24000001	21	28000001	11951.440269
21	25000001	21	28000001	12294.852073
21	26000001	21	28000001	8864.632024
21	27000001	21	28000001	40623.748781
21	28000001	21	28000001	208975.569304
21	9000001	21	29000001	1100.047799
21	10000001	21	29000001	3169.873985
21	11000001	21	29000001	2789.153783
21	14000001	21	29000001	6396.051605
21	15000001	21	29000001	3350.954880
21	16000001	21	29000001	3426.329193
21	17000001	21	29000001	6267.530222
21	18000001	21	29000001	8405.085884
21	19000001	21	29000001	7177.124412
21	20000001	21	29000001	8112.360636
21	21000001	21	29000001	8325.519492
21	22000001	21	29000001	9222.089456
21	23000001	21	29000001	9877.869334
21	24000001	21	29000001	10002.650882
21	25000001	21	29000001	9920.341844
21	26000001	21	29000001	6684.912470
21	27000001	21	29000001	20728.400649
21	28000001	21	29000001	74884.920535
21	29000001	21	29000001	220045.070107
21	9000001	21	30000001	347.683347
21	10000001	21	30000001	704.673812
21	11000001	21	30000001	822.838608
21	14000001	21	30000001	1974.727674
21	15000001	21	30000001	6371.635585
21	16000001	21	30000001	5648.086005
21	17000001	21	30000001	5413.361740
21	18000001	21	30000001	5111.771641
21	19000001	21	30000001	6524.308541
21	20000001	21	30000001	3230.089864
21	21000001	21	30000001	2936.102020
21	22000001	21	30000001	3377.720650
21	23000001	21	30000001	3517.827500
21	24000001	21	30000001	4726.848373
21	25000001	21	30000001	6517.885658
21	26000001	21	30000001	12610.323418
21	27000001	21	30000001	21194.931103
21	28000001	21	30000001	21385.562251
21	29000001	21	30000001	35360.918046
21	30000001	21	30000001	240389.010659
21	9000001	21	31000001	956.181413
21	10000001	21	31000001	2066.656944
21	11000001	21	31000001	2106.679820
21	14000001	21	31000001	5556.510536
21	15000001	21	31000001	4376.541205
21	16000001	21	31000001	4387.741495
21	17000001	21	31000001	6579.904481
21	18000001	21	31000001	7572.133295
21	19000001	21	31000001	6649.202338
21	20000001	21	31000001	6034.804452
21	21000001	21	31000001	6083.415698
21	22000001	21	31000001	6364.366721
21	23000001	21	31000001	6366.823126
21	24000001	21	31000001	7082.470703
21	25000001	21	31000001	8030.928287
21	26000001	21	31000001	5613.269123
21	27000001	21	31000001	10957.447182
21	28000001	21	31000001	16594.397616
21	29000001	21	31000001	21330.658868
21	30000001	21	31000001	46168.829200
21	31000001	21	31000001	221389.985752
21	9000001	21	32000001	741.143609
21	10000001	21	32000001	1595.221005
21	11000001	21	32000001	1413.982388
21	14000001	21	32000001	3767.914410
21	15000001	21	32000001	4707.601668
21	16000001	21	32000001	4379.704044
21	17000001	21	32000001	4964.848243
21	18000001	21	32000001	5738.728075
21	19000001	21	32000001	5579.227656
21	20000001	21	32000001	4177.746218
21	21000001	21	32000001	3923.347826
21	22000001	21	32000001	4055.958879
21	23000001	21	32000001	4046.893052
21	24000001	21	32000001	4353.653326
21	25000001	21	32000001	5057.895946
21	26000001	21	32000001	5572.899767
21	27000001	21	32000001	7684.925694
21	28000001	21	32000001	8722.556934
21	29000001	21	32000001	9895.669352
21	30000001	21	32000001	18474.510151
21	31000001	21	32000001	56108.082561
21	32000001	21	32000001	244615.304756
21	9000001	21	33000001	369.482349
21	10000001	21	33000001	891.258309
21	11000001	21	33000001	679.556117
21	14000001	21	33000001	1918.247735
21	15000001	21	33000001	4110.251459
21	16000001	21	33000001	3894.399852
21	17000001	21	33000001	3714.085546
21	18000001	21	33000001	3638.817972
21	19000001	21	33000001	3966.298305
21	20000001	21	33000001	2230.130202
21	21000001	21	33000001	2174.651685
21	22000001	21	33000001	2289.300767
21	23000001	21	33000001	2325.464325
21	24000001	21	33000001	2615.252491
21	25000001	21	33000001	3261.980415
21	26000001	21	33000001	4572.017391
21	27000001	21	33000001	6446.329662
21	28000001	21	33000001	4463.853457
21	29000001	21	33000001	5094.310240
21	30000001	21	33000001	13013.534387
21	31000001	21	33000001	15348.371017
21	32000001	21	33000001	48536.076986
21	33000001	21	33000001	250442.480363
21	9000001	21	34000001	267.685217
21	10000001	21	34000001	294.089956
21	11000001	21	34000001	341.895612
21	14000001	21	34000001	598.291572
21	15000001	21	34000001	2546.135555
21	16000001	21	34000001	2397.402398
21	17000001	21	34000001	1809.837651
21	18000001	21	34000001	1541.285619
21	19000001	21	34000001	1994.000672
21	20000001	21	34000001	960.112489
21	21000001	21	34000001	916.736467
21	22000001	21	34000001	971.122179
21	23000001	21	34000001	1062.000030
21	24000001	21	34000001	1241.454204
21	25000001	21	34000001	1577.934773
21	26000001	21	34000001	3650.702669
21	27000001	21	34000001	3451.522865
21	28000001	21	34000001	1593.177178
21	29000001	21	34000001	1790.407644
21	30000001	21	34000001	7711.436927
21	31000001	21	34000001	4011.075244
21	32000001	21	34000001	9058.420384
21	33000001	21	34000001	47195.011519
21	34000001	21	34000001	310694.671071
21	9000001	21	35000001	162.847682
21	10000001	21	35000001	410.928938
21	11000001	21	35000001	427.244061
21	14000001	21	35000001	809.306367
21	15000001	21	35000001	2514.434602
21	16000001	21	35000001	2431.370297
21	17000001	21	35000001	1853.188388
21	18000001	21	35000001	1597.337487
21	19000001	21	35000001	2047.431976
21	20000001	21	35000001	1149.190398
21	21000001	21	35000001	1066.211736
21	22000001	21	35000001	1097.961645
21	23000001	21	35000001	1177.333382
21	24000001	21	35000001	1397.986425
21	25000001	21	35000001	1772.560181
21	26000001	21	35000001	3346.391599
21	27000001	21	35000001	2972.841138
21	28000001	21	35000001	1573.573218
21	29000001	21	35000001	1868.463083
21	30000001	21	35000001	5265.199979
21	31000001	21	35000001	3552.722807
21	32000001	21	35000001	6159.523135
21	33000001	21	35000001	15144.271481
21	34000001	21	35000001	43191.435796
21	35000001	21	35000001	285220.056863
21	9000001	21	36000001	236.234104
21	10000001	21	36000001	487.477203
21	11000001	21	36000001	481.711007
21	14000001	21	36000001	1005.489099
21	15000001	21	36000001	2197.283587
21	16000001	21	36000001	2305.190836
21	17000001	21	36000001	1928.191220
21	18000001	21	36000001	1866.332614
21	19000001	21	36000001	2042.206975
21	20000001	21	36000001	1234.254183
21	21000001	21	36000001	1178.576492
21	22000001	21	36000001	1248.327102
21	23000001	21	36000001	1326.578391
21	24000001	21	36000001	1557.543417
21	25000001	21	36000001	2070.708854
21	26000001	21	36000001	2647.169980
21	27000001	21	36000001	3054.081027
21	28000001	21	36000001	1862.015013
21	29000001	21	36000001	2108.446070
21	30000001	21	36000001	4128.427288
21	31000001	21	36000001	4143.762758
21	32000001	21	36000001	5427.925008
21	33000001	21	36000001	10275.939500
21	34000001	21	36000001	13123.034716
21	35000001	21	36000001	56133.670063
21	36000001	21	36000001	266562.797539
21	9000001	21	37000001	182.789035
21	10000001	21	37000001	333.669372
21	11000001	21	37000001	309.646531
21	14000001	21	37000001	754.730938
21	15000001	21	37000001	2279.233542
21	16000001	21	37000001	2307.941424
21	17000001	21	37000001	1757.080917
21	18000001	21	37000001	1607.739127
21	19000001	21	37000001	1917.579715
21	20000001	21	37000001	1019.095573
21	21000001	21	37000001	1021.106234
21	22000001	21	37000001	1086.743778
21	23000001	21	37000001	1113.366362
21	24000001	21	37000001	1267.258458
21	25000001	21	37000001	1763.885162
21	26000001	21	37000001	2794.862970
21	27000001	21	37000001	2971.423470
21	28000001	21	37000001	1507.068270
21	29000001	21	37000001	1669.766301
21	30000001	21	37000001	4688.952934
21	31000001	21	37000001	3371.460399
21	32000001	21	37000001	4875.632053
21	33000001	21	37000001	9734.554241
21	34000001	21	37000001	12911.956306
21	35000001	21	37000001	28791.233020
21	36000001	21	37000001	78259.555733
21	37000001	21	37000001	239608.896714
21	9000001	21	38000001	195.537692
21	10000001	21	38000001	414.944153
21	11000001	21	38000001	373.121453
21	14000001	21	38000001	1048.890671
21	15000001	21	38000001	3057.579531
21	16000001	21	38000001	2808.365321
21	17000001	21	38000001	2218.504713
21	18000001	21	38000001	1794.483958
21	19000001	21	38000001	2379.499442
21	20000001	21	38000001	1106.748619
21	21000001	21	38000001	1107.019823
21	22000001	21	38000001	1190.173055
21	23000001	21	38000001	1135.476140
21	24000001	21	38000001	1441.504509
21	25000001	21	38000001	1822.929106
21	26000001	21	38000001	3376.041093
21	27000001	21	38000001	3446.998868
21	28000001	21	38000001	1523.296298
21	29000001	21	38000001	1811.050869
21	30000001	21	38000001	5679.443994
21	31000001	21	38000001	3153.127520
21	32000001	21	38000001	5020.310975
21	33000001	21	38000001	9259.759053
21	34000001	21	38000001	10916.418642
21	35000001	21	38000001	13978.248367
21	36000001	21	38000001	16098.750570
21	37000001	21	38000001	64177.782937
21	38000001	21	38000001	265211.898285
21	9000001	21	39000001	528.118193
21	10000001	21	39000001	1057.498403
21	11000001	21	39000001	797.870786
21	14000001	21	39000001	2420.971112
21	15000001	21	39000001	3471.447813
21	16000001	21	39000001	3390.341575
21	17000001	21	39000001	3501.909212
21	18000001	21	39000001	3785.320064
21	19000001	21	39000001	3570.178154
21	20000001	21	39000001	2391.156454
21	21000001	21	39000001	2280.271683
21	22000001	21	39000001	2329.934850
21	23000001	21	39000001	2450.440743
21	24000001	21	39000001	2642.023057
21	25000001	21	39000001	3411.510646
21	26000001	21	39000001	3410.318019
21	27000001	21	39000001	4461.895428
21	28000001	21	39000001	3686.881108
21	29000001	21	39000001	4067.565842
21	30000001	21	39000001	5275.545914
21	31000001	21	39000001	6818.322414
21	32000001	21	39000001	7358.991600
21	33000001	21	39000001	9522.688379
21	34000001	21	39000001	5879.028901
21	35000001	21	39000001	7568.640537
21	36000001	21	39000001	10899.610834
21	37000001	21	39000001	14649.559521
21	38000001	21	39000001	47666.925164
21	39000001	21	39000001	249576.934675
21	9000001	21	40000001	654.651633
21	10000001	21	40000001	751.557771
21	11000001	21	40000001	841.889226
21	14000001	21	40000001	1989.014876
21	15000001	21	40000001	4599.445909
21	16000001	21	40000001	3945.988751
21	17000001	21	40000001	3859.167817
21	18000001	21	40000001	3732.379139
21	19000001	21	40000001	4215.931305
21	20000001	21	40000001	2176.394926
21	21000001	21	40000001	2118.540153
21	22000001	21	40000001	2112.556950
21	23000001	21	40000001	2134.792507
21	24000001	21	40000001	2373.321005
21	25000001	21	40000001	3025.934185
21	26000001	21	40000001	3915.755858
21	27000001	21	40000001	5334.052752
21	28000001	21	40000001	3457.725925
21	29000001	21	40000001	3661.705324
21	30000001	21	40000001	7395.058968
21	31000001	21	40000001	5825.347206
21	32000001	21	40000001	7359.057738
21	33000001	21	40000001	10366.553012
21	34000001	21	40000001	6480.276331
21	35000001	21	40000001	6532.509945
21	36000001	21	40000001	7324.046860
21	37000001	21	40000001	9442.071286
21	38000001	21	40000001	17840.743748
21	39000001	21	40000001	56539.499889
21	40000001	21	40000001	240631.637563
21	9000001	21	41000001	1576.201069
21	10000001	21	41000001	4297.274289
21	11000001	21	41000001	3480.009767
21	14000001	21	41000001	7534.750737
21	15000001	21	41000001	3412.525237
21	16000001	21	41000001	2763.468162
21	17000001	21	41000001	5007.865531
21	18000001	21	41000001	7142.754669
21	19000001	21	41000001	5118.559710
21	20000001	21	41000001	6167.742190
21	21000001	21	41000001	5830.760433
21	22000001	21	41000001	5509.271132
21	23000001	21	41000001	5698.108602
21	24000001	21	41000001	4730.379412
21	25000001	21	41000001	3795.791423
21	26000001	21	41000001	2225.223024
21	27000001	21	41000001	4707.393646
21	28000001	21	41000001	8863.121700
21	29000001	21	41000001	8801.790762
21	30000001	21	41000001	3642.010484
21	31000001	21	41000001	8975.613038
21	32000001	21	41000001	7271.706657
21	33000001	21	41000001	5192.205125
21	34000001	21	41000001	1987.345885
21	35000001	21	41000001	2426.771411
21	36000001	21	41000001	3381.894636
21	37000001	21	41000001	3153.074514
21	38000001	21	41000001	3899.527028
21	39000001	21	41000001	15970.520046
21	40000001	21	41000001	38449.055429
21	41000001	21	41000001	253162.640701
21	9000001	21	42000001	924.017235
21	10000001	21	42000001	1874.711991
21	11000001	21	42000001	1658.512040
21	14000001	21	42000001	3881.638390
21	15000001	21	42000001	3605.669073
21	16000001	21	42000001	3262.587846
21	17000001	21	42000001	3904.626420
21	18000001	21	42000001	4720.120118
21	19000001	21	42000001	3952.095174
21	20000001	21	42000001	3270.307482
21	21000001	21	42000001	3052.132199
21	22000001	21	42000001	2952.417073
21	23000001	21	42000001	2984.154380
21	24000001	21	42000001	2937.380144
21	25000001	21	42000001	2996.765963
21	26000001	21	42000001	2963.581767
21	27000001	21	42000001	4524.957665
21	28000001	21	42000001	4873.896927
21	29000001	21	42000001	5015.773733
21	30000001	21	42000001	4932.812619
21	31000001	21	42000001	6046.531725
21	32000001	21	42000001	6205.518261
21	33000001	21	42000001	7245.597645
21	34000001	21	42000001	4094.576676
21	35000001	21	42000001	4183.377268
21	36000001	21	42000001	4695.962268
21	37000001	21	42000001	5289.909741
21	38000001	21	42000001	6975.162708
21	39000001	21	42000001	14204.922357
21	40000001	21	42000001	26580.193144
21	41000001	21	42000001	64991.639184
21	42000001	21	42000001	227673.950679
21	9000001	21	43000001	116.504275
21	10000001	21	43000001	269.636317
21	11000001	21	43000001	218.102338
21	14000001	21	43000001	608.205125
21	15000001	21	43000001	2185.174424
21	16000001	21	43000001	2043.557334
21	17000001	21	43000001	1362.519808
21	18000001	21	43000001	1154.714749
21	19000001	21	43000001	1528.549168
21	20000001	21	43000001	687.400774
21	21000001	21	43000001	603.448141
21	22000001	21	43000001	636.693872
21	23000001	21	43000001	625.266865
21	24000001	21	43000001	852.122885
21	25000001	21	43000001	1091.062822
21	26000001	21	43000001	2592.103801
21	27000001	21	43000001	2279.717926
21	28000001	21	43000001	978.104436
21	29000001	21	43000001	980.095845
21	30000001	21	43000001	3615.114916
21	31000001	21	43000001	1678.301416
21	32000001	21	43000001	2734.160293
21	33000001	21	43000001	4418.695084
21	34000001	21	43000001	5799.222272
21	35000001	21	43000001	4912.559122
21	36000001	21	43000001	4210.373969
21	37000001	21	43000001	5510.004068
21	38000001	21	43000001	7603.754451
21	39000001	21	43000001	6554.412453
21	40000001	21	43000001	10311.814643
21	41000001	21	43000001	5387.930605
21	42000001	21	43000001	49162.426795
21	43000001	21	43000001	300857.144111
21	9000001	21	44000001	128.688607
21	10000001	21	44000001	194.254646
21	11000001	21	44000001	236.685543
21	14000001	21	44000001	378.339213
21	15000001	21	44000001	1129.777858
21	16000001	21	44000001	1145.117617
21	17000001	21	44000001	845.940637
21	18000001	21	44000001	677.711214
21	19000001	21	44000001	852.803162
21	20000001	21	44000001	477.823530
21	21000001	21	44000001	424.082373
21	22000001	21	44000001	489.161079
21	23000001	21	44000001	547.946456
21	24000001	21	44000001	610.365855
21	25000001	21	44000001	795.681818
21	26000001	21	44000001	1425.875530
21	27000001	21	44000001	1326.324255
21	28000001	21	44000001	760.466688
21	29000001	21	44000001	744.522794
21	30000001	21	44000001	1949.870174
21	31000001	21	44000001	1203.904451
21	32000001	21	44000001	1618.292326
21	33000001	21	44000001	2975.410821
21	34000001	21	44000001	4222.182660
21	35000001	21	44000001	3961.074165
21	36000001	21	44000001	3196.372854
21	37000001	21	44000001	4073.274714
21	38000001	21	44000001	4960.907457
21	39000001	21	44000001	3493.692625
21	40000001	21	44000001	4766.911162
21	41000001	21	44000001	2775.735290
21	42000001	21	44000001	9691.562685
21	43000001	21	44000001	57976.210840
21	44000001	21	44000001	309668.941069
21	9000001	21	45000001	138.637158
21	10000001	21	45000001	221.438894
21	11000001	21	45000001	203.189602
21	14000001	21	45000001	354.404519
21	15000001	21	45000001	1096.679357
21	16000001	21	45000001	938.532897
21	17000001	21	45000001	748.339304
21	18000001	21	45000001	640.919968
21	19000001	21	45000001	778.399603
21	20000001	21	45000001	425.244614
21	21000001	21	45000001	391.388111
21	22000001	21	45000001	423.101512
21	23000001	21	45000001	412.121488
21	24000001	21	45000001	491.762597
21	25000001	21	45000001	613.284968
21	26000001	21	45000001	1326.317105
21	27000001	21	45000001	1129.605239
21	28000001	21	45000001	617.575786
21	29000001	21	45000001	690.182453
21	30000001	21	45000001	1825.576280
21	31000001	21	45000001	918.380189
21	32000001	21	45000001	1291.116831
21	33000001	21	45000001	2107.103013
21	34000001	21	45000001	3628.522124
21	35000001	21	45000001	3080.297235
21	36000001	21	45000001	2225.621389
21	37000001	21	45000001	3072.720901
21	38000001	21	45000001	3559.862913
21	39000001	21	45000001	2441.668265
21	40000001	21	45000001	3517.025620
21	41000001	21	45000001	1988.445773
21	42000001	21	45000001	5361.812344
21	43000001	21	45000001	16670.367206
21	44000001	21	45000001	68481.928629
21	45000001	21	45000001	299654.089261
21	9000001	21	46000001	216.706989
21	10000001	21	46000001	373.107983
21	11000001	21	46000001	330.631888
21	14000001	21	46000001	482.150753
21	15000001	21	46000001	1286.909054
21	16000001	21	46000001	1177.188254
21	17000001	21	46000001	1051.316838
21	18000001	21	46000001	998.899076
21	19000001	21	46000001	1123.667106
21	20000001	21	46000001	602.789598
21	21000001	21	46000001	610.540904
21	22000001	21	46000001	634.598270
21	23000001	21	46000001	646.216177
21	24000001	21	46000001	775.957150
21	25000001	21	46000001	933.607911
21	26000001	21	46000001	1341.540990
21	27000001	21	46000001	1527.751166
21	28000001	21	46000001	960.484550
21	29000001	21	46000001	983.053683
21	30000001	21	46000001	1913.768525
21	31000001	21	46000001	1490.366072
21	32000001	21	46000001	1769.339244
21	33000001	21	46000001	3024.317355
21	34000001	21	46000001	3109.293258
21	35000001	21	46000001	3171.101168
21	36000001	21	46000001	2822.112892
21	37000001	21	46000001	3303.731608
21	38000001	21	46000001	3622.721378
21	39000001	21	46000001	3725.634185
21	40000001	21	46000001	4879.199638
21	41000001	21	46000001	3087.618174
21	42000001	21	46000001	7038.366222
21	43000001	21	46000001	9578.776214
21	44000001	21	46000001	16471.454929
21	45000001	21	46000001	69438.765674
21	46000001	21	46000001	285076.724790
21	9000001	21	47000001	243.585792
21	10000001	21	47000001	398.332162
21	11000001	21	47000001	392.005026
21	14000001	21	47000001	864.279442
21	15000001	21	47000001	1653.188146
21	16000001	21	47000001	1475.995295
21	17000001	21	47000001	1395.107866
21	18000001	21	47000001	1371.995077
21	19000001	21	47000001	1461.984821
21	20000001	21	47000001	949.061999
21	21000001	21	47000001	825.409306
21	22000001	21	47000001	844.784172
21	23000001	21	47000001	882.234784
21	24000001	21	47000001	917.363022
21	25000001	21	47000001	1132.948619
21	26000001	21	47000001	1546.512552
21	27000001	21	47000001	1866.340034
21	28000001	21	47000001	1216.780622
21	29000001	21	47000001	1315.934603
21	30000001	21	47000001	2459.729258
21	31000001	21	47000001	1915.757592
21	32000001	21	47000001	2266.649905
21	33000001	21	47000001	3609.911759
21	34000001	21	47000001	3207.671410
21	35000001	21	47000001	3098.648660
21	36000001	21	47000001	2710.430725
21	37000001	21	47000001	3416.882704
21	38000001	21	47000001	3771.208315
21	39000001	21	47000001	4131.446626
21	40000001	21	47000001	5641.605935
21	41000001	21	47000001	3732.600934
21	42000001	21	47000001	6834.615305
21	43000001	21	47000001	6810.732937
21	44000001	21	47000001	9247.681607
21	45000001	21	47000001	19946.000452
21	46000001	21	47000001	75812.555488
21	47000001	21	47000001	254894.501464
21	9000001	21	48000001	187.470632
21	10000001	21	48000001	192.496117
21	11000001	21	48000001	237.048699
21	14000001	21	48000001	251.404467
21	15000001	21	48000001	1072.590584
21	16000001	21	48000001	914.526486
21	17000001	21	48000001	903.284167
21	18000001	21	48000001	920.441349
21	19000001	21	48000001	875.073257
21	20000001	21	48000001	496.941696
21	21000001	21	48000001	507.890552
21	22000001	21	48000001	507.041395
21	23000001	21	48000001	518.853345
21	24000001	21	48000001	647.388689
21	25000001	21	48000001	749.906275
21	26000001	21	48000001	901.631624
21	27000001	21	48000001	1110.592197
21	28000001	21	48000001	683.071773
21	29000001	21	48000001	653.667497
21	30000001	21	48000001	1424.141078
21	31000001	21	48000001	900.202236
21	32000001	21	48000001	1199.719821
21	33000001	21	48000001	1662.096202
21	34000001	21	48000001	1502.918162
21	35000001	21	48000001	1682.352980
21	36000001	21	48000001	1272.185431
21	37000001	21	48000001	1734.051578
21	38000001	21	48000001	2081.556203
21	39000001	21	48000001	1796.560800
21	40000001	21	48000001	2946.805679
21	41000001	21	48000001	1590.914465
21	42000001	21	48000001	3166.017316
21	43000001	21	48000001	3125.554939
21	44000001	21	48000001	3803.407052
21	45000001	21	48000001	6879.924760
21	46000001	21	48000001	12337.307600
21	47000001	21	48000001	93467.731215
21	48000001	21	48000001	372825.366239
