22	16000001	22	16000001	709165.276449
22	16000001	22	17000001	42145.174944
22	17000001	22	17000001	495309.981457
22	16000001	22	18000001	5162.058735
22	17000001	22	18000001	101480.208226
22	18000001	22	18000001	477928.659459
22	16000001	22	19000001	2824.351441
22	17000001	22	19000001	12992.527300
22	18000001	22	19000001	52104.720531
22	19000001	22	19000001	431699.072415
22	16000001	22	20000001	1355.586716
22	17000001	22	20000001	6343.878116
22	18000001	22	20000001	14514.050703
22	19000001	22	20000001	98914.754512
22	20000001	22	20000001	421309.936623
22	16000001	22	21000001	952.786434
22	17000001	22	21000001	5069.581823
22	18000001	22	21000001	9393.342279
22	19000001	22	21000001	27959.419615
22	20000001	22	21000001	107915.050474
22	21000001	22	21000001	447072.010111
22	16000001	22	22000001	898.461555
22	17000001	22	22000001	4043.160389
22	18000001	22	22000001	7051.839424
22	19000001	22	22000001	13737.594995
22	20000001	22	22000001	21894.541289
22	21000001	22	22000001	66265.325897
22	22000001	22	22000001	461920.702660
22	16000001	22	23000001	1076.409447
22	17000001	22	23000001	3912.095923
22	18000001	22	23000001	6455.025135
22	19000001	22	23000001	12297.823163
22	20000001	22	23000001	14629.415955
22	21000001	22	23000001	22201.808922
22	22000001	22	23000001	109351.221057
22	23000001	22	23000001	445231.799913
22	16000001	22	24000001	763.567846
22	17000001	22	24000001	5006.722532
22	18000001	22	24000001	8652.038691
22	19000001	22	24000001	14478.984764
22	20000001	22	24000001	15951.458363
22	21000001	22	24000001	19604.097415
22	22000001	22	24000001	29020.406761
22	23000001	22	24000001	82415.087292
22	24000001	22	24000001	457500.666962
22	16000001	22	25000001	2393.789611
22	17000001	22	25000001	8447.243338
22	18000001	22	25000001	9329.687487
22	19000001	22	25000001	13038.552974
22	20000001	22	25000001	8544.620459
22	21000001	22	25000001	9279.479122
22	22000001	22	25000001	9435.820873
22	23000001	22	25000001	17517.337778
22	24000001	22	25000001	43864.423116
22	25000001	22	25000001	382332.413262
22	16000001	22	26000001	2261.229715
22	17000001	22	26000001	8527.920447
22	18000001	22	26000001	8827.839181
22	19000001	22	26000001	9342.529779
22	20000001	22	26000001	6337.871288
22	21000001	22	26000001	6342.389951
22	22000001	22	26000001	6292.830310
22	23000001	22	26000001	9250.393904
22	24000001	22	26000001	15844.170479
22	25000001	22	26000001	128399.606959
22	26000001	22	26000001	356001.647521
22	16000001	22	27000001	4905.203188
22	17000001	22	27000001	9365.474739
22	18000001	22	27000001	6651.533521
22	19000001	22	27000001	6914.133423
22	20000001	22	27000001	4070.021047
22	21000001	22	27000001	3825.221441
22	22000001	22	27000001	3655.202049
22	23000001	22	27000001	5560.366813
22	24000001	22	27000001	7541.178886
22	25000001	22	27000001	30622.384387
22	26000001	22	27000001	90164.841248
22	27000001	22	27000001	373465.645630
22	16000001	22	28000001	3220.909975
22	17000001	22	28000001	8754.680212
22	18000001	22	28000001	6489.400114
22	19000001	22	28000001	6910.564678
22	20000001	22	28000001	3741.336151
22	21000001	22	28000001	3833.457375
22	22000001	22	28000001	3487.276704
22	23000001	22	28000001	5183.693784
22	24000001	22	28000001	6748.759047
22	25000001	22	28000001	23700.458346
22	26000001	22	28000001	37398.181672
22	27000001	22	28000001	123577.804162
22	28000001	22	28000001	369557.686386
22	16000001	22	29000001	1011.401797
22	17000001	22	29000001	5973.447009
22	18000001	22	29000001	7810.606643
22	19000001	22	29000001	7883.570210
22	20000001	22	29000001	6539.054879
22	21000001	22	29000001	6417.197257
22	22000001	22	29000001	6330.663090
22	23000001	22	29000001	6421.393639
22	24000001	22	29000001	11362.989125
22	25000001	22	29000001	14360.792004
22	26000001	22	29000001	19446.919565
22	27000001	22	29000001	21969.315627
22	28000001	22	29000001	80093.990212
22	29000001	22	29000001	407303.878749
22	16000001	22	30000001	622.583663
22	17000001	22	30000001	3780.220034
22	18000001	22	30000001	5738.784049
22	19000001	22	30000001	8134.602875
22	20000001	22	30000001	7428.923424
22	21000001	22	30000001	7172.124489
22	22000001	22	30000001	6588.368706
22	23000001	22	30000001	6794.438005
22	24000001	22	30000001	10040.858812
22	25000001	22	30000001	9409.096089
22	26000001	22	30000001	9593.759450
22	27000001	22	30000001	8215.567256
22	28000001	22	30000001	13862.768828
22	29000001	22	30000001	79659.886121
22	30000001	22	30000001	435740.855796
22	16000001	22	31000001	807.785990
22	17000001	22	31000001	4216.065746
22	18000001	22	31000001	6188.416463
22	19000001	22	31000001	7918.305352
22	20000001	22	31000001	7063.999923
22	21000001	22	31000001	6952.695696
22	22000001	22	31000001	6014.793561
22	23000001	22	31000001	5927.019973
22	24000001	22	31000001	9072.417315
22	25000001	22	31000001	8258.232430
22	26000001	22	31000001	8416.220916
22	27000001	22	31000001	7006.209251
22	28000001	22	31000001	9965.107199
22	29000001	22	31000001	25856.073944
22	30000001	22	31000001	91608.516614
22	31000001	22	31000001	414052.532138
22	16000001	22	32000001	842.775415
22	17000001	22	32000001	7070.357249
22	18000001	22	32000001	7390.640801
22	19000001	22	32000001	7720.350388
22	20000001	22	32000001	5030.565194
22	21000001	22	32000001	4764.840223
22	22000001	22	32000001	3853.722123
22	23000001	22	32000001	4471.327016
22	24000001	22	32000001	6738.020726
22	25000001	22	32000001	10181.214158
22	26000001	22	32000001	10703.594097
22	27000001	22	32000001	11133.480008
22	28000001	22	32000001	14737.495596
22	29000001	22	32000001	17595.488569
22	30000001	22	32000001	20115.956310
22	31000001	22	32000001	84867.617334
22	32000001	22	32000001	395558.091453
22	16000001	22	33000001	2666.896432
22	17000001	22	33000001	8623.511454
22	18000001	22	33000001	6087.393681
22	19000001	22	33000001	4621.689455
22	20000001	22	33000001	2656.685760
22	21000001	22	33000001	2458.688305
22	22000001	22	33000001	2366.181707
22	23000001	22	33000001	3092.246050
22	24000001	22	33000001	3503.082682
22	25000001	22	33000001	8927.008160
22	26000001	22	33000001	9303.452824
22	27000001	22	33000001	12759.384552
22	28000001	22	33000001	14456.758242
22	29000001	22	33000001	9100.484091
22	30000001	22	33000001	8141.096576
22	31000001	22	33000001	12628.362532
22	32000001	22	33000001	71762.199964
22	33000001	22	33000001	362652.545338
22	16000001	22	34000001	5328.384163
22	17000001	22	34000001	7106.220594
22	18000001	22	34000001	3912.605355
22	19000001	22	34000001	3211.487262
22	20000001	22	34000001	1981.221381
22	21000001	22	34000001	1900.494841
22	22000001	22	34000001	1996.500845
22	23000001	22	34000001	2431.724946
22	24000001	22	34000001	2680.132306
22	25000001	22	34000001	6424.647497
22	26000001	22	34000001	6690.915817
22	27000001	22	34000001	11991.400630
22	28000001	22	34000001	11007.607585
22	29000001	22	34000001	5695.184437
22	30000001	22	34000001	5061.476151
22	31000001	22	34000001	7044.896753
22	32000001	22	34000001	20514.451119
22	33000001	22	34000001	126164.464718
22	34000001	22	34000001	389090.365158
22	16000001	22	35000001	2434.675929
22	17000001	22	35000001	7630.544929
22	18000001	22	35000001	6191.993485
22	19000001	22	35000001	4801.854576
22	20000001	22	35000001	3217.827622
22	21000001	22	35000001	2876.780875
22	22000001	22	35000001	2596.910015
22	23000001	22	35000001	3184.033531
22	24000001	22	35000001	4145.018225
22	25000001	22	35000001	7127.895402
22	26000001	22	35000001	7291.665695
22	27000001	22	35000001	8864.375884
22	28000001	22	35000001	9126.278193
22	29000001	22	35000001	7686.644710
22	30000001	22	35000001	6472.697481
22	31000001	22	35000001	9273.041133
22	32000001	22	35000001	19820.663558
22	33000001	22	35000001	55565.110683
22	34000001	22	35000001	107859.546946
22	35000001	22	35000001	361541.872941
22	16000001	22	36000001	731.370167
22	17000001	22	36000001	4658.451096
22	18000001	22	36000001	5765.096314
22	19000001	22	36000001	6419.140925
22	20000001	22	36000001	4964.398705
22	21000001	22	36000001	4706.621952
22	22000001	22	36000001	4288.131157
22	23000001	22	36000001	4652.306238
22	24000001	22	36000001	6155.018901
22	25000001	22	36000001	6823.694432
22	26000001	22	36000001	6192.646254
22	27000001	22	36000001	4980.000216
22	28000001	22	36000001	5996.818012
22	29000001	22	36000001	8217.367116
22	30000001	22	36000001	9214.914290
22	31000001	22	36000001	11901.844048
22	32000001	22	36000001	15701.430202
22	33000001	22	36000001	16809.902379
22	34000001	22	36000001	16753.860553
22	35000001	22	36000001	85983.757793
22	36000001	22	36000001	415429.297008
22	16000001	22	37000001	407.955977
22	17000001	22	37000001	2479.052866
22	18000001	22	37000001	3905.169165
22	19000001	22	37000001	5769.659343
22	20000001	22	37000001	5623.782691
22	21000001	22	37000001	5408.572341
22	22000001	22	37000001	4998.272716
22	23000001	22	37000001	5224.258691
22	24000001	22	37000001	6050.293386
22	25000001	22	37000001	4751.599931
22	26000001	22	37000001	4267.027638
22	27000001	22	37000001	3142.370961
22	28000001	22	37000001	3364.584008
22	29000001	22	37000001	6111.122762
22	30000001	22	37000001	8040.578477
22	31000001	22	37000001	9499.487651
22	32000001	22	37000001	8612.075551
22	33000001	22	37000001	6767.915209
22	34000001	22	37000001	6134.688367
22	35000001	22	37000001	14847.162153
22	36000001	22	37000001	71781.293137
22	37000001	22	37000001	459523.148458
22	16000001	22	38000001	292.808606
22	17000001	22	38000001	1469.650151
22	18000001	22	38000001	2488.149598
22	19000001	22	38000001	3929.177930
22	20000001	22	38000001	4816.053065
22	21000001	22	38000001	4976.338482
22	22000001	22	38000001	4823.067150
22	23000001	22	38000001	3856.180408
22	24000001	22	38000001	5033.576745
22	25000001	22	38000001	2502.292211
22	26000001	22	38000001	2309.385334
22	27000001	22	38000001	1662.565560
22	28000001	22	38000001	1828.349876
22	29000001	22	38000001	4415.016028
22	30000001	22	38000001	5869.157231
22	31000001	22	38000001	6523.846094
22	32000001	22	38000001	4542.036131
22	33000001	22	38000001	2968.577789
22	34000001	22	38000001	2821.915773
22	35000001	22	38000001	5792.742260
22	36000001	22	38000001	15416.618835
22	37000001	22	38000001	69820.703344
22	38000001	22	38000001	488093.360319
22	16000001	22	39000001	314.786451
22	17000001	22	39000001	1264.508086
22	18000001	22	39000001	2063.087894
22	19000001	22	39000001	2889.809166
22	20000001	22	39000001	3311.103219
22	21000001	22	39000001	3655.924308
22	22000001	22	39000001	3675.012206
22	23000001	22	39000001	3176.343842
22	24000001	22	39000001	3961.862739
22	25000001	22	39000001	2070.409575
22	26000001	22	39000001	1974.584979
22	27000001	22	39000001	1371.888719
22	28000001	22	39000001	1477.399374
22	29000001	22	39000001	3404.566451
22	30000001	22	39000001	4365.029107
22	31000001	22	39000001	4701.154797
22	32000001	22	39000001	3269.315113
22	33000001	22	39000001	2353.456593
22	34000001	22	39000001	2071.276572
22	35000001	22	39000001	4120.577338
22	36000001	22	39000001	8705.494017
22	37000001	22	39000001	19497.556745
22	38000001	22	39000001	84445.392047
22	39000001	22	39000001	459185.659328
22	16000001	22	40000001	179.556437
22	17000001	22	40000001	1224.064480
22	18000001	22	40000001	1926.110744
22	19000001	22	40000001	2581.915062
22	20000001	22	40000001	2861.255800
22	21000001	22	40000001	3193.165013
22	22000001	22	40000001	3655.988060
22	23000001	22	40000001	3084.493163
22	24000001	22	40000001	3473.368378
22	25000001	22	40000001	2296.072729
22	26000001	22	40000001	1942.923112
22	27000001	22	40000001	1508.268983
22	28000001	22	40000001	1615.921044
22	29000001	22	40000001	3171.721307
22	30000001	22	40000001	3859.790261
22	31000001	22	40000001	4285.414582
22	32000001	22	40000001	3234.927670
22	33000001	22	40000001	2522.157563
22	34000001	22	40000001	2223.289395
22	35000001	22	40000001	3614.871975
22	36000001	22	40000001	6507.388952
22	37000001	22	40000001	10923.526469
22	38000001	22	40000001	19054.241016
22	39000001	22	40000001	112375.868443
22	40000001	22	40000001	460228.610476
22	16000001	22	41000001	303.309905
22	17000001	22	41000001	1125.660371
22	18000001	22	41000001	1834.675344
22	19000001	22	41000001	2638.741203
22	20000001	22	41000001	3222.827542
22	21000001	22	41000001	3814.293747
22	22000001	22	41000001	3759.230191
22	23000001	22	41000001	2807.547825
22	24000001	22	41000001	3903.410048
22	25000001	22	41000001	1638.000255
22	26000001	22	41000001	1685.247777
22	27000001	22	41000001	1127.757906
22	28000001	22	41000001	1257.300557
22	29000001	22	41000001	3385.226649
22	30000001	22	41000001	4038.420044
22	31000001	22	41000001	4596.337921
22	32000001	22	41000001	3164.854496
22	33000001	22	41000001	1677.046647
22	34000001	22	41000001	1537.982001
22	35000001	22	41000001	2844.950883
22	36000001	22	41000001	5709.381471
22	37000001	22	41000001	9609.207622
22	38000001	22	41000001	18994.787439
22	39000001	22	41000001	32584.816872
22	40000001	22	41000001	108957.398684
22	41000001	22	41000001	482414.232463
22	16000001	22	42000001	338.804782
22	17000001	22	42000001	1367.216493
22	18000001	22	42000001	2364.994333
22	19000001	22	42000001	3274.614367
22	20000001	22	42000001	4071.068137
22	21000001	22	42000001	4044.865895
22	22000001	22	42000001	4305.810119
22	23000001	22	42000001	3497.440127
22	24000001	22	42000001	4619.429296
22	25000001	22	42000001	2101.920654
22	26000001	22	42000001	2006.485257
22	27000001	22	42000001	1272.145076
22	28000001	22	42000001	1360.720069
22	29000001	22	42000001	3795.295893
22	30000001	22	42000001	4601.629192
22	31000001	22	42000001	5027.118481
22	32000001	22	42000001	3252.164830
22	33000001	22	42000001	1985.661741
22	34000001	22	42000001	1774.246639
22	35000001	22	42000001	3167.480737
22	36000001	22	42000001	6393.579432
22	37000001	22	42000001	10723.852037
22	38000001	22	42000001	14432.598121
22	39000001	22	42000001	15153.104034
22	40000001	22	42000001	15974.601727
22	41000001	22	42000001	71621.272192
22	42000001	22	42000001	526057.873342
22	16000001	22	43000001	510.655701
22	17000001	22	43000001	2810.027760
22	18000001	22	43000001	4173.151796
22	19000001	22	43000001	5671.788272
22	20000001	22	43000001	4853.189183
22	21000001	22	43000001	4768.061293
22	22000001	22	43000001	4564.947145
22	23000001	22	43000001	4475.219000
22	24000001	22	43000001	5539.886728
22	25000001	22	43000001	5271.807122
22	26000001	22	43000001	4580.664245
22	27000001	22	43000001	3938.747449
22	28000001	22	43000001	4108.552639
22	29000001	22	43000001	5429.033457
22	30000001	22	43000001	5913.842087
22	31000001	22	43000001	6161.535247
22	32000001	22	43000001	6261.168120
22	33000001	22	43000001	5028.443234
22	34000001	22	43000001	3977.066927
22	35000001	22	43000001	6075.869111
22	36000001	22	43000001	9261.048604
22	37000001	22	43000001	11406.050703
22	38000001	22	43000001	9317.759910
22	39000001	22	43000001	8793.732806
22	40000001	22	43000001	9766.681840
22	41000001	22	43000001	14452.554739
22	42000001	22	43000001	62394.809511
22	43000001	22	43000001	426012.472113
22	16000001	22	44000001	930.714035
22	17000001	22	44000001	4189.282989
22	18000001	22	44000001	4555.158994
22	19000001	22	44000001	6438.968500
22	20000001	22	44000001	4219.476183
22	21000001	22	44000001	4012.530848
22	22000001	22	44000001	3308.940020
22	23000001	22	44000001	4323.678673
22	24000001	22	44000001	4278.604701
22	25000001	22	44000001	7392.331225
22	26000001	22	44000001	5892.720898
22	27000001	22	44000001	6327.361221
22	28000001	22	44000001	6329.252737
22	29000001	22	44000001	4968.195184
22	30000001	22	44000001	5094.558181
22	31000001	22	44000001	5542.141233
22	32000001	22	44000001	7497.412333
22	33000001	22	44000001	7288.026064
22	34000001	22	44000001	5903.068292
22	35000001	22	44000001	7594.132574
22	36000001	22	44000001	9145.886833
22	37000001	22	44000001	8948.680240
22	38000001	22	44000001	5295.234826
22	39000001	22	44000001	4920.275063
22	40000001	22	44000001	5646.703507
22	41000001	22	44000001	5690.579415
22	42000001	22	44000001	10824.239919
22	43000001	22	44000001	94936.094279
22	44000001	22	44000001	404374.857054
22	16000001	22	45000001	1184.212034
22	17000001	22	45000001	4711.000991
22	18000001	22	45000001	5286.337159
22	19000001	22	45000001	6685.903876
22	20000001	22	45000001	4306.439111
22	21000001	22	45000001	3946.440452
22	22000001	22	45000001	3121.543927
22	23000001	22	45000001	3966.476885
22	24000001	22	45000001	4408.009965
22	25000001	22	45000001	7446.752664
22	26000001	22	45000001	6187.083082
22	27000001	22	45000001	6189.695555
22	28000001	22	45000001	6308.961993
22	29000001	22	45000001	5176.730593
22	30000001	22	45000001	5151.824353
22	31000001	22	45000001	5653.185140
22	32000001	22	45000001	7499.609501
22	33000001	22	45000001	7365.293300
22	34000001	22	45000001	5704.532555
22	35000001	22	45000001	7483.517893
22	36000001	22	45000001	8827.536514
22	37000001	22	45000001	7858.603980
22	38000001	22	45000001	4590.892927
22	39000001	22	45000001	4300.274604
22	40000001	22	45000001	4649.828569
22	41000001	22	45000001	4414.840414
22	42000001	22	45000001	7515.753217
22	43000001	22	45000001	34786.100488
22	44000001	22	45000001	98173.873115
22	45000001	22	45000001	378975.326707
22	16000001	22	46000001	834.858589
22	17000001	22	46000001	5622.973279
22	18000001	22	46000001	6736.210052
22	19000001	22	46000001	6632.752048
22	20000001	22	46000001	4934.554090
22	21000001	22	46000001	4282.172570
22	22000001	22	46000001	3502.078327
22	23000001	22	46000001	3715.670806
22	24000001	22	46000001	5099.508145
22	25000001	22	46000001	5994.358319
22	26000001	22	46000001	5409.420135
22	27000001	22	46000001	4467.626258
22	28000001	22	46000001	4624.033640
22	29000001	22	46000001	5782.440699
22	30000001	22	46000001	5462.089158
22	31000001	22	46000001	5859.599831
22	32000001	22	46000001	7246.416303
22	33000001	22	46000001	5986.859748
22	34000001	22	46000001	4436.818416
22	35000001	22	46000001	7106.908361
22	36000001	22	46000001	8361.597175
22	37000001	22	46000001	6967.742448
22	38000001	22	46000001	4812.333621
22	39000001	22	46000001	3932.590532
22	40000001	22	46000001	3923.780652
22	41000001	22	46000001	4279.207039
22	42000001	22	46000001	6440.265542
22	43000001	22	46000001	16382.085920
22	44000001	22	46000001	24311.703343
22	45000001	22	46000001	96984.352507
22	46000001	22	46000001	403024.058622
22	16000001	22	47000001	4146.948073
22	17000001	22	47000001	9226.392703
22	18000001	22	47000001	6013.147212
22	19000001	22	47000001	4850.079632
22	20000001	22	47000001	3016.111787
22	21000001	22	47000001	2445.559135
22	22000001	22	47000001	2150.869240
22	23000001	22	47000001	2371.329315
22	24000001	22	47000001	3131.664954
22	25000001	22	47000001	5672.741727
22	26000001	22	47000001	5808.077351
22	27000001	22	47000001	7608.563909
22	28000001	22	47000001	6862.189812
22	29000001	22	47000001	4500.635547
22	30000001	22	47000001	3486.942396
22	31000001	22	47000001	4133.897716
22	32000001	22	47000001	6905.422391
22	33000001	22	47000001	8634.912716
22	34000001	22	47000001	8806.965618
22	35000001	22	47000001	8950.104376
22	36000001	22	47000001	6104.946160
22	37000001	22	47000001	3929.490975
22	38000001	22	47000001	2421.019009
22	39000001	22	47000001	2080.332392
22	40000001	22	47000001	2208.639875
22	41000001	22	47000001	2297.110471
22	42000001	22	47000001	3062.120605
22	43000001	22	47000001	7939.185060
22	44000001	22	47000001	12279.021078
22	45000001	22	47000001	21621.591817
22	46000001	22	47000001	80938.188309
22	47000001	22	47000001	347392.776492
22	16000001	22	48000001	7164.688151
22	17000001	22	48000001	7956.028930
22	18000001	22	48000001	3338.669137
22	19000001	22	48000001	2509.610288
22	20000001	22	48000001	1278.543001
22	21000001	22	48000001	1012.170390
22	22000001	22	48000001	902.967461
22	23000001	22	48000001	1215.437919
22	24000001	22	48000001	1251.691007
22	25000001	22	48000001	3965.056169
22	26000001	22	48000001	4257.143355
22	27000001	22	48000001	8432.420610
22	28000001	22	48000001	6303.189767
22	29000001	22	48000001	2629.829113
22	30000001	22	48000001	1717.123048
22	31000001	22	48000001	2201.015315
22	32000001	22	48000001	4395.131693
22	33000001	22	48000001	8045.434718
22	34000001	22	48000001	11650.192328
22	35000001	22	48000001	7981.195619
22	36000001	22	48000001	3523.703695
22	37000001	22	48000001	2144.681984
22	38000001	22	48000001	1316.274562
22	39000001	22	48000001	1196.946173
22	40000001	22	48000001	1307.205116
22	41000001	22	48000001	1207.146162
22	42000001	22	48000001	1533.055383
22	43000001	22	48000001	4578.371446
22	44000001	22	48000001	8098.889345
22	45000001	22	48000001	11853.573846
22	46000001	22	48000001	17749.915406
22	47000001	22	48000001	120162.649637
22	48000001	22	48000001	406552.292168
22	16000001	22	49000001	9118.082501
22	17000001	22	49000001	7000.173302
22	18000001	22	49000001	2927.342798
22	19000001	22	49000001	2590.874819
22	20000001	22	49000001	1318.401640
22	21000001	22	49000001	999.034374
22	22000001	22	49000001	771.404622
22	23000001	22	49000001	1218.583954
22	24000001	22	49000001	1145.467960
22	25000001	22	49000001	4194.152785
22	26000001	22	49000001	4350.476655
22	27000001	22	49000001	9591.286204
22	28000001	22	49000001	6789.827878
22	29000001	22	49000001	2316.077410
22	30000001	22	49000001	1697.965506
22	31000001	22	49000001	2101.450309
22	32000001	22	49000001	4469.336397
22	33000001	22	49000001	8038.074860
22	34000001	22	49000001	12075.133845
22	35000001	22	49000001	7567.790574
22	36000001	22	49000001	3385.840263
22	37000001	22	49000001	2031.905144
22	38000001	22	49000001	1255.205127
22	39000001	22	49000001	1086.821196
22	40000001	22	49000001	1286.122691
22	41000001	22	49000001	1110.858467
22	42000001	22	49000001	1369.405897
22	43000001	22	49000001	4321.909011
22	44000001	22	49000001	8055.070968
22	45000001	22	49000001	10516.017386
22	46000001	22	49000001	11954.760984
22	47000001	22	49000001	65175.629162
22	48000001	22	49000001	120473.061368
22	49000001	22	49000001	430078.470053
22	16000001	22	50000001	1386.389320
22	17000001	22	50000001	5762.078095
22	18000001	22	50000001	5905.327308
22	19000001	22	50000001	5436.203427
22	20000001	22	50000001	4220.619785
22	21000001	22	50000001	3693.636301
22	22000001	22	50000001	2928.200310
22	23000001	22	50000001	2684.901073
22	24000001	22	50000001	4217.333037
22	25000001	22	50000001	3816.051526
22	26000001	22	50000001	4101.870887
22	27000001	22	50000001	3823.295010
22	28000001	22	50000001	3655.777873
22	29000001	22	50000001	5097.671238
22	30000001	22	50000001	4189.613946
22	31000001	22	50000001	5190.261434
22	32000001	22	50000001	5717.558629
22	33000001	22	50000001	4493.560104
22	34000001	22	50000001	3832.391375
22	35000001	22	50000001	6020.101471
22	36000001	22	50000001	6466.420732
22	37000001	22	50000001	5291.610152
22	38000001	22	50000001	4304.788136
22	39000001	22	50000001	3471.272907
22	40000001	22	50000001	2584.156658
22	41000001	22	50000001	3510.450457
22	42000001	22	50000001	4770.203340
22	43000001	22	50000001	6811.662963
22	44000001	22	50000001	7854.382105
22	45000001	22	50000001	10534.685660
22	46000001	22	50000001	17591.823531
22	47000001	22	50000001	25567.043764
22	48000001	22	50000001	23691.669257
22	49000001	22	50000001	57620.143052
22	50000001	22	50000001	393235.990260
22	16000001	22	51000001	975.635471
22	17000001	22	51000001	2994.501148
22	18000001	22	51000001	3016.615164
22	19000001	22	51000001	3833.955064
22	20000001	22	51000001	3201.462631
22	21000001	22	51000001	2443.897816
22	22000001	22	51000001	2102.094659
22	23000001	22	51000001	1985.556419
22	24000001	22	51000001	2456.892818
22	25000001	22	51000001	2128.088524
22	26000001	22	51000001	2256.415103
22	27000001	22	51000001	1957.306664
22	28000001	22	51000001	1922.993776
22	29000001	22	51000001	2740.177825
22	30000001	22	51000001	2774.036795
22	31000001	22	51000001	3143.498192
22	32000001	22	51000001	3018.345124
22	33000001	22	51000001	2157.554106
22	34000001	22	51000001	1862.850990
22	35000001	22	51000001	2799.530003
22	36000001	22	51000001	3723.254319
22	37000001	22	51000001	3796.452365
22	38000001	22	51000001	3167.971503
22	39000001	22	51000001	2437.854719
22	40000001	22	51000001	1810.035304
22	41000001	22	51000001	2443.399077
22	42000001	22	51000001	3164.224109
22	43000001	22	51000001	4385.909906
22	44000001	22	51000001	5018.038664
22	45000001	22	51000001	6273.291948
22	46000001	22	51000001	8268.349847
22	47000001	22	51000001	7757.767184
22	48000001	22	51000001	6063.117651
22	49000001	22	51000001	9657.918793
22	50000001	22	51000001	160180.935455
22	51000001	22	51000001	541740.158359
