22	16000001	22	16000001	360607.264960
22	16000001	22	16500001	23360.110727
22	16500001	22	16500001	336814.034598
22	16000001	22	17000001	13160.980718
22	16500001	22	17000001	34694.251398
22	17000001	22	17000001	241230.715098
22	16000001	22	17500001	3461.700466
22	16500001	22	17500001	5669.086931
22	17000001	22	17500001	54849.176845
22	17500001	22	17500001	215223.729763
22	16000001	22	18000001	1681.277757
22	16500001	22	18000001	1956.135575
22	17000001	22	18000001	11226.785199
22	17500001	22	18000001	47058.017065
22	18000001	22	18000001	195511.024639
22	16000001	22	18500001	1240.353035
22	16500001	22	18500001	979.265304
22	17000001	22	18500001	4798.973583
22	17500001	22	18500001	14717.238513
22	18000001	22	18500001	80950.923800
22	18500001	22	18500001	192588.360879
22	16000001	22	19000001	550.465101
22	16500001	22	19000001	898.163245
22	17000001	22	19000001	2565.242060
22	17500001	22	19000001	4569.230727
22	18000001	22	19000001	7081.070413
22	18500001	22	19000001	35844.285069
22	19000001	22	19000001	194277.421299
22	16000001	22	19500001	890.615732
22	16500001	22	19500001	843.775016
22	17000001	22	19500001	1879.053414
22	17500001	22	19500001	3376.777843
22	18000001	22	19500001	4890.033774
22	18500001	22	19500001	16974.514831
22	19000001	22	19500001	63133.895711
22	19500001	22	19500001	170334.076109
22	16000001	22	20000001	118.681098
22	16500001	22	20000001	468.496782
22	17000001	22	20000001	1242.618057
22	17500001	22	20000001	2210.201670
22	18000001	22	20000001	3449.390380
22	18500001	22	20000001	6222.929738
22	19000001	22	20000001	16996.004641
22	19500001	22	20000001	56631.498583
22	20000001	22	20000001	200226.148942
22	16500001	22	20500001	500.546820
22	17000001	22	20500001	862.651007
22	17500001	22	20500001	1848.702728
22	18000001	22	20500001	2826.214621
22	18500001	22	20500001	3720.858541
22	19000001	22	20500001	8516.336988
22	19500001	22	20500001	15184.711790
22	20000001	22	20500001	43263.235155
22	20500001	22	20500001	210289.627046
22	16000001	22	21000001	402.051835
22	16500001	22	21000001	333.293160
22	17000001	22	21000001	1071.792473
22	17500001	22	21000001	1913.787161
22	18000001	22	21000001	2535.615889
22	18500001	22	21000001	3488.814386
22	19000001	22	21000001	7438.944856
22	19500001	22	21000001	10417.291717
22	20000001	22	21000001	18585.624445
22	20500001	22	21000001	59990.251950
22	21000001	22	21000001	198014.571756
22	16000001	22	21500001	557.794503
22	16500001	22	21500001	176.152688
22	17000001	22	21500001	417.159655
22	17500001	22	21500001	1062.052069
22	18000001	22	21500001	1710.874940
22	18500001	22	21500001	1805.165399
22	19000001	22	21500001	3060.610303
22	19500001	22	21500001	3531.346549
22	20000001	22	21500001	5881.572937
22	20500001	22	21500001	8498.417694
22	21000001	22	21500001	23417.400926
22	21500001	22	21500001	272889.019500
22	16000001	22	22000001	341.535169
22	16500001	22	22000001	229.197254
22	17000001	22	22000001	624.143489
22	17500001	22	22000001	1348.072888
22	18000001	22	22000001	1905.548413
22	18500001	22	22000001	2020.169989
22	19000001	22	22000001	3480.282914
22	19500001	22	22000001	4110.626212
22	20000001	22	22000001	5717.523599
22	20500001	22	22000001	7991.492189
22	21000001	22	22000001	16320.017045
22	21500001	22	22000001	48966.657177
22	22000001	22	22000001	185565.425664
22	16000001	22	22500001	632.984081
22	16500001	22	22500001	259.867031
22	17000001	22	22500001	619.990732
22	17500001	22	22500001	1119.901614
22	18000001	22	22500001	1468.389955
22	18500001	22	22500001	1670.640393
22	19000001	22	22500001	2499.680688
22	19500001	22	22500001	3020.766125
22	20000001	22	22500001	3391.227476
22	20500001	22	22500001	4508.629178
22	21000001	22	22500001	6938.695310
22	21500001	22	22500001	8175.490534
22	22000001	22	22500001	52523.675645
22	22500001	22	22500001	219890.899657
22	16000001	22	23000001	89.295038
22	16500001	22	23000001	324.294970
22	17000001	22	23000001	564.410383
22	17500001	22	23000001	1058.324048
22	18000001	22	23000001	1474.118606
22	18500001	22	23000001	1509.292177
22	19000001	22	23000001	2243.363778
22	19500001	22	23000001	2602.968631
22	20000001	22	23000001	3028.111272
22	20500001	22	23000001	3605.080085
22	21000001	22	23000001	5201.915299
22	21500001	22	23000001	5952.425518
22	22000001	22	23000001	25351.718219
22	22500001	22	23000001	56126.585020
22	23000001	22	23000001	204606.910562
22	16000001	22	23500001	272.919002
22	16500001	22	23500001	373.483067
22	17000001	22	23500001	783.514633
22	17500001	22	23500001	1319.543726
22	18000001	22	23500001	1592.363544
22	18500001	22	23500001	2135.630018
22	19000001	22	23500001	3316.349904
22	19500001	22	23500001	3988.576470
22	20000001	22	23500001	4123.081565
22	20500001	22	23500001	4441.322411
22	21000001	22	23500001	6955.131235
22	21500001	22	23500001	5586.819780
22	22000001	22	23500001	15653.958750
22	22500001	22	23500001	17490.185140
22	23000001	22	23500001	58217.584699
22	23500001	22	23500001	180265.444359
22	16000001	22	24000001	182.259356
22	16500001	22	24000001	215.842094
22	17000001	22	24000001	560.617168
22	17500001	22	24000001	1371.530630
22	18000001	22	24000001	1928.255507
22	18500001	22	24000001	1917.736896
22	19000001	22	24000001	3442.321173
22	19500001	22	24000001	3532.622011
22	20000001	22	24000001	4168.782349
22	20500001	22	24000001	4517.705555
22	21000001	22	24000001	6125.073086
22	21500001	22	24000001	5417.773315
22	22000001	22	24000001	8921.814945
22	22500001	22	24000001	8453.217717
22	23000001	22	24000001	14234.254853
22	23500001	22	24000001	48585.381011
22	24000001	22	24000001	192257.504143
22	16000001	22	24500001	351.806752
22	16500001	22	24500001	236.090303
22	17000001	22	24500001	768.102407
22	17500001	22	24500001	1847.724596
22	18000001	22	24500001	2558.784813
22	18500001	22	24500001	2316.892193
22	19000001	22	24500001	3768.213423
22	19500001	22	24500001	3660.494898
22	20000001	22	24500001	3842.779103
22	20500001	22	24500001	4086.366968
22	21000001	22	24500001	5007.015613
22	21500001	22	24500001	3867.907437
22	22000001	22	24500001	6039.335204
22	22500001	22	24500001	5434.535519
22	23000001	22	24500001	6928.386452
22	23500001	22	24500001	13802.174730
22	24000001	22	24500001	59720.282753
22	24500001	22	24500001	206715.795549
22	16000001	22	25000001	1080.964008
22	16500001	22	25000001	701.706497
22	17000001	22	25000001	2025.406859
22	17500001	22	25000001	2405.061277
22	18000001	22	25000001	2081.628264
22	18500001	22	25000001	2924.292446
22	19000001	22	25000001	3875.501739
22	19500001	22	25000001	3856.625304
22	20000001	22	25000001	2586.856693
22	20500001	22	25000001	2492.053929
22	21000001	22	25000001	3371.142840
22	21500001	22	25000001	1811.394721
22	22000001	22	25000001	2608.624785
22	22500001	22	25000001	2861.349389
22	23000001	22	25000001	3325.476471
22	23500001	22	25000001	8327.519342
22	24000001	22	25000001	8688.699066
22	24500001	22	25000001	24592.709211
22	25000001	22	25000001	191611.924269
22	16000001	22	25500001	1175.847626
22	16500001	22	25500001	649.836559
22	17000001	22	25500001	1619.297884
22	17500001	22	25500001	2507.162903
22	18000001	22	25500001	2323.737700
22	18500001	22	25500001	2579.615126
22	19000001	22	25500001	2870.085461
22	19500001	22	25500001	2754.245479
22	20000001	22	25500001	2032.463928
22	20500001	22	25500001	1982.036304
22	21000001	22	25500001	2443.517235
22	21500001	22	25500001	1548.729093
22	22000001	22	25500001	2068.481311
22	22500001	22	25500001	2181.439941
22	23000001	22	25500001	2412.109939
22	23500001	22	25500001	4234.233330
22	24000001	22	25500001	4615.266702
22	24500001	22	25500001	8401.593574
22	25000001	22	25500001	42589.993708
22	25500001	22	25500001	161826.140275
22	16000001	22	26000001	719.156779
22	16500001	22	26000001	780.694879
22	17000001	22	26000001	1852.071883
22	17500001	22	26000001	2365.485423
22	18000001	22	26000001	2069.880228
22	18500001	22	26000001	2248.991824
22	19000001	22	26000001	2422.546000
22	19500001	22	26000001	2285.904149
22	20000001	22	26000001	1696.143592
22	20500001	22	26000001	1565.622654
22	21000001	22	26000001	1940.729593
22	21500001	22	26000001	1160.517596
22	22000001	22	26000001	1667.704510
22	22500001	22	26000001	1667.730248
22	23000001	22	26000001	1820.494974
22	23500001	22	26000001	3246.838078
22	24000001	22	26000001	3186.867454
22	24500001	22	26000001	5231.393384
22	25000001	22	26000001	17681.361068
22	25500001	22	26000001	72057.519170
22	26000001	22	26000001	160107.226587
22	16000001	22	26500001	691.993365
22	16500001	22	26500001	614.623988
22	17000001	22	26500001	1706.992540
22	17500001	22	26500001	2655.494567
22	18000001	22	26500001	2467.686133
22	18500001	22	26500001	2343.898286
22	19000001	22	26500001	2624.569631
22	19500001	22	26500001	2145.028192
22	20000001	22	26500001	1797.506550
22	20500001	22	26500001	1616.804775
22	21000001	22	26500001	1955.813640
22	21500001	22	26500001	1194.955659
22	22000001	22	26500001	1532.025947
22	22500001	22	26500001	1507.624775
22	23000001	22	26500001	1662.350054
22	23500001	22	26500001	2699.527626
22	24000001	22	26500001	2975.276566
22	24500001	22	26500001	4703.860676
22	25000001	22	26500001	12129.236083
22	25500001	22	26500001	24880.191864
22	26000001	22	26500001	51693.850575
22	26500001	22	26500001	156652.359767
22	16000001	22	27000001	959.808454
22	16500001	22	27000001	1074.661122
22	17000001	22	27000001	2606.026974
22	17500001	22	27000001	2676.841211
22	18000001	22	27000001	1994.913350
22	18500001	22	27000001	2032.261515
22	19000001	22	27000001	1921.134905
22	19500001	22	27000001	1832.183115
22	20000001	22	27000001	1298.036818
22	20500001	22	27000001	1130.767918
22	21000001	22	27000001	1339.302793
22	21500001	22	27000001	805.355597
22	22000001	22	27000001	1043.439393
22	22500001	22	27000001	1051.301966
22	23000001	22	27000001	1161.177375
22	23500001	22	27000001	1950.486133
22	24000001	22	27000001	1879.028202
22	24500001	22	27000001	2935.629612
22	25000001	22	27000001	7643.782247
22	25500001	22	27000001	9748.909253
22	26000001	22	27000001	13623.042468
22	26500001	22	27000001	50282.246881
22	27000001	22	27000001	147388.809516
22	16000001	22	27500001	2548.861861
22	16500001	22	27500001	1945.261968
22	17000001	22	27500001	3292.339111
22	17500001	22	27500001	1825.586902
22	18000001	22	27500001	1214.559972
22	18500001	22	27500001	1517.260367
22	19000001	22	27500001	1581.701128
22	19500001	22	27500001	1519.549744
22	20000001	22	27500001	941.943371
22	20500001	22	27500001	799.571279
22	21000001	22	27500001	996.318158
22	21500001	22	27500001	438.864037
22	22000001	22	27500001	705.130536
22	22500001	22	27500001	830.279058
22	23000001	22	27500001	728.200324
22	23500001	22	27500001	1691.704717
22	24000001	22	27500001	1113.695992
22	24500001	22	27500001	1424.388584
22	25000001	22	27500001	7070.136299
22	25500001	22	27500001	6218.237067
22	26000001	22	27500001	9891.548690
22	26500001	22	27500001	13684.760911
22	27000001	22	27500001	53655.112436
22	27500001	22	27500001	180813.352391
22	16000001	22	28000001	1133.072345
22	16500001	22	28000001	894.566629
22	17000001	22	28000001	2435.327688
22	17500001	22	28000001	2357.926726
22	18000001	22	28000001	1716.246747
22	18500001	22	28000001	1694.413581
22	19000001	22	28000001	1851.960940
22	19500001	22	28000001	1612.724862
22	20000001	22	28000001	1040.522262
22	20500001	22	28000001	896.991781
22	21000001	22	28000001	1223.875691
22	21500001	22	28000001	652.467101
22	22000001	22	28000001	882.710932
22	22500001	22	28000001	878.629782
22	23000001	22	28000001	878.381378
22	23500001	22	28000001	1651.943591
22	24000001	22	28000001	1406.062739
22	24500001	22	28000001	2168.306556
22	25000001	22	28000001	6098.712134
22	25500001	22	28000001	6047.482982
22	26000001	22	28000001	8037.626788
22	26500001	22	28000001	13898.330545
22	27000001	22	28000001	36320.511978
22	27500001	22	28000001	50017.736698
22	28000001	22	28000001	153534.655847
22	16000001	22	28500001	943.643592
22	16500001	22	28500001	1061.641564
22	17000001	22	28500001	2316.374574
22	17500001	22	28500001	2226.969633
22	18000001	22	28500001	1484.430135
22	18500001	22	28500001	1807.797018
22	19000001	22	28500001	1745.035741
22	19500001	22	28500001	1713.531949
22	20000001	22	28500001	1005.304848
22	20500001	22	28500001	957.611822
22	21000001	22	28500001	1170.687491
22	21500001	22	28500001	558.588551
22	22000001	22	28500001	857.231883
22	22500001	22	28500001	875.326775
22	23000001	22	28500001	898.778083
22	23500001	22	28500001	1803.481439
22	24000001	22	28500001	1322.970748
22	24500001	22	28500001	1855.785717
22	25000001	22	28500001	6704.928960
22	25500001	22	28500001	5453.849594
22	26000001	22	28500001	7108.915815
22	26500001	22	28500001	8665.541049
22	27000001	22	28500001	17251.056015
22	27500001	22	28500001	19814.315557
22	28000001	22	28500001	48529.315436
22	28500001	22	28500001	173406.603684
22	16000001	22	29000001	460.192233
22	16500001	22	29000001	363.324210
22	17000001	22	29000001	1190.146560
22	17500001	22	29000001	2089.133709
22	18000001	22	29000001	2109.554739
22	18500001	22	29000001	1873.585119
22	19000001	22	29000001	1918.686444
22	19500001	22	29000001	1636.842962
22	20000001	22	29000001	1401.088790
22	20500001	22	29000001	1307.611764
22	21000001	22	29000001	1548.789617
22	21500001	22	29000001	1093.804915
22	22000001	22	29000001	1385.359410
22	22500001	22	29000001	1238.727321
22	23000001	22	29000001	1347.491217
22	23500001	22	29000001	1602.821652
22	24000001	22	29000001	2065.486125
22	24500001	22	29000001	2923.209984
22	25000001	22	29000001	3899.887650
22	25500001	22	29000001	4504.256812
22	26000001	22	29000001	4579.660543
22	26500001	22	29000001	7257.506140
22	27000001	22	29000001	8976.391409
22	27500001	22	29000001	5776.239110
22	28000001	22	29000001	21336.126597
22	28500001	22	29000001	44230.777334
22	29000001	22	29000001	188297.223768
22	16500001	22	29500001	285.608933
22	17000001	22	29500001	718.968591
22	17500001	22	29500001	1674.071288
22	18000001	22	29500001	2122.563433
22	18500001	22	29500001	1738.919157
22	19000001	22	29500001	2222.882314
22	19500001	22	29500001	2122.361450
22	20000001	22	29500001	2114.920773
22	20500001	22	29500001	1970.213424
22	21000001	22	29500001	2293.023052
22	21500001	22	29500001	1387.340516
22	22000001	22	29500001	1983.670191
22	22500001	22	29500001	1621.522802
22	23000001	22	29500001	1572.955493
22	23500001	22	29500001	1933.015707
22	24000001	22	29500001	2744.499269
22	24500001	22	29500001	3678.646860
22	25000001	22	29500001	2767.999440
22	25500001	22	29500001	3465.835743
22	26000001	22	29500001	3213.090583
22	26500001	22	29500001	4953.856026
22	27000001	22	29500001	4576.937599
22	27500001	22	29500001	2733.465020
22	28000001	22	29500001	7305.928294
22	28500001	22	29500001	11807.621490
22	29000001	22	29500001	50410.618490
22	29500001	22	29500001	176625.790987
22	16000001	22	30000001	261.851812
22	16500001	22	30000001	124.040037
22	17000001	22	30000001	551.698746
22	17500001	22	30000001	1240.826006
22	18000001	22	30000001	1504.402489
22	18500001	22	30000001	1453.346065
22	19000001	22	30000001	1996.245424
22	19500001	22	30000001	2079.652071
22	20000001	22	30000001	1958.337079
22	20500001	22	30000001	1927.125460
22	21000001	22	30000001	2218.354904
22	21500001	22	30000001	1297.942991
22	22000001	22	30000001	1944.093764
22	22500001	22	30000001	1413.747963
22	23000001	22	30000001	1405.165217
22	23500001	22	30000001	1990.629405
22	24000001	22	30000001	2427.623371
22	24500001	22	30000001	2932.441374
22	25000001	22	30000001	2526.087413
22	25500001	22	30000001	2381.834042
22	26000001	22	30000001	2200.394610
22	26500001	22	30000001	2807.257686
22	27000001	22	30000001	2321.942311
22	27500001	22	30000001	1827.621212
22	28000001	22	30000001	3083.370128
22	28500001	22	30000001	4520.729335
22	29000001	22	30000001	7982.790473
22	29500001	22	30000001	46109.621231
22	30000001	22	30000001	205612.449027
22	16000001	22	30500001	164.445269
22	16500001	22	30500001	246.677784
22	17000001	22	30500001	656.577140
22	17500001	22	30500001	1130.176031
22	18000001	22	30500001	1461.232398
22	18500001	22	30500001	1454.552191
22	19000001	22	30500001	2046.919314
22	19500001	22	30500001	2030.337837
22	20000001	22	30500001	1999.918471
22	20500001	22	30500001	1890.924697
22	21000001	22	30500001	2189.826284
22	21500001	22	30500001	1252.440592
22	22000001	22	30500001	1707.601068
22	22500001	22	30500001	1403.817848
22	23000001	22	30500001	1366.563195
22	23500001	22	30500001	2094.431169
22	24000001	22	30500001	2239.042020
22	24500001	22	30500001	2559.833435
22	25000001	22	30500001	2375.335885
22	25500001	22	30500001	2369.193491
22	26000001	22	30500001	2139.149924
22	26500001	22	30500001	2689.087227
22	27000001	22	30500001	2241.614618
22	27500001	22	30500001	1868.970188
22	28000001	22	30500001	2926.559375
22	28500001	22	30500001	3727.837341
22	29000001	22	30500001	5758.596292
22	29500001	22	30500001	20422.752145
22	30000001	22	30500001	53404.253757
22	30500001	22	30500001	185952.475130
22	16000001	22	31000001	262.672798
22	16500001	22	31000001	317.985071
22	17000001	22	31000001	709.740355
22	17500001	22	31000001	1323.389196
22	18000001	22	31000001	1450.463869
22	18500001	22	31000001	1537.184474
22	19000001	22	31000001	2096.330932
22	19500001	22	31000001	2022.536879
22	20000001	22	31000001	1863.331224
22	20500001	22	31000001	1766.266787
22	21000001	22	31000001	2159.635879
22	21500001	22	31000001	1217.500478
22	22000001	22	31000001	1592.816136
22	22500001	22	31000001	1323.475292
22	23000001	22	31000001	1317.403343
22	23500001	22	31000001	1972.749684
22	24000001	22	31000001	2055.538306
22	24500001	22	31000001	2232.045042
22	25000001	22	31000001	2629.544561
22	25500001	22	31000001	2376.311446
22	26000001	22	31000001	2204.739773
22	26500001	22	31000001	2608.008384
22	27000001	22	31000001	2272.210489
22	27500001	22	31000001	2034.487008
22	28000001	22	31000001	2779.929584
22	28500001	22	31000001	3519.576361
22	29000001	22	31000001	4498.950977
22	29500001	22	31000001	9260.625339
22	30000001	22	31000001	15293.273616
22	30500001	22	31000001	50120.929640
22	31000001	22	31000001	187098.577642
22	16500001	22	31500001	213.646979
22	17000001	22	31500001	522.273590
22	17500001	22	31500001	1385.563596
22	18000001	22	31500001	1878.431401
22	18500001	22	31500001	1418.759385
22	19000001	22	31500001	2028.993437
22	19500001	22	31500001	1843.525338
22	20000001	22	31500001	1946.255488
22	20500001	22	31500001	1855.502271
22	21000001	22	31500001	2079.760416
22	21500001	22	31500001	1414.810128
22	22000001	22	31500001	1752.555408
22	22500001	22	31500001	1260.953606
22	23000001	22	31500001	1227.407867
22	23500001	22	31500001	1483.882027
22	24000001	22	31500001	2354.118929
22	24500001	22	31500001	2582.624444
22	25000001	22	31500001	1619.300126
22	25500001	22	31500001	1850.656155
22	26000001	22	31500001	1633.792992
22	26500001	22	31500001	2205.810038
22	27000001	22	31500001	1673.501020
22	27500001	22	31500001	1064.035415
22	28000001	22	31500001	1836.926283
22	28500001	22	31500001	2064.386589
22	29000001	22	31500001	3936.320097
22	29500001	22	31500001	8449.738919
22	30000001	22	31500001	9778.631830
22	30500001	22	31500001	16787.670938
22	31000001	22	31500001	51475.714382
22	31500001	22	31500001	187480.733890
22	16000001	22	32000001	174.710053
22	16500001	22	32000001	110.347611
22	17000001	22	32000001	946.238505
22	17500001	22	32000001	1827.714373
22	18000001	22	32000001	2064.072705
22	18500001	22	32000001	1688.895072
22	19000001	22	32000001	2237.095782
22	19500001	22	32000001	1812.859129
22	20000001	22	32000001	1606.740643
22	20500001	22	32000001	1402.796193
22	21000001	22	32000001	1684.588018
22	21500001	22	32000001	1019.701912
22	22000001	22	32000001	1243.878175
22	22500001	22	32000001	1036.955014
22	23000001	22	32000001	1019.933044
22	23500001	22	32000001	1293.501849
22	24000001	22	32000001	1717.595015
22	24500001	22	32000001	2367.307441
22	25000001	22	32000001	2127.590444
22	25500001	22	32000001	2240.284640
22	26000001	22	32000001	2141.038476
22	26500001	22	32000001	2707.393698
22	27000001	22	32000001	2410.389842
22	27500001	22	32000001	1754.861723
22	28000001	22	32000001	2656.719088
22	28500001	22	32000001	3051.191645
22	29000001	22	32000001	4070.295648
22	29500001	22	32000001	6035.506987
22	30000001	22	32000001	5228.897358
22	30500001	22	32000001	6918.960871
22	31000001	22	32000001	11876.974647
22	31500001	22	32000001	54423.666631
22	32000001	22	32000001	182294.734672
22	16000001	22	32500001	103.343881
22	16500001	22	32500001	473.225146
22	17000001	22	32500001	2021.957381
22	17500001	22	32500001	2382.229611
22	18000001	22	32500001	1829.668860
22	18500001	22	32500001	1920.038729
22	19000001	22	32500001	2078.486416
22	19500001	22	32500001	1648.773322
22	20000001	22	32500001	1223.002592
22	20500001	22	32500001	958.034716
22	21000001	22	32500001	1236.870633
22	21500001	22	32500001	561.088853
22	22000001	22	32500001	750.089157
22	22500001	22	32500001	734.353287
22	23000001	22	32500001	791.435299
22	23500001	22	32500001	1404.174558
22	24000001	22	32500001	1026.680398
22	24500001	22	32500001	1565.939060
22	25000001	22	32500001	3309.028821
22	25500001	22	32500001	2938.362517
22	26000001	22	32500001	3000.117727
22	26500001	22	32500001	3259.009284
22	27000001	22	32500001	3667.837792
22	27500001	22	32500001	3686.815550
22	28000001	22	32500001	4317.289028
22	28500001	22	32500001	5392.078647
22	29000001	22	32500001	4055.092840
22	29500001	22	32500001	3522.449332
22	30000001	22	32500001	3348.085269
22	30500001	22	32500001	4588.469567
22	31000001	22	32500001	7495.158431
22	31500001	22	32500001	9836.750457
22	32000001	22	32500001	47442.501072
22	32500001	22	32500001	170193.870209
22	16000001	22	33000001	1169.384635
22	16500001	22	33000001	1040.738060
22	17000001	22	33000001	2618.525553
22	17500001	22	33000001	2181.046265
22	18000001	22	33000001	1421.271690
22	18500001	22	33000001	1399.328942
22	19000001	22	33000001	1373.359883
22	19500001	22	33000001	1229.689113
22	20000001	22	33000001	736.834831
22	20500001	22	33000001	637.082857
22	21000001	22	33000001	762.712433
22	21500001	22	33000001	346.308238
22	22000001	22	33000001	488.877011
22	22500001	22	33000001	526.897560
22	23000001	22	33000001	571.843719
22	23500001	22	33000001	990.506504
22	24000001	22	33000001	620.263715
22	24500001	22	33000001	922.218544
22	25000001	22	33000001	3247.886730
22	25500001	22	33000001	2382.730947
22	26000001	22	33000001	2940.428988
22	26500001	22	33000001	2701.074370
22	27000001	22	33000001	3862.312843
22	27500001	22	33000001	4890.265190
22	28000001	22	33000001	4218.457740
22	28500001	22	33000001	5647.075083
22	29000001	22	33000001	2770.344353
22	29500001	22	33000001	1919.181503
22	30000001	22	33000001	1961.895739
22	30500001	22	33000001	2625.198216
22	31000001	22	33000001	4026.694396
22	31500001	22	33000001	3314.530739
22	32000001	22	33000001	12353.438120
22	32500001	22	33000001	48848.159464
22	33000001	22	33000001	170216.444509
22	16000001	22	33500001	348.409153
22	16500001	22	33500001	673.923645
22	17000001	22	33500001	2292.559899
22	17500001	22	33500001	2320.891668
22	18000001	22	33500001	1840.537351
22	18500001	22	33500001	1467.848009
22	19000001	22	33500001	1141.671231
22	19500001	22	33500001	991.518289
22	20000001	22	33500001	741.233062
22	20500001	22	33500001	679.659850
22	21000001	22	33500001	776.418025
22	21500001	22	33500001	472.907758
22	22000001	22	33500001	671.616898
22	22500001	22	33500001	685.725545
22	23000001	22	33500001	722.570440
22	23500001	22	33500001	858.696990
22	24000001	22	33500001	811.243714
22	24500001	22	33500001	1163.244444
22	25000001	22	33500001	1938.142866
22	25500001	22	33500001	1903.347830
22	26000001	22	33500001	2039.999643
22	26500001	22	33500001	2100.654148
22	27000001	22	33500001	2439.582346
22	27500001	22	33500001	2343.050493
22	28000001	22	33500001	2557.820479
22	28500001	22	33500001	2925.691749
22	29000001	22	33500001	2581.984751
22	29500001	22	33500001	2116.092901
22	30000001	22	33500001	1829.464742
22	30500001	22	33500001	1998.346496
22	31000001	22	33500001	2819.198164
22	31500001	22	33500001	3018.235369
22	32000001	22	33500001	6449.898175
22	32500001	22	33500001	13654.578584
22	33000001	22	33500001	40766.569171
22	33500001	22	33500001	163039.820509
22	16000001	22	34000001	1387.480657
22	16500001	22	34000001	1283.210201
22	17000001	22	34000001	2247.466006
22	17500001	22	34000001	1792.644143
22	18000001	22	34000001	1307.913942
22	18500001	22	34000001	1005.401984
22	19000001	22	34000001	982.365416
22	19500001	22	34000001	817.480904
22	20000001	22	34000001	664.019899
22	20500001	22	34000001	568.100233
22	21000001	22	34000001	699.190938
22	21500001	22	34000001	367.687091
22	22000001	22	34000001	577.475862
22	22500001	22	34000001	655.388703
22	23000001	22	34000001	584.786818
22	23500001	22	34000001	796.642758
22	24000001	22	34000001	727.687887
22	24500001	22	34000001	984.178141
22	25000001	22	34000001	1713.467283
22	25500001	22	34000001	1602.704185
22	26000001	22	34000001	1777.702155
22	26500001	22	34000001	1780.091017
22	27000001	22	34000001	2221.183999
22	27500001	22	34000001	3030.205939
22	28000001	22	34000001	2394.713394
22	28500001	22	34000001	2722.018513
22	29000001	22	34000001	1912.828904
22	29500001	22	34000001	1587.906502
22	30000001	22	34000001	1472.543367
22	30500001	22	34000001	1597.784591
22	31000001	22	34000001	2140.662336
22	31500001	22	34000001	2169.563354
22	32000001	22	34000001	4163.744440
22	32500001	22	34000001	7935.410189
22	33000001	22	34000001	17922.345583
22	33500001	22	34000001	62908.444097
22	34000001	22	34000001	171603.774369
22	16000001	22	34500001	1364.816615
22	16500001	22	34500001	2155.059922
22	17000001	22	34500001	2969.338192
22	17500001	22	34500001	1339.134995
22	18000001	22	34500001	729.064561
22	18500001	22	34500001	813.474296
22	19000001	22	34500001	749.734651
22	19500001	22	34500001	642.091483
22	20000001	22	34500001	422.025973
22	20500001	22	34500001	365.822034
22	21000001	22	34500001	458.577482
22	21500001	22	34500001	247.001688
22	22000001	22	34500001	335.702682
22	22500001	22	34500001	414.499834
22	23000001	22	34500001	359.468081
22	23500001	22	34500001	675.070922
22	24000001	22	34500001	387.642021
22	24500001	22	34500001	513.387378
22	25000001	22	34500001	2012.996008
22	25500001	22	34500001	1324.070233
22	26000001	22	34500001	1693.606261
22	26500001	22	34500001	1590.172583
22	27000001	22	34500001	2663.698324
22	27500001	22	34500001	4778.376453
22	28000001	22	34500001	2868.103414
22	28500001	22	34500001	3374.558485
22	29000001	22	34500001	1319.022742
22	29500001	22	34500001	859.908278
22	30000001	22	34500001	906.540144
22	30500001	22	34500001	1048.157977
22	31000001	22	34500001	1545.010195
22	31500001	22	34500001	1176.517694
22	32000001	22	34500001	2462.780481
22	32500001	22	34500001	6707.684162
22	33000001	22	34500001	16755.849292
22	33500001	22	34500001	21855.447195
22	34000001	22	34500001	46303.569698
22	34500001	22	34500001	175665.707756
22	16000001	22	35000001	1125.478311
22	16500001	22	35000001	1260.155377
22	17000001	22	35000001	2658.437928
22	17500001	22	35000001	1887.926669
22	18000001	22	35000001	1176.968701
22	18500001	22	35000001	1116.891267
22	19000001	22	35000001	930.941638
22	19500001	22	35000001	814.396953
22	20000001	22	35000001	541.069870
22	20500001	22	35000001	512.138109
22	21000001	22	35000001	569.464425
22	21500001	22	35000001	320.960918
22	22000001	22	35000001	372.259887
22	22500001	22	35000001	416.057938
22	23000001	22	35000001	499.979760
22	23500001	22	35000001	672.455518
22	24000001	22	35000001	541.512769
22	24500001	22	35000001	795.134900
22	25000001	22	35000001	1982.951661
22	25500001	22	35000001	1580.890918
22	26000001	22	35000001	1910.889335
22	26500001	22	35000001	1857.856039
22	27000001	22	35000001	2543.210079
22	27500001	22	35000001	3524.407388
22	28000001	22	35000001	2655.800544
22	28500001	22	35000001	3076.466360
22	29000001	22	35000001	1689.624685
22	29500001	22	35000001	1220.931091
22	30000001	22	35000001	1001.584662
22	30500001	22	35000001	1245.573660
22	31000001	22	35000001	1760.448615
22	31500001	22	35000001	1511.196372
22	32000001	22	35000001	3013.967676
22	32500001	22	35000001	6589.198650
22	33000001	22	35000001	13109.326540
22	33500001	22	35000001	21402.027715
22	34000001	22	35000001	27472.523184
22	34500001	22	35000001	63216.324409
22	35000001	22	35000001	165416.245154
22	16000001	22	35500001	314.580342
22	16500001	22	35500001	372.544274
22	17000001	22	35500001	1369.856777
22	17500001	22	35500001	2225.937704
22	18000001	22	35500001	2103.630226
22	18500001	22	35500001	1608.854914
22	19000001	22	35500001	1589.539383
22	19500001	22	35500001	1351.822593
22	20000001	22	35500001	1145.721703
22	20500001	22	35500001	1023.499383
22	21000001	22	35500001	1096.858077
22	21500001	22	35500001	742.489464
22	22000001	22	35500001	885.280441
22	22500001	22	35500001	811.887497
22	23000001	22	35500001	887.098600
22	23500001	22	35500001	1054.654230
22	24000001	22	35500001	1164.210449
22	24500001	22	35500001	1510.366075
22	25000001	22	35500001	1791.843341
22	25500001	22	35500001	1944.402914
22	26000001	22	35500001	1705.826614
22	26500001	22	35500001	2021.027982
22	27000001	22	35500001	1935.535747
22	27500001	22	35500001	1390.193972
22	28000001	22	35500001	1921.344803
22	28500001	22	35500001	1898.195170
22	29000001	22	35500001	2377.474106
22	29500001	22	35500001	2331.877897
22	30000001	22	35500001	1890.884483
22	30500001	22	35500001	2206.441793
22	31000001	22	35500001	2683.241930
22	31500001	22	35500001	3213.901271
22	32000001	22	35500001	4726.231811
22	32500001	22	35500001	6145.055263
22	33000001	22	35500001	7251.716047
22	33500001	22	35500001	15314.886582
22	34000001	22	35500001	13872.390156
22	34500001	22	35500001	17156.304489
22	35000001	22	35500001	42696.415572
22	35500001	22	35500001	158191.236652
22	16000001	22	36000001	205.347676
22	16500001	22	36000001	405.307700
22	17000001	22	36000001	1258.316482
22	17500001	22	36000001	1742.963533
22	18000001	22	36000001	1563.313139
22	18500001	22	36000001	1613.187505
22	19000001	22	36000001	1720.672118
22	19500001	22	36000001	1610.212504
22	20000001	22	36000001	1138.636834
22	20500001	22	36000001	1061.648931
22	21000001	22	36000001	1253.405931
22	21500001	22	36000001	582.226563
22	22000001	22	36000001	934.850762
22	22500001	22	36000001	868.762748
22	23000001	22	36000001	867.611524
22	23500001	22	36000001	1387.999098
22	24000001	22	36000001	1089.846846
22	24500001	22	36000001	1402.453760
22	25000001	22	36000001	2518.028528
22	25500001	22	36000001	1926.984821
22	26000001	22	36000001	1899.600660
22	26500001	22	36000001	1889.323102
22	27000001	22	36000001	1838.015411
22	27500001	22	36000001	1699.374002
22	28000001	22	36000001	1982.227282
22	28500001	22	36000001	2499.115398
22	29000001	22	36000001	2190.187937
22	29500001	22	36000001	1960.700395
22	30000001	22	36000001	2060.570704
22	30500001	22	36000001	2603.026184
22	31000001	22	36000001	3073.323477
22	31500001	22	36000001	2621.284151
22	32000001	22	36000001	3980.935889
22	32500001	22	36000001	5911.071991
22	33000001	22	36000001	6533.896566
22	33500001	22	36000001	6263.633477
22	34000001	22	36000001	6039.527126
22	34500001	22	36000001	7623.110550
22	35000001	22	36000001	10404.830648
22	35500001	22	36000001	53263.202436
22	36000001	22	36000001	183666.137948
22	16000001	22	36500001	160.847557
22	16500001	22	36500001	101.592000
22	17000001	22	36500001	486.995078
22	17500001	22	36500001	1226.748616
22	18000001	22	36500001	1513.926654
22	18500001	22	36500001	1316.193535
22	19000001	22	36500001	1761.944474
22	19500001	22	36500001	1486.621876
22	20000001	22	36500001	1576.286661
22	20500001	22	36500001	1406.191416
22	21000001	22	36500001	1625.234587
22	21500001	22	36500001	1101.322966
22	22000001	22	36500001	1320.449526
22	22500001	22	36500001	1126.452871
22	23000001	22	36500001	1165.796181
22	23500001	22	36500001	1322.219562
22	24000001	22	36500001	1731.912260
22	24500001	22	36500001	1951.503106
22	25000001	22	36500001	1428.077734
22	25500001	22	36500001	1465.928730
22	26000001	22	36500001	1251.813217
22	26500001	22	36500001	1540.083950
22	27000001	22	36500001	1088.317583
22	27500001	22	36500001	674.330070
22	28000001	22	36500001	1051.835103
22	28500001	22	36500001	981.848667
22	29000001	22	36500001	1814.827740
22	29500001	22	36500001	2506.732484
22	30000001	22	36500001	2204.679937
22	30500001	22	36500001	2630.375322
22	31000001	22	36500001	2858.163173
22	31500001	22	36500001	3738.504959
22	32000001	22	36500001	3843.856693
22	32500001	22	36500001	2986.063259
22	33000001	22	36500001	2278.347741
22	33500001	22	36500001	3272.863709
22	34000001	22	36500001	2709.304957
22	34500001	22	36500001	2140.025454
22	35000001	22	36500001	3514.359517
22	35500001	22	36500001	19633.528529
22	36000001	22	36500001	43396.734892
22	36500001	22	36500001	201234.627516
22	16000001	22	37000001	84.102807
22	16500001	22	37000001	212.478761
22	17000001	22	37000001	482.896243
22	17500001	22	37000001	891.529514
22	18000001	22	37000001	1055.186403
22	18500001	22	37000001	1066.148623
22	19000001	22	37000001	1593.034189
22	19500001	22	37000001	1601.760452
22	20000001	22	37000001	1551.239843
22	20500001	22	37000001	1415.157704
22	21000001	22	37000001	1641.984366
22	21500001	22	37000001	986.812094
22	22000001	22	37000001	1284.551655
22	22500001	22	37000001	1054.772712
22	23000001	22	37000001	1082.674990
22	23500001	22	37000001	1597.020373
22	24000001	22	37000001	1428.189191
22	24500001	22	37000001	1500.782101
22	25000001	22	37000001	1685.680561
22	25500001	22	37000001	1318.191791
22	26000001	22	37000001	1253.477015
22	26500001	22	37000001	1275.368206
22	27000001	22	37000001	1072.229774
22	27500001	22	37000001	894.513032
22	28000001	22	37000001	976.277548
22	28500001	22	37000001	1114.741537
22	29000001	22	37000001	1377.969925
22	29500001	22	37000001	1808.972665
22	30000001	22	37000001	1964.943922
22	30500001	22	37000001	2479.970631
22	31000001	22	37000001	2737.247111
22	31500001	22	37000001	2491.758034
22	32000001	22	37000001	2583.920007
22	32500001	22	37000001	2584.045372
22	33000001	22	37000001	2239.462947
22	33500001	22	37000001	2160.505274
22	34000001	22	37000001	2001.209262
22	34500001	22	37000001	1995.283011
22	35000001	22	37000001	2664.442921
22	35500001	22	37000001	6506.012905
22	36000001	22	37000001	11849.324552
22	36500001	22	37000001	39000.889805
22	37000001	22	37000001	195534.711279
22	16000001	22	37500001	74.922276
22	16500001	22	37500001	59.151535
22	17000001	22	37500001	300.044332
22	17500001	22	37500001	674.799314
22	18000001	22	37500001	976.571560
22	18500001	22	37500001	880.672516
22	19000001	22	37500001	1271.205458
22	19500001	22	37500001	1323.914496
22	20000001	22	37500001	1507.886702
22	20500001	22	37500001	1385.002763
22	21000001	22	37500001	1600.389563
22	21500001	22	37500001	1109.600962
22	22000001	22	37500001	1409.313354
22	22500001	22	37500001	1143.770127
22	23000001	22	37500001	1205.433961
22	23500001	22	37500001	1367.406159
22	24000001	22	37500001	1553.626679
22	24500001	22	37500001	1594.943710
22	25000001	22	37500001	958.619046
22	25500001	22	37500001	975.010440
22	26000001	22	37500001	917.794045
22	26500001	22	37500001	952.516480
22	27000001	22	37500001	707.022092
22	27500001	22	37500001	509.445655
22	28000001	22	37500001	684.415609
22	28500001	22	37500001	676.694060
22	29000001	22	37500001	1163.415851
22	29500001	22	37500001	1822.979204
22	30000001	22	37500001	1732.065106
22	30500001	22	37500001	1998.728204
22	31000001	22	37500001	2110.677664
22	31500001	22	37500001	2387.870005
22	32000001	22	37500001	2066.863755
22	32500001	22	37500001	1556.701182
22	33000001	22	37500001	1107.762770
22	33500001	22	37500001	1484.965619
22	34000001	22	37500001	1309.766750
22	34500001	22	37500001	975.201698
22	35000001	22	37500001	1423.494648
22	35500001	22	37500001	3891.711228
22	36000001	22	37500001	5159.797494
22	36500001	22	37500001	15357.830644
22	37000001	22	37500001	65305.999367
22	37500001	22	37500001	201444.739045
22	16500001	22	38000001	91.249315
22	17000001	22	38000001	205.139892
22	17500001	22	38000001	476.861059
22	18000001	22	38000001	697.626913
22	18500001	22	38000001	618.784614
22	19000001	22	38000001	1052.587781
22	19500001	22	38000001	1069.159521
22	20000001	22	38000001	1381.770138
22	20500001	22	38000001	1390.255662
22	21000001	22	38000001	1535.496121
22	21500001	22	38000001	1093.164226
22	22000001	22	38000001	1386.707279
22	22500001	22	38000001	976.592046
22	23000001	22	38000001	918.451997
22	23500001	22	38000001	1099.785122
22	24000001	22	38000001	1420.629185
22	24500001	22	38000001	1283.921860
22	25000001	22	38000001	634.844100
22	25500001	22	38000001	670.154946
22	26000001	22	38000001	550.597664
22	26500001	22	38000001	694.301801
22	27000001	22	38000001	486.130794
22	27500001	22	38000001	358.429308
22	28000001	22	38000001	456.166394
22	28500001	22	38000001	448.646479
22	29000001	22	38000001	811.078873
22	29500001	22	38000001	1532.679677
22	30000001	22	38000001	1542.257106
22	30500001	22	38000001	1649.571394
22	31000001	22	38000001	1562.727651
22	31500001	22	38000001	2038.399242
22	32000001	22	38000001	1499.056285
22	32500001	22	38000001	936.542447
22	33000001	22	38000001	700.483188
22	33500001	22	38000001	897.453654
22	34000001	22	38000001	834.424892
22	34500001	22	38000001	623.686965
22	35000001	22	38000001	853.233656
22	35500001	22	38000001	2171.139511
22	36000001	22	38000001	2450.391133
22	36500001	22	38000001	6495.576680
22	37000001	22	38000001	10237.138631
22	37500001	22	38000001	38541.687360
22	38000001	22	38000001	202813.766576
22	16000001	22	38500001	182.469749
22	16500001	22	38500001	86.436501
22	17000001	22	38500001	193.691217
22	17500001	22	38500001	462.584203
22	18000001	22	38500001	612.934394
22	18500001	22	38500001	549.212975
22	19000001	22	38500001	883.526075
22	19500001	22	38500001	873.989093
22	20000001	22	38500001	1067.990541
22	20500001	22	38500001	1123.536017
22	21000001	22	38500001	1373.608104
22	21500001	22	38500001	949.411183
22	22000001	22	38500001	1293.227208
22	22500001	22	38500001	998.069023
22	23000001	22	38500001	859.058929
22	23500001	22	38500001	959.580112
22	24000001	22	38500001	1210.308017
22	24500001	22	38500001	1107.352441
22	25000001	22	38500001	561.743531
22	25500001	22	38500001	650.692616
22	26000001	22	38500001	485.190101
22	26500001	22	38500001	603.423710
22	27000001	22	38500001	448.560082
22	27500001	22	38500001	353.147366
22	28000001	22	38500001	469.567406
22	28500001	22	38500001	463.225111
22	29000001	22	38500001	749.228418
22	29500001	22	38500001	1300.318938
22	30000001	22	38500001	1297.030875
22	30500001	22	38500001	1397.872878
22	31000001	22	38500001	1381.444123
22	31500001	22	38500001	1607.419405
22	32000001	22	38500001	1229.993698
22	32500001	22	38500001	817.805729
22	33000001	22	38500001	650.350384
22	33500001	22	38500001	729.672987
22	34000001	22	38500001	711.903773
22	34500001	22	38500001	636.613689
22	35000001	22	38500001	758.185362
22	35500001	22	38500001	1735.139521
22	36000001	22	38500001	1983.642926
22	36500001	22	38500001	3978.077064
22	37000001	22	38500001	5717.691625
22	37500001	22	38500001	11970.229368
22	38000001	22	38500001	67366.354264
22	38500001	22	38500001	217259.812820
22	16000001	22	39000001	173.548824
22	16500001	22	39000001	137.017718
22	17000001	22	39000001	175.847963
22	17500001	22	39000001	402.840371
22	18000001	22	39000001	593.763810
22	18500001	22	39000001	499.081259
22	19000001	22	39000001	767.146061
22	19500001	22	39000001	828.980363
22	20000001	22	39000001	944.494041
22	20500001	22	39000001	968.647739
22	21000001	22	39000001	1225.329879
22	21500001	22	39000001	803.534309
22	22000001	22	39000001	1113.011113
22	22500001	22	39000001	767.497761
22	23000001	22	39000001	760.912977
22	23500001	22	39000001	895.591211
22	24000001	22	39000001	1171.661660
22	24500001	22	39000001	998.737519
22	25000001	22	39000001	550.060376
22	25500001	22	39000001	512.208535
22	26000001	22	39000001	474.967400
22	26500001	22	39000001	534.957368
22	27000001	22	39000001	401.245136
22	27500001	22	39000001	300.001460
22	28000001	22	39000001	377.975393
22	28500001	22	39000001	397.405865
22	29000001	22	39000001	691.868585
22	29500001	22	39000001	1113.880180
22	30000001	22	39000001	1180.375333
22	30500001	22	39000001	1241.564388
22	31000001	22	39000001	1182.432764
22	31500001	22	39000001	1444.179877
22	32000001	22	39000001	1038.690907
22	32500001	22	39000001	696.355526
22	33000001	22	39000001	543.729650
22	33500001	22	39000001	691.547066
22	34000001	22	39000001	630.594837
22	34500001	22	39000001	476.240954
22	35000001	22	39000001	681.749156
22	35500001	22	39000001	1492.363283
22	36000001	22	39000001	1539.778982
22	36500001	22	39000001	3308.093378
22	37000001	22	39000001	4342.630663
22	37500001	22	39000001	7560.004162
22	38000001	22	39000001	23817.734801
22	38500001	22	39000001	44901.612761
22	39000001	22	39000001	200494.890026
22	16500001	22	39500001	61.654130
22	17000001	22	39500001	177.092982
22	17500001	22	39500001	401.794302
22	18000001	22	39500001	514.175714
22	18500001	22	39500001	450.454598
22	19000001	22	39500001	626.076144
22	19500001	22	39500001	655.089203
22	20000001	22	39500001	775.817855
22	20500001	22	39500001	761.423901
22	21000001	22	39500001	949.076273
22	21500001	22	39500001	661.893032
22	22000001	22	39500001	936.024868
22	22500001	22	39500001	745.234268
22	23000001	22	39500001	773.770099
22	23500001	22	39500001	743.746837
22	24000001	22	39500001	924.357776
22	24500001	22	39500001	891.379579
22	25000001	22	39500001	521.397685
22	25500001	22	39500001	518.061584
22	26000001	22	39500001	476.793681
22	26500001	22	39500001	517.959060
22	27000001	22	39500001	389.101642
22	27500001	22	39500001	268.190568
22	28000001	22	39500001	331.456992
22	28500001	22	39500001	385.537146
22	29000001	22	39500001	627.306907
22	29500001	22	39500001	982.788458
22	30000001	22	39500001	933.265668
22	30500001	22	39500001	1061.783881
22	31000001	22	39500001	994.611292
22	31500001	22	39500001	1171.693546
22	32000001	22	39500001	901.563583
22	32500001	22	39500001	622.316838
22	33000001	22	39500001	497.406800
22	33500001	22	39500001	635.595132
22	34000001	22	39500001	551.596588
22	34500001	22	39500001	403.440600
22	35000001	22	39500001	578.106454
22	35500001	22	39500001	1234.111939
22	36000001	22	39500001	1325.880970
22	36500001	22	39500001	2456.123220
22	37000001	22	39500001	3045.097704
22	37500001	22	39500001	4574.318954
22	38000001	22	39500001	8048.268796
22	38500001	22	39500001	11218.367937
22	39000001	22	39500001	65962.266796
22	39500001	22	39500001	191444.123400
22	16000001	22	40000001	90.126408
22	16500001	22	40000001	99.617389
22	17000001	22	40000001	221.778077
22	17500001	22	40000001	420.329751
22	18000001	22	40000001	504.572912
22	18500001	22	40000001	479.067587
22	19000001	22	40000001	688.575339
22	19500001	22	40000001	696.062860
22	20000001	22	40000001	786.633915
22	20500001	22	40000001	748.987333
22	21000001	22	40000001	996.380478
22	21500001	22	40000001	603.502965
22	22000001	22	40000001	929.631460
22	22500001	22	40000001	840.334309
22	23000001	22	40000001	776.380075
22	23500001	22	40000001	947.921610
22	24000001	22	40000001	850.068599
22	24500001	22	40000001	853.858129
22	25000001	22	40000001	790.232154
22	25500001	22	40000001	673.350392
22	26000001	22	40000001	571.298899
22	26500001	22	40000001	532.857670
22	27000001	22	40000001	492.439236
22	27500001	22	40000001	452.375102
22	28000001	22	40000001	471.894605
22	28500001	22	40000001	551.875920
22	29000001	22	40000001	730.257262
22	29500001	22	40000001	889.089749
22	30000001	22	40000001	1007.321796
22	30500001	22	40000001	1023.444943
22	31000001	22	40000001	1213.600207
22	31500001	22	40000001	1027.820222
22	32000001	22	40000001	953.648043
22	32500001	22	40000001	813.913641
22	33000001	22	40000001	806.169744
22	33500001	22	40000001	794.671455
22	34000001	22	40000001	718.710578
22	34500001	22	40000001	590.178844
22	35000001	22	40000001	735.011497
22	35500001	22	40000001	1305.474630
22	36000001	22	40000001	1722.355780
22	36500001	22	40000001	1981.726619
22	37000001	22	40000001	2821.652704
22	37500001	22	40000001	3283.367277
22	38000001	22	40000001	4460.397871
22	38500001	22	40000001	5757.259077
22	39000001	22	40000001	13619.266000
22	39500001	22	40000001	60798.003270
22	40000001	22	40000001	213895.242272
22	16500001	22	40500001	13.970442
22	17000001	22	40500001	140.875477
22	17500001	22	40500001	357.740794
22	18000001	22	40500001	530.894995
22	18500001	22	40500001	418.369156
22	19000001	22	40500001	567.108664
22	19500001	22	40500001	627.534952
22	20000001	22	40500001	701.819214
22	20500001	22	40500001	752.257563
22	21000001	22	40500001	906.961755
22	21500001	22	40500001	677.849336
22	22000001	22	40500001	1030.257418
22	22500001	22	40500001	801.929144
22	23000001	22	40500001	732.256732
22	23500001	22	40500001	646.779963
22	24000001	22	40500001	880.717111
22	24500001	22	40500001	917.330644
22	25000001	22	40500001	414.888264
22	25500001	22	40500001	476.308944
22	26000001	22	40500001	417.186796
22	26500001	22	40500001	470.127335
22	27000001	22	40500001	335.639575
22	27500001	22	40500001	236.780647
22	28000001	22	40500001	299.635842
22	28500001	22	40500001	323.932952
22	29000001	22	40500001	630.576129
22	29500001	22	40500001	956.874293
22	30000001	22	40500001	962.148334
22	30500001	22	40500001	931.533149
22	31000001	22	40500001	947.570812
22	31500001	22	40500001	1189.391660
22	32000001	22	40500001	932.004461
22	32500001	22	40500001	550.801591
22	33000001	22	40500001	396.720396
22	33500001	22	40500001	575.087436
22	34000001	22	40500001	543.386379
22	34500001	22	40500001	377.540859
22	35000001	22	40500001	487.561059
22	35500001	22	40500001	1011.407295
22	36000001	22	40500001	1012.916595
22	36500001	22	40500001	1876.944791
22	37000001	22	40500001	1971.658982
22	37500001	22	40500001	2904.929683
22	38000001	22	40500001	4095.910955
22	38500001	22	40500001	4963.026244
22	39000001	22	40500001	9559.505098
22	39500001	22	40500001	26010.810869
22	40000001	22	40500001	56975.989366
22	40500001	22	40500001	195849.981653
22	16000001	22	41000001	94.326469
22	16500001	22	41000001	89.365497
22	17000001	22	41000001	154.742235
22	17500001	22	41000001	378.369762
22	18000001	22	41000001	474.826909
22	18500001	22	41000001	390.675334
22	19000001	22	41000001	585.890674
22	19500001	22	41000001	587.260770
22	20000001	22	41000001	749.438355
22	20500001	22	41000001	755.433445
22	21000001	22	41000001	1020.255278
22	21500001	22	41000001	691.375873
22	22000001	22	41000001	1016.506144
22	22500001	22	41000001	740.016014
22	23000001	22	41000001	638.570802
22	23500001	22	41000001	698.829464
22	24000001	22	41000001	908.276572
22	24500001	22	41000001	920.566682
22	25000001	22	41000001	417.817682
22	25500001	22	41000001	464.821776
22	26000001	22	41000001	416.344811
22	26500001	22	41000001	457.093889
22	27000001	22	41000001	328.459603
22	27500001	22	41000001	255.688251
22	28000001	22	41000001	337.313482
22	28500001	22	41000001	314.066943
22	29000001	22	41000001	592.464525
22	29500001	22	41000001	957.762114
22	30000001	22	41000001	1020.428686
22	30500001	22	41000001	917.640181
22	31000001	22	41000001	950.384153
22	31500001	22	41000001	1249.637155
22	32000001	22	41000001	972.246442
22	32500001	22	41000001	550.324670
22	33000001	22	41000001	395.841455
22	33500001	22	41000001	510.041095
22	34000001	22	41000001	464.061243
22	34500001	22	41000001	353.142129
22	35000001	22	41000001	438.386778
22	35500001	22	41000001	925.851021
22	36000001	22	41000001	991.912785
22	36500001	22	41000001	1675.343727
22	37000001	22	41000001	1756.273094
22	37500001	22	41000001	2730.147593
22	38000001	22	41000001	4242.112529
22	38500001	22	41000001	4737.425279
22	39000001	22	41000001	7143.794076
22	39500001	22	41000001	11946.653403
22	40000001	22	41000001	17673.165713
22	40500001	22	41000001	72473.177646
22	41000001	22	41000001	193223.006361
22	16500001	22	41500001	108.809483
22	17000001	22	41500001	160.010622
22	17500001	22	41500001	341.835528
22	18000001	22	41500001	537.471338
22	18500001	22	41500001	400.089305
22	19000001	22	41500001	740.147504
22	19500001	22	41500001	702.213549
22	20000001	22	41500001	875.646030
22	20500001	22	41500001	956.811783
22	21000001	22	41500001	1182.625543
22	21500001	22	41500001	961.319618
22	22000001	22	41500001	1124.725900
22	22500001	22	41500001	732.379586
22	23000001	22	41500001	695.433250
22	23500001	22	41500001	769.520537
22	24000001	22	41500001	1067.978044
22	24500001	22	41500001	1010.250567
22	25000001	22	41500001	358.047421
22	25500001	22	41500001	417.164984
22	26000001	22	41500001	391.086045
22	26500001	22	41500001	452.060594
22	27000001	22	41500001	331.645337
22	27500001	22	41500001	202.819994
22	28000001	22	41500001	322.423048
22	28500001	22	41500001	291.196217
22	29000001	22	41500001	613.909210
22	29500001	22	41500001	1213.224247
22	30000001	22	41500001	1074.135310
22	30500001	22	41500001	1065.467887
22	31000001	22	41500001	1013.064947
22	31500001	22	41500001	1456.266492
22	32000001	22	41500001	1068.499867
22	32500001	22	41500001	528.541336
22	33000001	22	41500001	356.524226
22	33500001	22	41500001	433.303971
22	34000001	22	41500001	412.694111
22	34500001	22	41500001	305.145795
22	35000001	22	41500001	412.718739
22	35500001	22	41500001	965.625767
22	36000001	22	41500001	924.928407
22	36500001	22	41500001	2042.359417
22	37000001	22	41500001	2007.296214
22	37500001	22	41500001	3037.537842
22	38000001	22	41500001	5099.732502
22	38500001	22	41500001	4889.642411
22	39000001	22	41500001	6287.550208
22	39500001	22	41500001	7177.448387
22	40000001	22	41500001	6730.256559
22	40500001	22	41500001	15503.713403
22	41000001	22	41500001	66727.236753
22	41500001	22	41500001	220821.559421
22	16000001	22	42000001	260.093993
22	16500001	22	42000001	109.517647
22	17000001	22	42000001	167.326771
22	17500001	22	42000001	380.228355
22	18000001	22	42000001	579.135905
22	18500001	22	42000001	473.927739
22	19000001	22	42000001	713.996091
22	19500001	22	42000001	732.595408
22	20000001	22	42000001	967.031303
22	20500001	22	42000001	951.149618
22	21000001	22	42000001	1084.767294
22	21500001	22	42000001	930.965172
22	22000001	22	42000001	1110.429785
22	22500001	22	42000001	874.841695
22	23000001	22	42000001	883.321881
22	23500001	22	42000001	786.470871
22	24000001	22	42000001	1102.271931
22	24500001	22	42000001	1077.851595
22	25000001	22	42000001	416.686711
22	25500001	22	42000001	488.788112
22	26000001	22	42000001	404.588963
22	26500001	22	42000001	503.666128
22	27000001	22	42000001	333.803780
22	27500001	22	42000001	214.098054
22	28000001	22	42000001	319.692281
22	28500001	22	42000001	273.183310
22	29000001	22	42000001	705.067243
22	29500001	22	42000001	1181.546917
22	30000001	22	42000001	1041.842176
22	30500001	22	42000001	1043.105862
22	31000001	22	42000001	1013.911398
22	31500001	22	42000001	1430.221349
22	32000001	22	42000001	1027.128164
22	32500001	22	42000001	462.213204
22	33000001	22	42000001	348.876683
22	33500001	22	42000001	560.264212
22	34000001	22	42000001	489.720990
22	34500001	22	42000001	325.745818
22	35000001	22	42000001	463.373056
22	35500001	22	42000001	963.798793
22	36000001	22	42000001	919.395492
22	36500001	22	42000001	2107.683947
22	37000001	22	42000001	1935.192861
22	37500001	22	42000001	3097.349863
22	38000001	22	42000001	3967.932954
22	38500001	22	42000001	3686.180305
22	39000001	22	42000001	4183.723306
22	39500001	22	42000001	4197.863026
22	40000001	22	42000001	3387.874567
22	40500001	22	42000001	5759.024157
22	41000001	22	42000001	10378.124177
22	41500001	22	42000001	41393.605597
22	42000001	22	42000001	229084.350342
22	16500001	22	42500001	85.799238
22	17000001	22	42500001	196.632824
22	17500001	22	42500001	501.797470
22	18000001	22	42500001	739.285458
22	18500001	22	42500001	529.978217
22	19000001	22	42500001	896.780894
22	19500001	22	42500001	914.332696
22	20000001	22	42500001	1187.981605
22	20500001	22	42500001	1122.704195
22	21000001	22	42500001	1227.625148
22	21500001	22	42500001	915.095262
22	22000001	22	42500001	1258.604283
22	22500001	22	42500001	939.873176
22	23000001	22	42500001	891.207385
22	23500001	22	42500001	932.011926
22	24000001	22	42500001	1229.054220
22	24500001	22	42500001	1224.957558
22	25000001	22	42500001	601.127907
22	25500001	22	42500001	621.902170
22	26000001	22	42500001	508.026855
22	26500001	22	42500001	625.238296
22	27000001	22	42500001	440.979959
22	27500001	22	42500001	265.248235
22	28000001	22	42500001	375.305700
22	28500001	22	42500001	403.200165
22	29000001	22	42500001	741.901725
22	29500001	22	42500001	1171.782357
22	30000001	22	42500001	1309.695575
22	30500001	22	42500001	1261.936930
22	31000001	22	42500001	1188.596212
22	31500001	22	42500001	1481.599339
22	32000001	22	42500001	1088.309140
22	32500001	22	42500001	627.557786
22	33000001	22	42500001	443.559171
22	33500001	22	42500001	631.304013
22	34000001	22	42500001	560.082471
22	34500001	22	42500001	379.152109
22	35000001	22	42500001	483.024043
22	35500001	22	42500001	1143.096133
22	36000001	22	42500001	1228.876583
22	36500001	22	42500001	2063.778249
22	37000001	22	42500001	2336.937484
22	37500001	22	42500001	3295.575642
22	38000001	22	42500001	3463.154459
22	38500001	22	42500001	3249.092075
22	39000001	22	42500001	3477.799744
22	39500001	22	42500001	3243.789461
22	40000001	22	42500001	2985.402785
22	40500001	22	42500001	3865.757242
22	41000001	22	42500001	5531.209411
22	41500001	22	42500001	11950.485699
22	42000001	22	42500001	66970.208905
22	42500001	22	42500001	229631.405680
22	16500001	22	43000001	40.616849
22	17000001	22	43000001	213.060786
22	17500001	22	43000001	724.567071
22	18000001	22	43000001	1103.667388
22	18500001	22	43000001	910.099961
22	19000001	22	43000001	1213.188052
22	19500001	22	43000001	1143.477543
22	20000001	22	43000001	1354.782776
22	20500001	22	43000001	1343.989695
22	21000001	22	43000001	1458.701597
22	21500001	22	43000001	1225.893197
22	22000001	22	43000001	1492.508638
22	22500001	22	43000001	1199.785858
22	23000001	22	43000001	1131.118448
22	23500001	22	43000001	1035.111518
22	24000001	22	43000001	1529.566878
22	24500001	22	43000001	1695.620771
22	25000001	22	43000001	776.303531
22	25500001	22	43000001	941.368399
22	26000001	22	43000001	792.764452
22	26500001	22	43000001	924.850019
22	27000001	22	43000001	674.010941
22	27500001	22	43000001	329.920972
22	28000001	22	43000001	567.389715
22	28500001	22	43000001	525.036269
22	29000001	22	43000001	1140.265008
22	29500001	22	43000001	1742.020126
22	30000001	22	43000001	1521.676163
22	30500001	22	43000001	1556.959030
22	31000001	22	43000001	1407.091916
22	31500001	22	43000001	1875.366331
22	32000001	22	43000001	1564.228638
22	32500001	22	43000001	932.454537
22	33000001	22	43000001	608.246924
22	33500001	22	43000001	931.298560
22	34000001	22	43000001	729.708598
22	34500001	22	43000001	444.118618
22	35000001	22	43000001	654.671741
22	35500001	22	43000001	1629.239073
22	36000001	22	43000001	1577.656185
22	36500001	22	43000001	2715.408743
22	37000001	22	43000001	2640.751324
22	37500001	22	43000001	3371.023771
22	38000001	22	43000001	3109.685725
22	38500001	22	43000001	2832.542189
22	39000001	22	43000001	2850.971606
22	39500001	22	43000001	2786.584665
22	40000001	22	43000001	2548.235421
22	40500001	22	43000001	3444.273122
22	41000001	22	43000001	3930.067911
22	41500001	22	43000001	6208.040808
22	42000001	22	43000001	14515.654372
22	42500001	22	43000001	36848.856375
22	43000001	22	43000001	233666.825839
22	16000001	22	43500001	171.898568
22	16500001	22	43500001	298.572630
22	17000001	22	43500001	727.806209
22	17500001	22	43500001	1042.574013
22	18000001	22	43500001	1052.031660
22	18500001	22	43500001	1271.148562
22	19000001	22	43500001	1604.983447
22	19500001	22	43500001	1784.438685
22	20000001	22	43500001	1307.291097
22	20500001	22	43500001	1127.986717
22	21000001	22	43500001	1417.359558
22	21500001	22	43500001	728.488923
22	22000001	22	43500001	937.341264
22	22500001	22	43500001	956.721928
22	23000001	22	43500001	866.563165
22	23500001	22	43500001	1533.143204
22	24000001	22	43500001	1162.214653
22	24500001	22	43500001	1273.749514
22	25000001	22	43500001	2187.134841
22	25500001	22	43500001	1598.524586
22	26000001	22	43500001	1570.119729
22	26500001	22	43500001	1470.611804
22	27000001	22	43500001	1466.434638
22	27500001	22	43500001	1551.886652
22	28000001	22	43500001	1499.440065
22	28500001	22	43500001	1637.005787
22	29000001	22	43500001	1335.502120
22	29500001	22	43500001	1355.491505
22	30000001	22	43500001	1420.668901
22	30500001	22	43500001	1589.743732
22	31000001	22	43500001	1739.285061
22	31500001	22	43500001	1360.853472
22	32000001	22	43500001	1712.524834
22	32500001	22	43500001	2244.997584
22	33000001	22	43500001	2222.422127
22	33500001	22	43500001	1503.536125
22	34000001	22	43500001	1407.649903
22	34500001	22	43500001	1497.023807
22	35000001	22	43500001	1715.747508
22	35500001	22	43500001	2093.712285
22	36000001	22	43500001	2966.287254
22	36500001	22	43500001	2378.795169
22	37000001	22	43500001	3227.957252
22	37500001	22	43500001	2464.002765
22	38000001	22	43500001	1824.097727
22	38500001	22	43500001	1712.259546
22	39000001	22	43500001	1670.491145
22	39500001	22	43500001	1657.965993
22	40000001	22	43500001	2275.381532
22	40500001	22	43500001	1764.106436
22	41000001	22	43500001	1974.578310
22	41500001	22	43500001	2530.979377
22	42000001	22	43500001	4114.122434
22	42500001	22	43500001	8751.566563
22	43000001	22	43500001	39031.942363
22	43500001	22	43500001	171181.879320
22	16000001	22	44000001	344.798789
22	16500001	22	44000001	204.165355
22	17000001	22	44000001	811.029636
22	17500001	22	44000001	1237.399208
22	18000001	22	44000001	1158.214106
22	18500001	22	44000001	1348.567987
22	19000001	22	44000001	1610.514857
22	19500001	22	44000001	1565.461188
22	20000001	22	44000001	1161.734079
22	20500001	22	44000001	1050.890063
22	21000001	22	44000001	1324.973958
22	21500001	22	44000001	655.210201
22	22000001	22	44000001	943.256194
22	22500001	22	44000001	769.495802
22	23000001	22	44000001	916.538097
22	23500001	22	44000001	1297.596979
22	24000001	22	44000001	1039.865405
22	24500001	22	44000001	1294.679243
22	25000001	22	44000001	2077.057474
22	25500001	22	44000001	1573.036585
22	26000001	22	44000001	1477.480575
22	26500001	22	44000001	1453.930160
22	27000001	22	44000001	1436.542439
22	27500001	22	44000001	1445.518948
22	28000001	22	44000001	1450.032637
22	28500001	22	44000001	1629.679068
22	29000001	22	44000001	1381.436834
22	29500001	22	44000001	1342.578203
22	30000001	22	44000001	1262.065812
22	30500001	22	44000001	1419.607371
22	31000001	22	44000001	1677.418961
22	31500001	22	44000001	1342.113392
22	32000001	22	44000001	1672.723716
22	32500001	22	44000001	2225.525744
22	33000001	22	44000001	2044.559726
22	33500001	22	44000001	1492.488342
22	34000001	22	44000001	1341.533103
22	34500001	22	44000001	1441.237434
22	35000001	22	44000001	1705.484729
22	35500001	22	44000001	2124.007078
22	36000001	22	44000001	2734.676212
22	36500001	22	44000001	2200.535885
22	37000001	22	44000001	2720.669848
22	37500001	22	44000001	2030.447997
22	38000001	22	44000001	1501.549545
22	38500001	22	44000001	1388.087709
22	39000001	22	44000001	1375.233609
22	39500001	22	44000001	1354.844239
22	40000001	22	44000001	1759.400121
22	40500001	22	44000001	1368.381994
22	41000001	22	44000001	1443.038885
22	41500001	22	44000001	1757.815741
22	42000001	22	44000001	2384.333268
22	42500001	22	44000001	4022.117551
22	43000001	22	44000001	9680.901560
22	43500001	22	44000001	54889.304849
22	44000001	22	44000001	165571.976829
22	16000001	22	44500001	538.379790
22	16500001	22	44500001	311.706048
22	17000001	22	44500001	1030.411809
22	17500001	22	44500001	1130.666086
22	18000001	22	44500001	975.510237
22	18500001	22	44500001	1266.878750
22	19000001	22	44500001	1648.872806
22	19500001	22	44500001	1571.430963
22	20000001	22	44500001	1134.450154
22	20500001	22	44500001	1016.406256
22	21000001	22	44500001	1187.080768
22	21500001	22	44500001	544.011305
22	22000001	22	44500001	763.137339
22	22500001	22	44500001	780.124904
22	23000001	22	44500001	721.838367
22	23500001	22	44500001	1381.638716
22	24000001	22	44500001	918.846610
22	24500001	22	44500001	1013.977349
22	25000001	22	44500001	2310.149084
22	25500001	22	44500001	1650.772232
22	26000001	22	44500001	1537.990091
22	26500001	22	44500001	1521.029965
22	27000001	22	44500001	1610.534497
22	27500001	22	44500001	1906.665108
22	28000001	22	44500001	1532.409172
22	28500001	22	44500001	1781.128423
22	29000001	22	44500001	1169.167029
22	29500001	22	44500001	1109.190138
22	30000001	22	44500001	1151.969208
22	30500001	22	44500001	1289.437741
22	31000001	22	44500001	1485.261445
22	31500001	22	44500001	1090.702034
22	32000001	22	44500001	1502.170574
22	32500001	22	44500001	2276.555579
22	33000001	22	44500001	2554.365100
22	33500001	22	44500001	1485.145349
22	34000001	22	44500001	1447.448215
22	34500001	22	44500001	1777.197144
22	35000001	22	44500001	1836.892778
22	35500001	22	44500001	1929.373423
22	36000001	22	44500001	2664.335019
22	36500001	22	44500001	1923.059894
22	37000001	22	44500001	2566.839869
22	37500001	22	44500001	1742.069233
22	38000001	22	44500001	1215.345440
22	38500001	22	44500001	1158.073852
22	39000001	22	44500001	1130.086871
22	39500001	22	44500001	1041.265517
22	40000001	22	44500001	1564.696238
22	40500001	22	44500001	982.242558
22	41000001	22	44500001	1165.278180
22	41500001	22	44500001	1291.480428
22	42000001	22	44500001	1595.199604
22	42500001	22	44500001	2829.897046
22	43000001	22	44500001	5458.475898
22	43500001	22	44500001	26191.912205
22	44000001	22	44500001	60858.925496
22	44500001	22	44500001	177286.842833
22	16000001	22	45000001	267.316539
22	16500001	22	45000001	351.746377
22	17000001	22	45000001	1117.826225
22	17500001	22	45000001	1294.362498
22	18000001	22	45000001	1061.670933
22	18500001	22	45000001	1513.559442
22	19000001	22	45000001	1645.355027
22	19500001	22	45000001	1657.245693
22	20000001	22	45000001	1065.938568
22	20500001	22	45000001	980.005982
22	21000001	22	45000001	1207.878415
22	21500001	22	45000001	537.537713
22	22000001	22	45000001	708.456682
22	22500001	22	45000001	685.636310
22	23000001	22	45000001	696.162392
22	23500001	22	45000001	1254.546787
22	24000001	22	45000001	851.856183
22	24500001	22	45000001	1067.098769
22	25000001	22	45000001	2466.532734
22	25500001	22	45000001	1794.147363
22	26000001	22	45000001	1791.508346
22	26500001	22	45000001	1668.824726
22	27000001	22	45000001	1746.477889
22	27500001	22	45000001	1999.835743
22	28000001	22	45000001	1693.474615
22	28500001	22	45000001	1992.666565
22	29000001	22	45000001	1337.535541
22	29500001	22	45000001	1172.854976
22	30000001	22	45000001	1142.270099
22	30500001	22	45000001	1355.739054
22	31000001	22	45000001	1577.022381
22	31500001	22	45000001	1111.797521
22	32000001	22	45000001	1503.502185
22	32500001	22	45000001	2528.611899
22	33000001	22	45000001	2687.185814
22	33500001	22	45000001	1703.963596
22	34000001	22	45000001	1542.432395
22	34500001	22	45000001	1980.052283
22	35000001	22	45000001	2067.652662
22	35500001	22	45000001	1978.093454
22	36000001	22	45000001	2744.738430
22	36500001	22	45000001	1805.822685
22	37000001	22	45000001	2475.222450
22	37500001	22	45000001	1618.755590
22	38000001	22	45000001	1113.009691
22	38500001	22	45000001	1083.194125
22	39000001	22	45000001	1108.006398
22	39500001	22	45000001	1015.205073
22	40000001	22	45000001	1451.320147
22	40500001	22	45000001	905.491370
22	41000001	22	45000001	953.550668
22	41500001	22	45000001	1066.668694
22	42000001	22	45000001	1345.982200
22	42500001	22	45000001	2336.308621
22	43000001	22	45000001	4123.207388
22	43500001	22	45000001	18875.664159
22	44000001	22	45000001	28728.680056
22	44500001	22	45000001	48006.295907
22	45000001	22	45000001	163969.659767
22	16000001	22	45500001	428.013325
22	16500001	22	45500001	378.469047
22	17000001	22	45500001	877.692913
22	17500001	22	45500001	1447.673860
22	18000001	22	45500001	1488.532133
22	18500001	22	45500001	1482.767536
22	19000001	22	45500001	1786.221174
22	19500001	22	45500001	1636.322241
22	20000001	22	45500001	1334.981517
22	20500001	22	45500001	1121.089903
22	21000001	22	45500001	1285.088853
22	21500001	22	45500001	686.820566
22	22000001	22	45500001	929.608705
22	22500001	22	45500001	780.574633
22	23000001	22	45500001	797.759640
22	23500001	22	45500001	1264.184998
22	24000001	22	45500001	1160.058672
22	24500001	22	45500001	1369.580587
22	25000001	22	45500001	1917.005710
22	25500001	22	45500001	1579.377666
22	26000001	22	45500001	1418.977129
22	26500001	22	45500001	1499.916702
22	27000001	22	45500001	1376.508497
22	27500001	22	45500001	1207.399091
22	28000001	22	45500001	1363.698656
22	28500001	22	45500001	1413.089616
22	29000001	22	45500001	1358.235313
22	29500001	22	45500001	1415.413134
22	30000001	22	45500001	1263.829529
22	30500001	22	45500001	1482.090624
22	31000001	22	45500001	1674.717597
22	31500001	22	45500001	1419.667987
22	32000001	22	45500001	1725.028107
22	32500001	22	45500001	2027.370600
22	33000001	22	45500001	1886.706004
22	33500001	22	45500001	1463.604091
22	34000001	22	45500001	1259.757230
22	34500001	22	45500001	1095.840662
22	35000001	22	45500001	1481.489624
22	35500001	22	45500001	2067.066278
22	36000001	22	45500001	2467.640591
22	36500001	22	45500001	2279.109671
22	37000001	22	45500001	2324.193323
22	37500001	22	45500001	1661.245822
22	38000001	22	45500001	1258.802340
22	38500001	22	45500001	1173.222937
22	39000001	22	45500001	1135.948155
22	39500001	22	45500001	1090.249465
22	40000001	22	45500001	1310.827881
22	40500001	22	45500001	1074.673017
22	41000001	22	45500001	1124.778123
22	41500001	22	45500001	1307.037614
22	42000001	22	45500001	1614.932831
22	42500001	22	45500001	2336.692260
22	43000001	22	45500001	4034.149658
22	43500001	22	45500001	9117.347381
22	44000001	22	45500001	10527.707350
22	44500001	22	45500001	13431.088768
22	45000001	22	45500001	46833.454077
22	45500001	22	45500001	176466.598493
22	16000001	22	46000001	176.499562
22	16500001	22	46000001	334.433617
22	17000001	22	46000001	851.608530
22	17500001	22	46000001	1501.880547
22	18000001	22	46000001	1629.997528
22	18500001	22	46000001	1552.296168
22	19000001	22	46000001	1683.842995
22	19500001	22	46000001	1571.009554
22	20000001	22	46000001	1326.423538
22	20500001	22	46000001	1177.541602
22	21000001	22	46000001	1310.438147
22	21500001	22	46000001	734.678087
22	22000001	22	46000001	952.650766
22	22500001	22	46000001	821.628446
22	23000001	22	46000001	827.542539
22	23500001	22	46000001	1103.574966
22	24000001	22	46000001	1111.563969
22	24500001	22	46000001	1402.698717
22	25000001	22	46000001	1703.457506
22	25500001	22	46000001	1523.472627
22	26000001	22	46000001	1301.556253
22	26500001	22	46000001	1425.765334
22	27000001	22	46000001	1209.211510
22	27500001	22	46000001	1016.669420
22	28000001	22	46000001	1136.492461
22	28500001	22	46000001	1242.884729
22	29000001	22	46000001	1295.701825
22	29500001	22	46000001	1487.954971
22	30000001	22	46000001	1301.245165
22	30500001	22	46000001	1391.374032
22	31000001	22	46000001	1409.784394
22	31500001	22	46000001	1404.165113
22	32000001	22	46000001	1761.696806
22	32500001	22	46000001	1891.808359
22	33000001	22	46000001	1602.103608
22	33500001	22	46000001	1494.730934
22	34000001	22	46000001	1220.203826
22	34500001	22	46000001	954.465924
22	35000001	22	46000001	1260.707851
22	35500001	22	46000001	2014.641940
22	36000001	22	46000001	2243.103742
22	36500001	22	46000001	2020.291931
22	37000001	22	46000001	1981.068164
22	37500001	22	46000001	1585.332734
22	38000001	22	46000001	1229.966251
22	38500001	22	46000001	1129.391787
22	39000001	22	46000001	1023.655729
22	39500001	22	46000001	946.574088
22	40000001	22	46000001	1146.637086
22	40500001	22	46000001	939.861855
22	41000001	22	46000001	994.808817
22	41500001	22	46000001	1109.862687
22	42000001	22	46000001	1406.700878
22	42500001	22	46000001	1975.909855
22	43000001	22	46000001	3203.055885
22	43500001	22	46000001	6538.811884
22	44000001	22	46000001	6887.771494
22	44500001	22	46000001	7992.866045
22	45000001	22	46000001	16744.493064
22	45500001	22	46000001	54676.406991
22	46000001	22	46000001	183876.850629
22	16000001	22	46500001	474.987555
22	16500001	22	46500001	162.502252
22	17000001	22	46500001	1056.142425
22	17500001	22	46500001	1953.575287
22	18000001	22	46500001	1956.912415
22	18500001	22	46500001	1657.978449
22	19000001	22	46500001	1821.547096
22	19500001	22	46500001	1601.986082
22	20000001	22	46500001	1416.463684
22	20500001	22	46500001	1240.872030
22	21000001	22	46500001	1309.778405
22	21500001	22	46500001	833.356404
22	22000001	22	46500001	945.224741
22	22500001	22	46500001	748.965731
22	23000001	22	46500001	785.925821
22	23500001	22	46500001	1046.043266
22	24000001	22	46500001	1221.055191
22	24500001	22	46500001	1419.438726
22	25000001	22	46500001	1519.862411
22	25500001	22	46500001	1443.815790
22	26000001	22	46500001	1269.926693
22	26500001	22	46500001	1557.443612
22	27000001	22	46500001	1305.853417
22	27500001	22	46500001	960.196440
22	28000001	22	46500001	1162.362207
22	28500001	22	46500001	1175.525635
22	29000001	22	46500001	1421.565677
22	29500001	22	46500001	1668.833900
22	30000001	22	46500001	1446.027041
22	30500001	22	46500001	1429.053676
22	31000001	22	46500001	1491.791191
22	31500001	22	46500001	1692.091877
22	32000001	22	46500001	1824.151127
22	32500001	22	46500001	1948.333049
22	33000001	22	46500001	1526.366679
22	33500001	22	46500001	1549.659289
22	34000001	22	46500001	1243.924403
22	34500001	22	46500001	1055.915381
22	35000001	22	46500001	1396.348677
22	35500001	22	46500001	2345.907324
22	36000001	22	46500001	2199.420244
22	36500001	22	46500001	2233.019618
22	37000001	22	46500001	1918.972815
22	37500001	22	46500001	1638.939733
22	38000001	22	46500001	1318.215682
22	38500001	22	46500001	1166.223537
22	39000001	22	46500001	1020.797338
22	39500001	22	46500001	986.189232
22	40000001	22	46500001	996.183680
22	40500001	22	46500001	925.672605
22	41000001	22	46500001	990.921510
22	41500001	22	46500001	1219.799169
22	42000001	22	46500001	1347.245718
22	42500001	22	46500001	1819.790260
22	43000001	22	46500001	2958.462620
22	43500001	22	46500001	4360.052657
22	44000001	22	46500001	4823.684564
22	44500001	22	46500001	5158.751775
22	45000001	22	46500001	8666.505597
22	45500001	22	46500001	20516.976442
22	46000001	22	46500001	54625.450008
22	46500001	22	46500001	174285.692533
22	16000001	22	47000001	1092.368444
22	16500001	22	47000001	490.922081
22	17000001	22	47000001	2053.532663
22	17500001	22	47000001	3110.849279
22	18000001	22	47000001	2334.472867
22	18500001	22	47000001	1771.114069
22	19000001	22	47000001	1756.705674
22	19500001	22	47000001	1580.475918
22	20000001	22	47000001	1256.502648
22	20500001	22	47000001	1052.074162
22	21000001	22	47000001	1087.901930
22	21500001	22	47000001	664.051029
22	22000001	22	47000001	841.901157
22	22500001	22	47000001	761.617127
22	23000001	22	47000001	735.210081
22	23500001	22	47000001	927.601206
22	24000001	22	47000001	1053.423194
22	24500001	22	47000001	1326.808350
22	25000001	22	47000001	1746.403670
22	25500001	22	47000001	1698.151457
22	26000001	22	47000001	1602.016976
22	26500001	22	47000001	1949.483450
22	27000001	22	47000001	1842.031378
22	27500001	22	47000001	1361.814643
22	28000001	22	47000001	1683.102521
22	28500001	22	47000001	1695.822588
22	29000001	22	47000001	1636.876953
22	29500001	22	47000001	1584.287078
22	30000001	22	47000001	1265.176000
22	30500001	22	47000001	1262.798394
22	31000001	22	47000001	1408.390350
22	31500001	22	47000001	1593.575471
22	32000001	22	47000001	2029.105731
22	32500001	22	47000001	2462.483804
22	33000001	22	47000001	2248.107166
22	33500001	22	47000001	2268.619597
22	34000001	22	47000001	1706.726943
22	34500001	22	47000001	1537.984344
22	35000001	22	47000001	2137.663514
22	35500001	22	47000001	2751.618666
22	36000001	22	47000001	2504.368524
22	36500001	22	47000001	1859.334421
22	37000001	22	47000001	1559.181198
22	37500001	22	47000001	1261.659933
22	38000001	22	47000001	943.806777
22	38500001	22	47000001	791.808535
22	39000001	22	47000001	805.143611
22	39500001	22	47000001	672.777387
22	40000001	22	47000001	814.131160
22	40500001	22	47000001	712.384956
22	41000001	22	47000001	743.204966
22	41500001	22	47000001	893.951061
22	42000001	22	47000001	956.497154
22	42500001	22	47000001	1253.438305
22	43000001	22	47000001	2041.536477
22	43500001	22	47000001	3377.410720
22	44000001	22	47000001	3671.610665
22	44500001	22	47000001	3803.224557
22	45000001	22	47000001	5544.480123
22	45500001	22	47000001	8593.068087
22	46000001	22	47000001	13144.634586
22	46500001	22	47000001	50039.045908
22	47000001	22	47000001	173277.071545
22	16000001	22	47500001	1759.596682
22	16500001	22	47500001	2255.424786
22	17000001	22	47500001	3261.172460
22	17500001	22	47500001	1682.904137
22	18000001	22	47500001	884.568914
22	18500001	22	47500001	907.718869
22	19000001	22	47500001	790.794451
22	19500001	22	47500001	664.348563
22	20000001	22	47500001	401.220251
22	20500001	22	47500001	346.340934
22	21000001	22	47500001	353.301965
22	21500001	22	47500001	227.908982
22	22000001	22	47500001	233.216683
22	22500001	22	47500001	238.081918
22	23000001	22	47500001	205.915432
22	23500001	22	47500001	474.561808
22	24000001	22	47500001	302.977679
22	24500001	22	47500001	369.206888
22	25000001	22	47500001	1374.086168
22	25500001	22	47500001	1043.144963
22	26000001	22	47500001	1293.096890
22	26500001	22	47500001	1127.091752
22	27000001	22	47500001	1835.325140
22	27500001	22	47500001	3092.215533
22	28000001	22	47500001	1895.662922
22	28500001	22	47500001	1888.201740
22	29000001	22	47500001	760.361274
22	29500001	22	47500001	510.055533
22	30000001	22	47500001	467.042684
22	30500001	22	47500001	470.334283
22	31000001	22	47500001	665.515183
22	31500001	22	47500001	463.476246
22	32000001	22	47500001	810.656330
22	32500001	22	47500001	1818.576843
22	33000001	22	47500001	2762.066856
22	33500001	22	47500001	1872.083180
22	34000001	22	47500001	2493.960418
22	34500001	22	47500001	3870.908740
22	35000001	22	47500001	3102.757241
22	35500001	22	47500001	1406.833534
22	36000001	22	47500001	1494.161346
22	36500001	22	47500001	552.773472
22	37000001	22	47500001	704.216893
22	37500001	22	47500001	404.252161
22	38000001	22	47500001	321.603016
22	38500001	22	47500001	313.540468
22	39000001	22	47500001	296.268765
22	39500001	22	47500001	283.234713
22	40000001	22	47500001	405.576203
22	40500001	22	47500001	275.336782
22	41000001	22	47500001	313.606008
22	41500001	22	47500001	309.521693
22	42000001	22	47500001	343.563230
22	42500001	22	47500001	468.363944
22	43000001	22	47500001	652.684328
22	43500001	22	47500001	2004.129966
22	44000001	22	47500001	2143.130649
22	44500001	22	47500001	2779.335697
22	45000001	22	47500001	4134.504390
22	45500001	22	47500001	3561.838260
22	46000001	22	47500001	4254.836293
22	46500001	22	47500001	9423.711561
22	47000001	22	47500001	34024.571430
22	47500001	22	47500001	155299.586430
22	16000001	22	48000001	1777.694961
22	16500001	22	48000001	2120.843849
22	17000001	22	48000001	2944.893430
22	17500001	22	48000001	1949.093548
22	18000001	22	48000001	1010.365347
22	18500001	22	48000001	894.260314
22	19000001	22	48000001	724.165531
22	19500001	22	48000001	659.837641
22	20000001	22	48000001	408.180541
22	20500001	22	48000001	346.716481
22	21000001	22	48000001	345.694763
22	21500001	22	48000001	178.735309
22	22000001	22	48000001	254.445347
22	22500001	22	48000001	248.802923
22	23000001	22	48000001	266.100936
22	23500001	22	48000001	371.185287
22	24000001	22	48000001	281.301825
22	24500001	22	48000001	409.586411
22	25000001	22	48000001	1246.952357
22	25500001	22	48000001	981.719710
22	26000001	22	48000001	1164.687096
22	26500001	22	48000001	1104.065196
22	27000001	22	48000001	1730.687514
22	27500001	22	48000001	2464.958743
22	28000001	22	48000001	1683.337725
22	28500001	22	48000001	1509.349091
22	29000001	22	48000001	916.220624
22	29500001	22	48000001	594.312456
22	30000001	22	48000001	456.820180
22	30500001	22	48000001	508.492817
22	31000001	22	48000001	708.888486
22	31500001	22	48000001	519.306889
22	32000001	22	48000001	797.753807
22	32500001	22	48000001	1643.593200
22	33000001	22	48000001	2235.760533
22	33500001	22	48000001	2092.347871
22	34000001	22	48000001	2358.462414
22	34500001	22	48000001	3334.318821
22	35000001	22	48000001	2866.537362
22	35500001	22	48000001	1468.344255
22	36000001	22	48000001	1375.220079
22	36500001	22	48000001	718.134221
22	37000001	22	48000001	717.748252
22	37500001	22	48000001	439.337404
22	38000001	22	48000001	349.185804
22	38500001	22	48000001	352.764050
22	39000001	22	48000001	324.395332
22	39500001	22	48000001	321.131362
22	40000001	22	48000001	408.162210
22	40500001	22	48000001	275.945179
22	41000001	22	48000001	307.289901
22	41500001	22	48000001	320.173827
22	42000001	22	48000001	379.671322
22	42500001	22	48000001	455.599154
22	43000001	22	48000001	655.734174
22	43500001	22	48000001	1796.585791
22	44000001	22	48000001	1837.727646
22	44500001	22	48000001	2368.236743
22	45000001	22	48000001	3352.036951
22	45500001	22	48000001	2946.880075
22	46000001	22	48000001	3236.896384
22	46500001	22	48000001	6505.759942
22	47000001	22	48000001	16741.306784
22	47500001	22	48000001	52461.748130
22	48000001	22	48000001	160198.078223
22	16000001	22	48500001	2611.782176
22	16500001	22	48500001	2109.600871
22	17000001	22	48500001	2820.869287
22	17500001	22	48500001	1416.219576
22	18000001	22	48500001	695.052972
22	18500001	22	48500001	680.503609
22	19000001	22	48500001	557.165335
22	19500001	22	48500001	503.138380
22	20000001	22	48500001	305.579096
22	20500001	22	48500001	231.431607
22	21000001	22	48500001	277.363631
22	21500001	22	48500001	112.108799
22	22000001	22	48500001	172.536953
22	22500001	22	48500001	209.054785
22	23000001	22	48500001	197.902479
22	23500001	22	48500001	353.825629
22	24000001	22	48500001	243.550309
22	24500001	22	48500001	288.565803
22	25000001	22	48500001	976.032014
22	25500001	22	48500001	773.923354
22	26000001	22	48500001	1023.501810
22	26500001	22	48500001	946.313759
22	27000001	22	48500001	1558.430502
22	27500001	22	48500001	2735.648862
22	28000001	22	48500001	1547.678949
22	28500001	22	48500001	1445.509162
22	29000001	22	48500001	685.941591
22	29500001	22	48500001	417.345796
22	30000001	22	48500001	307.236692
22	30500001	22	48500001	417.159376
22	31000001	22	48500001	569.789457
22	31500001	22	48500001	379.249619
22	32000001	22	48500001	668.119734
22	32500001	22	48500001	1364.126940
22	33000001	22	48500001	2082.352102
22	33500001	22	48500001	1653.165032
22	34000001	22	48500001	2345.041420
22	34500001	22	48500001	3739.226849
22	35000001	22	48500001	2782.268478
22	35500001	22	48500001	1167.121391
22	36000001	22	48500001	1121.036103
22	36500001	22	48500001	478.805106
22	37000001	22	48500001	654.210117
22	37500001	22	48500001	331.282972
22	38000001	22	48500001	296.871329
22	38500001	22	48500001	286.452398
22	39000001	22	48500001	260.192338
22	39500001	22	48500001	263.004122
22	40000001	22	48500001	375.011494
22	40500001	22	48500001	230.690692
22	41000001	22	48500001	300.258243
22	41500001	22	48500001	256.410624
22	42000001	22	48500001	301.406619
22	42500001	22	48500001	365.018420
22	43000001	22	48500001	527.242118
22	43500001	22	48500001	1594.864793
22	44000001	22	48500001	1663.192213
22	44500001	22	48500001	2061.776622
22	45000001	22	48500001	2908.993774
22	45500001	22	48500001	2537.028771
22	46000001	22	48500001	2570.420583
22	46500001	22	48500001	4939.278769
22	47000001	22	48500001	12999.586064
22	47500001	22	48500001	46156.066945
22	48000001	22	48500001	73785.527452
22	48500001	22	48500001	155325.081650
22	16000001	22	49000001	3241.168600
22	16500001	22	49000001	2994.883927
22	17000001	22	49000001	2997.399184
22	17500001	22	49000001	1064.495835
22	18000001	22	49000001	534.203603
22	18500001	22	49000001	469.006910
22	19000001	22	49000001	481.202526
22	19500001	22	49000001	420.460945
22	20000001	22	49000001	228.040121
22	20500001	22	49000001	181.084104
22	21000001	22	49000001	211.400040
22	21500001	22	49000001	90.521603
22	22000001	22	49000001	136.347929
22	22500001	22	49000001	141.347857
22	23000001	22	49000001	161.142509
22	23500001	22	49000001	278.735649
22	24000001	22	49000001	168.002666
22	24500001	22	49000001	200.967042
22	25000001	22	49000001	940.273140
22	25500001	22	49000001	697.137353
22	26000001	22	49000001	961.676043
22	26500001	22	49000001	804.068335
22	27000001	22	49000001	1592.741148
22	27500001	22	49000001	3547.666910
22	28000001	22	49000001	1479.067776
22	28500001	22	49000001	1451.758372
22	29000001	22	49000001	501.864601
22	29500001	22	49000001	345.536489
22	30000001	22	49000001	294.629121
22	30500001	22	49000001	314.906335
22	31000001	22	49000001	472.884599
22	31500001	22	49000001	338.443583
22	32000001	22	49000001	539.837247
22	32500001	22	49000001	1135.071250
22	33000001	22	49000001	2119.941650
22	33500001	22	49000001	1465.556480
22	34000001	22	49000001	2741.892004
22	34500001	22	49000001	4339.575024
22	35000001	22	49000001	2744.370585
22	35500001	22	49000001	963.854716
22	36000001	22	49000001	961.087780
22	36500001	22	49000001	370.664352
22	37000001	22	49000001	529.566160
22	37500001	22	49000001	298.618928
22	38000001	22	49000001	274.381282
22	38500001	22	49000001	262.955250
22	39000001	22	49000001	235.453939
22	39500001	22	49000001	232.172403
22	40000001	22	49000001	314.754783
22	40500001	22	49000001	252.706122
22	41000001	22	49000001	255.945711
22	41500001	22	49000001	219.187497
22	42000001	22	49000001	238.623341
22	42500001	22	49000001	344.494859
22	43000001	22	49000001	397.407569
22	43500001	22	49000001	1335.686104
22	44000001	22	49000001	1416.796385
22	44500001	22	49000001	1987.396492
22	45000001	22	49000001	2609.826662
22	45500001	22	49000001	1878.200639
22	46000001	22	49000001	1820.562221
22	46500001	22	49000001	3007.276056
22	47000001	22	49000001	7082.267045
22	47500001	22	49000001	32083.045476
22	48000001	22	49000001	27496.586359
22	48500001	22	49000001	46639.447643
22	49000001	22	49000001	189429.024787
22	16000001	22	49500001	2868.252705
22	16500001	22	49500001	2449.015608
22	17000001	22	49500001	2952.381689
22	17500001	22	49500001	1571.547113
22	18000001	22	49500001	981.063148
22	18500001	22	49500001	878.185028
22	19000001	22	49500001	865.377262
22	19500001	22	49500001	760.912579
22	20000001	22	49500001	496.325651
22	20500001	22	49500001	421.018592
22	21000001	22	49500001	414.572307
22	21500001	22	49500001	163.417361
22	22000001	22	49500001	262.902077
22	22500001	22	49500001	200.717691
22	23000001	22	49500001	253.400848
22	23500001	22	49500001	501.692420
22	24000001	22	49500001	333.990645
22	24500001	22	49500001	414.297029
22	25000001	22	49500001	1542.745579
22	25500001	22	49500001	1068.365354
22	26000001	22	49500001	1307.528248
22	26500001	22	49500001	1284.973736
22	27000001	22	49500001	1862.607632
22	27500001	22	49500001	2912.535711
22	28000001	22	49500001	1932.568614
22	28500001	22	49500001	1876.945076
22	29000001	22	49500001	912.565106
22	29500001	22	49500001	547.238139
22	30000001	22	49500001	545.527956
22	30500001	22	49500001	523.341211
22	31000001	22	49500001	736.357492
22	31500001	22	49500001	540.971932
22	32000001	22	49500001	1015.668994
22	32500001	22	49500001	1854.597112
22	33000001	22	49500001	2810.380345
22	33500001	22	49500001	1843.329500
22	34000001	22	49500001	2058.643335
22	34500001	22	49500001	3419.760145
22	35000001	22	49500001	2803.603613
22	35500001	22	49500001	1470.086619
22	36000001	22	49500001	1577.157214
22	36500001	22	49500001	677.286207
22	37000001	22	49500001	731.459282
22	37500001	22	49500001	477.735736
22	38000001	22	49500001	355.681742
22	38500001	22	49500001	343.810001
22	39000001	22	49500001	303.074255
22	39500001	22	49500001	301.460337
22	40000001	22	49500001	418.328268
22	40500001	22	49500001	295.802514
22	41000001	22	49500001	304.525510
22	41500001	22	49500001	319.652435
22	42000001	22	49500001	325.717132
22	42500001	22	49500001	447.403492
22	43000001	22	49500001	612.736980
22	43500001	22	49500001	1995.686686
22	44000001	22	49500001	2001.501118
22	44500001	22	49500001	2554.598090
22	45000001	22	49500001	3367.070663
22	45500001	22	49500001	2669.198743
22	46000001	22	49500001	2620.945351
22	46500001	22	49500001	4306.602092
22	47000001	22	49500001	9134.662793
22	47500001	22	49500001	23005.897427
22	48000001	22	49500001	19629.743379
22	48500001	22	49500001	25571.626135
22	49000001	22	49500001	58258.035045
22	49500001	22	49500001	178621.250216
22	16000001	22	50000001	488.476065
22	16500001	22	50000001	694.178003
22	17000001	22	50000001	1692.248371
22	17500001	22	50000001	2301.135414
22	18000001	22	50000001	1907.301951
22	18500001	22	50000001	1472.714076
22	19000001	22	50000001	1667.287162
22	19500001	22	50000001	1313.135300
22	20000001	22	50000001	1075.900877
22	20500001	22	50000001	947.201729
22	21000001	22	50000001	1000.406211
22	21500001	22	50000001	663.025408
22	22000001	22	50000001	745.176081
22	22500001	22	50000001	525.676731
22	23000001	22	50000001	594.389728
22	23500001	22	50000001	702.640721
22	24000001	22	50000001	959.008804
22	24500001	22	50000001	1143.017054
22	25000001	22	50000001	1272.837836
22	25500001	22	50000001	1301.393094
22	26000001	22	50000001	1228.105103
22	26500001	22	50000001	1533.583118
22	27000001	22	50000001	1561.739918
22	27500001	22	50000001	1305.023077
22	28000001	22	50000001	1415.942673
22	28500001	22	50000001	1273.715176
22	29000001	22	50000001	1505.371382
22	29500001	22	50000001	1402.405161
22	30000001	22	50000001	984.016017
22	30500001	22	50000001	1075.512474
22	31000001	22	50000001	1261.861342
22	31500001	22	50000001	1456.287832
22	32000001	22	50000001	1773.963592
22	32500001	22	50000001	1903.205015
22	33000001	22	50000001	1563.534083
22	33500001	22	50000001	1687.844043
22	34000001	22	50000001	1440.856583
22	34500001	22	50000001	1392.225397
22	35000001	22	50000001	1861.577029
22	35500001	22	50000001	2174.596731
22	36000001	22	50000001	1774.788130
22	36500001	22	50000001	1827.798445
22	37000001	22	50000001	1412.010121
22	37500001	22	50000001	1192.964816
22	38000001	22	50000001	938.560370
22	38500001	22	50000001	843.475264
22	39000001	22	50000001	749.060949
22	39500001	22	50000001	684.839233
22	40000001	22	50000001	606.589539
22	40500001	22	50000001	617.916750
22	41000001	22	50000001	678.709782
22	41500001	22	50000001	757.213691
22	42000001	22	50000001	905.959488
22	42500001	22	50000001	1061.162994
22	43000001	22	50000001	1613.493659
22	43500001	22	50000001	2175.867758
22	44000001	22	50000001	2424.472214
22	44500001	22	50000001	2377.762371
22	45000001	22	50000001	2993.884996
22	45500001	22	50000001	3733.622401
22	46000001	22	50000001	4070.997035
22	46500001	22	50000001	7073.766678
22	47000001	22	50000001	11448.551953
22	47500001	22	50000001	9445.621785
22	48000001	22	50000001	10262.720938
22	48500001	22	50000001	9993.864918
22	49000001	22	50000001	13622.146901
22	49500001	22	50000001	39354.441413
22	50000001	22	50000001	186860.565538
22	16000001	22	50500001	260.037558
22	16500001	22	50500001	246.361238
22	17000001	22	50500001	656.615074
22	17500001	22	50500001	1380.578479
22	18000001	22	50500001	1609.283488
22	18500001	22	50500001	1154.039804
22	19000001	22	50500001	1480.145364
22	19500001	22	50500001	1297.892571
22	20000001	22	50500001	1448.563366
22	20500001	22	50500001	1113.792269
22	21000001	22	50500001	1293.711842
22	21500001	22	50500001	886.316616
22	22000001	22	50500001	1020.541297
22	22500001	22	50500001	653.912052
22	23000001	22	50500001	767.611764
22	23500001	22	50500001	758.157158
22	24000001	22	50500001	1132.787165
22	24500001	22	50500001	1216.957736
22	25000001	22	50500001	754.377082
22	25500001	22	50500001	816.613435
22	26000001	22	50500001	715.461454
22	26500001	22	50500001	990.085195
22	27000001	22	50500001	790.158054
22	27500001	22	50500001	451.001741
22	28000001	22	50500001	655.661507
22	28500001	22	50500001	619.228582
22	29000001	22	50500001	1083.687037
22	29500001	22	50500001	1463.895941
22	30000001	22	50500001	1155.351107
22	30500001	22	50500001	1235.577153
22	31000001	22	50500001	1230.383328
22	31500001	22	50500001	1623.553615
22	32000001	22	50500001	1466.656612
22	32500001	22	50500001	1012.385733
22	33000001	22	50500001	747.430680
22	33500001	22	50500001	906.353263
22	34000001	22	50500001	772.049035
22	34500001	22	50500001	546.668982
22	35000001	22	50500001	777.875796
22	35500001	22	50500001	1574.772406
22	36000001	22	50500001	1272.436771
22	36500001	22	50500001	2056.713501
22	37000001	22	50500001	1404.168970
22	37500001	22	50500001	1594.343075
22	38000001	22	50500001	1519.188906
22	38500001	22	50500001	1170.871637
22	39000001	22	50500001	1204.735472
22	39500001	22	50500001	997.810191
22	40000001	22	50500001	710.547342
22	40500001	22	50500001	799.552678
22	41000001	22	50500001	912.553287
22	41500001	22	50500001	1303.287414
22	42000001	22	50500001	1453.999866
22	42500001	22	50500001	1568.046673
22	43000001	22	50500001	1964.473094
22	43500001	22	50500001	1617.091504
22	44000001	22	50500001	1902.204296
22	44500001	22	50500001	1663.829211
22	45000001	22	50500001	1886.138027
22	45500001	22	50500001	2755.703802
22	46000001	22	50500001	3017.959616
22	46500001	22	50500001	4634.558653
22	47000001	22	50500001	5085.507209
22	47500001	22	50500001	2222.003069
22	48000001	22	50500001	2787.664155
22	48500001	22	50500001	2385.304100
22	49000001	22	50500001	2624.287210
22	49500001	22	50500001	6037.903603
22	50000001	22	50500001	51288.710558
22	50500001	22	50500001	199418.032046
22	16000001	22	51000001	369.279296
22	16500001	22	51000001	408.167150
22	17000001	22	51000001	855.248987
22	17500001	22	51000001	1173.175502
22	18000001	22	51000001	1054.909725
22	18500001	22	51000001	1024.798353
22	19000001	22	51000001	1315.400742
22	19500001	22	51000001	1280.495207
22	20000001	22	51000001	1222.887074
22	20500001	22	51000001	1033.082276
22	21000001	22	51000001	1007.583096
22	21500001	22	51000001	601.482627
22	22000001	22	51000001	833.756816
22	22500001	22	51000001	533.408998
22	23000001	22	51000001	633.010303
22	23500001	22	51000001	717.570727
22	24000001	22	51000001	826.172600
22	24500001	22	51000001	850.050328
22	25000001	22	51000001	731.515718
22	25500001	22	51000001	737.677011
22	26000001	22	51000001	703.679270
22	26500001	22	51000001	856.739357
22	27000001	22	51000001	784.078414
22	27500001	22	51000001	532.309084
22	28000001	22	51000001	615.022836
22	28500001	22	51000001	708.989172
22	29000001	22	51000001	828.897673
22	29500001	22	51000001	1047.465758
22	30000001	22	51000001	955.146494
22	30500001	22	51000001	952.301525
22	31000001	22	51000001	1003.600425
22	31500001	22	51000001	1170.816684
22	32000001	22	51000001	1128.618796
22	32500001	22	51000001	932.778012
22	33000001	22	51000001	719.646959
22	33500001	22	51000001	770.527937
22	34000001	22	51000001	647.145228
22	34500001	22	51000001	631.796033
22	35000001	22	51000001	704.885600
22	35500001	22	51000001	1162.139886
22	36000001	22	51000001	1150.211635
22	36500001	22	51000001	1419.684489
22	37000001	22	51000001	1341.875955
22	37500001	22	51000001	1261.228095
22	38000001	22	51000001	1168.820595
22	38500001	22	51000001	976.519155
22	39000001	22	51000001	914.914902
22	39500001	22	51000001	751.638915
22	40000001	22	51000001	611.907928
22	40500001	22	51000001	628.970368
22	41000001	22	51000001	681.863190
22	41500001	22	51000001	971.841092
22	42000001	22	51000001	993.747520
22	42500001	22	51000001	1164.630331
22	43000001	22	51000001	1402.293511
22	43500001	22	51000001	1647.663781
22	44000001	22	51000001	1667.956101
22	44500001	22	51000001	1747.017328
22	45000001	22	51000001	1914.573063
22	45500001	22	51000001	2398.280935
22	46000001	22	51000001	2352.610330
22	46500001	22	51000001	3294.456626
22	47000001	22	51000001	3339.134928
22	47500001	22	51000001	1967.688103
22	48000001	22	51000001	2102.311371
22	48500001	22	51000001	1937.741456
22	49000001	22	51000001	2217.352245
22	49500001	22	51000001	4208.723686
22	50000001	22	51000001	17429.074688
22	50500001	22	51000001	93462.964973
22	51000001	22	51000001	251295.178607
