21	9000001	21	9000001	272007.895999
21	9000001	21	9500001	2081.224405
21	9500001	21	9500001	253810.596581
21	9000001	21	10000001	2852.649639
21	9500001	21	10000001	1741.761654
21	10000001	21	10000001	225473.064010
21	9000001	21	10500001	3963.686184
21	9500001	21	10500001	3886.883131
21	10000001	21	10500001	22784.672800
21	10500001	21	10500001	179270.788713
21	9000001	21	11000001	3980.186619
21	9500001	21	11000001	8063.877183
21	10000001	21	11000001	8075.125816
21	10500001	21	11000001	30281.756804
21	11000001	21	11000001	191313.179819
21	9500001	21	14000001	974.240160
21	10000001	21	14000001	2781.982000
21	10500001	21	14000001	3742.502215
21	11000001	21	14000001	3652.220421
21	14000001	21	14000001	198166.649976
21	9500001	21	14500001	874.444579
21	10000001	21	14500001	799.043745
21	10500001	21	14500001	3810.181417
21	11000001	21	14500001	3116.577932
21	14000001	21	14500001	25224.096913
21	14500001	21	14500001	138318.852657
21	9000001	21	15000001	106.037710
21	9500001	21	15000001	302.139433
21	10000001	21	15000001	345.108526
21	10500001	21	15000001	1298.439896
21	11000001	21	15000001	1097.481189
21	14000001	21	15000001	6576.931753
21	14500001	21	15000001	16959.715718
21	15000001	21	15000001	142019.781455
21	9500001	21	15500001	174.186895
21	10000001	21	15500001	511.609055
21	10500001	21	15500001	768.312030
21	11000001	21	15500001	605.671745
21	14000001	21	15500001	2945.108076
21	14500001	21	15500001	8264.904412
21	15000001	21	15500001	23184.269464
21	15500001	21	15500001	94884.150021
21	9000001	21	16000001	40.835078
21	9500001	21	16000001	166.219671
21	10000001	21	16000001	284.788178
21	10500001	21	16000001	539.599277
21	11000001	21	16000001	437.088764
21	14000001	21	16000001	1051.340017
21	14500001	21	16000001	2916.726377
21	15000001	21	16000001	9305.136238
21	15500001	21	16000001	50580.682439
21	16000001	21	16000001	104407.920466
21	9000001	21	16500001	88.992166
21	9500001	21	16500001	244.514480
21	10000001	21	16500001	310.320419
21	10500001	21	16500001	717.330976
21	11000001	21	16500001	637.657809
21	14000001	21	16500001	1653.303709
21	14500001	21	16500001	4530.522795
21	15000001	21	16500001	7513.979593
21	15500001	21	16500001	23166.402990
21	16000001	21	16500001	40006.195076
21	16500001	21	16500001	106614.283614
21	9000001	21	17000001	47.952901
21	9500001	21	17000001	214.712143
21	10000001	21	17000001	379.019122
21	10500001	21	17000001	840.648956
21	11000001	21	17000001	649.018691
21	14000001	21	17000001	1374.890466
21	14500001	21	17000001	4163.884786
21	15000001	21	17000001	7801.862600
21	15500001	21	17000001	13534.682901
21	16000001	21	17000001	15038.746916
21	16500001	21	17000001	25910.212052
21	17000001	21	17000001	102566.198504
21	9000001	21	17500001	56.541430
21	9500001	21	17500001	356.736477
21	10000001	21	17500001	788.651902
21	10500001	21	17500001	1190.450668
21	11000001	21	17500001	1340.455708
21	14000001	21	17500001	2630.213787
21	14500001	21	17500001	6184.576264
21	15000001	21	17500001	4496.997216
21	15500001	21	17500001	5742.866247
21	16000001	21	17500001	5259.724760
21	16500001	21	17500001	9719.429312
21	17000001	21	17500001	26149.827077
21	17500001	21	17500001	103815.774442
21	9500001	21	18000001	567.308388
21	10000001	21	18000001	799.645724
21	10500001	21	18000001	1948.757749
21	11000001	21	18000001	1783.742306
21	14000001	21	18000001	2880.298742
21	14500001	21	18000001	5922.212226
21	15000001	21	18000001	3044.163504
21	15500001	21	18000001	3266.537347
21	16000001	21	18000001	2759.063844
21	16500001	21	18000001	5303.176077
21	17000001	21	18000001	11113.294057
21	17500001	21	18000001	30106.426831
21	18000001	21	18000001	105987.055425
21	9500001	21	18500001	472.374389
21	10000001	21	18500001	594.610128
21	10500001	21	18500001	1022.313331
21	11000001	21	18500001	930.197325
21	14000001	21	18500001	1635.235739
21	14500001	21	18500001	3383.245626
21	15000001	21	18500001	3867.962498
21	15500001	21	18500001	3943.546273
21	16000001	21	18500001	3503.045057
21	16500001	21	18500001	5073.328419
21	17000001	21	18500001	8924.752374
21	17500001	21	18500001	12501.872640
21	18000001	21	18500001	22413.547392
21	18500001	21	18500001	94383.883755
21	9500001	21	19000001	213.887572
21	10000001	21	19000001	371.344861
21	10500001	21	19000001	622.131943
21	11000001	21	19000001	632.158982
21	14000001	21	19000001	1057.674646
21	14500001	21	19000001	2025.242698
21	15000001	21	19000001	3689.894373
21	15500001	21	19000001	3881.770135
21	16000001	21	19000001	3749.263615
21	16500001	21	19000001	3580.553664
21	17000001	21	19000001	5595.390751
21	17500001	21	19000001	5163.447200
21	18000001	21	19000001	6079.086410
21	18500001	21	19000001	26836.499180
21	19000001	21	19000001	107815.709973
21	9000001	21	19500001	219.780289
21	9500001	21	19500001	413.760958
21	10000001	21	19500001	715.293190
21	10500001	21	19500001	1239.125876
21	11000001	21	19500001	1079.027735
21	14000001	21	19500001	1494.991877
21	14500001	21	19500001	2931.877699
21	15000001	21	19500001	1752.000936
21	15500001	21	19500001	1584.326032
21	16000001	21	19500001	1250.653832
21	16500001	21	19500001	2094.376540
21	17000001	21	19500001	2798.166735
21	17500001	21	19500001	4754.556435
21	18000001	21	19500001	6776.361605
21	18500001	21	19500001	10498.422708
21	19000001	21	19500001	19377.245855
21	19500001	21	19500001	86500.343644
21	9000001	21	20000001	57.575568
21	9500001	21	20000001	433.569767
21	10000001	21	20000001	829.845485
21	10500001	21	20000001	1658.565763
21	11000001	21	20000001	1543.233863
21	14000001	21	20000001	1735.012434
21	14500001	21	20000001	2580.360203
21	15000001	21	20000001	1423.924884
21	15500001	21	20000001	1179.447527
21	16000001	21	20000001	936.913201
21	16500001	21	20000001	1466.854509
21	17000001	21	20000001	2077.599685
21	17500001	21	20000001	3801.101565
21	18000001	21	20000001	5514.666411
21	18500001	21	20000001	5971.228333
21	19000001	21	20000001	7042.466971
21	19500001	21	20000001	24351.437650
21	20000001	21	20000001	94781.646874
21	9000001	21	20500001	284.430823
21	9500001	21	20500001	463.111622
21	10000001	21	20500001	925.703718
21	10500001	21	20500001	1423.218910
21	11000001	21	20500001	1444.240217
21	14000001	21	20500001	1364.732837
21	14500001	21	20500001	2453.858384
21	15000001	21	20500001	1380.330154
21	15500001	21	20500001	1217.469844
21	16000001	21	20500001	1030.190304
21	16500001	21	20500001	1334.188915
21	17000001	21	20500001	1887.331171
21	17500001	21	20500001	3129.656330
21	18000001	21	20500001	4284.015608
21	18500001	21	20500001	4463.663146
21	19000001	21	20500001	5624.039560
21	19500001	21	20500001	13103.551251
21	20000001	21	20500001	26084.515572
21	20500001	21	20500001	96242.202780
21	9000001	21	21000001	174.684011
21	9500001	21	21000001	485.886455
21	10000001	21	21000001	866.321693
21	10500001	21	21000001	1323.421905
21	11000001	21	21000001	1483.458061
21	14000001	21	21000001	1311.746038
21	14500001	21	21000001	2364.950330
21	15000001	21	21000001	1283.072804
21	15500001	21	21000001	1028.046835
21	16000001	21	21000001	908.001262
21	16500001	21	21000001	1266.845970
21	17000001	21	21000001	1589.168326
21	17500001	21	21000001	2854.155012
21	18000001	21	21000001	3913.972534
21	18500001	21	21000001	3743.628287
21	19000001	21	21000001	4326.501308
21	19500001	21	21000001	10787.679435
21	20000001	21	21000001	16064.467636
21	20500001	21	21000001	29606.350450
21	21000001	21	21000001	94451.887828
21	9000001	21	21500001	56.841745
21	9500001	21	21500001	474.318751
21	10000001	21	21500001	739.984705
21	10500001	21	21500001	1507.233747
21	11000001	21	21500001	1548.706077
21	14000001	21	21500001	1297.146834
21	14500001	21	21500001	2443.981435
21	15000001	21	21500001	1143.482695
21	15500001	21	21500001	919.751932
21	16000001	21	21500001	749.056979
21	16500001	21	21500001	1140.224154
21	17000001	21	21500001	1508.685957
21	17500001	21	21500001	2822.348600
21	18000001	21	21500001	4097.707621
21	18500001	21	21500001	3625.539953
21	19000001	21	21500001	3797.059476
21	19500001	21	21500001	9955.137476
21	20000001	21	21500001	12774.440640
21	20500001	21	21500001	15495.820409
21	21000001	21	21500001	27335.359786
21	21500001	21	21500001	93531.087399
21	9500001	21	22000001	540.382795
21	10000001	21	22000001	806.183094
21	10500001	21	22000001	1374.755917
21	11000001	21	22000001	1246.265665
21	14000001	21	22000001	1109.715299
21	14500001	21	22000001	2132.479394
21	15000001	21	22000001	1025.438766
21	15500001	21	22000001	961.000652
21	16000001	21	22000001	771.399664
21	16500001	21	22000001	1122.316273
21	17000001	21	22000001	1368.318254
21	17500001	21	22000001	2528.690986
21	18000001	21	22000001	3455.286542
21	18500001	21	22000001	3200.132320
21	19000001	21	22000001	3530.549438
21	19500001	21	22000001	9361.895445
21	20000001	21	22000001	9945.860310
21	20500001	21	22000001	10673.801054
21	21000001	21	22000001	13680.882507
21	21500001	21	22000001	25362.485142
21	22000001	21	22000001	84825.712475
21	9500001	21	22500001	470.103376
21	10000001	21	22500001	456.415700
21	10500001	21	22500001	1129.312226
21	11000001	21	22500001	1246.393152
21	14000001	21	22500001	1267.076226
21	14500001	21	22500001	1940.965028
21	15000001	21	22500001	1077.822668
21	15500001	21	22500001	910.202669
21	16000001	21	22500001	755.195096
21	16500001	21	22500001	1119.396542
21	17000001	21	22500001	1454.131372
21	17500001	21	22500001	2492.035166
21	18000001	21	22500001	2925.362499
21	18500001	21	22500001	2648.017746
21	19000001	21	22500001	2592.170802
21	19500001	21	22500001	6258.195361
21	20000001	21	22500001	6248.936103
21	20500001	21	22500001	6158.050349
21	21000001	21	22500001	7283.164184
21	21500001	21	22500001	9704.917409
21	22000001	21	22500001	20777.946352
21	22500001	21	22500001	92066.412987
21	9000001	21	23000001	283.218472
21	9500001	21	23000001	368.910133
21	10000001	21	23000001	579.390756
21	10500001	21	23000001	1496.992201
21	11000001	21	23000001	1182.536238
21	14000001	21	23000001	1110.333669
21	14500001	21	23000001	2062.609646
21	15000001	21	23000001	969.161113
21	15500001	21	23000001	757.393143
21	16000001	21	23000001	688.767080
21	16500001	21	23000001	1059.843977
21	17000001	21	23000001	1342.727074
21	17500001	21	23000001	2280.078850
21	18000001	21	23000001	3058.466226
21	18500001	21	23000001	2451.897044
21	19000001	21	23000001	2403.022853
21	19500001	21	23000001	5831.441866
21	20000001	21	23000001	5263.873658
21	20500001	21	23000001	5421.419670
21	21000001	21	23000001	6071.815721
21	21500001	21	23000001	7977.007624
21	22000001	21	23000001	12936.457464
21	22500001	21	23000001	27257.253200
21	23000001	21	23000001	92267.043560
21	9000001	21	23500001	119.418745
21	9500001	21	23500001	376.723954
21	10000001	21	23500001	721.793830
21	10500001	21	23500001	1052.008417
21	11000001	21	23500001	1177.872424
21	14000001	21	23500001	1083.081984
21	14500001	21	23500001	2149.155084
21	15000001	21	23500001	941.123373
21	15500001	21	23500001	857.877050
21	16000001	21	23500001	685.510118
21	16500001	21	23500001	1015.877107
21	17000001	21	23500001	1258.598523
21	17500001	21	23500001	2317.642973
21	18000001	21	23500001	2862.119758
21	18500001	21	23500001	2527.900966
21	19000001	21	23500001	2486.443442
21	19500001	21	23500001	5239.110595
21	20000001	21	23500001	4817.559137
21	20500001	21	23500001	4625.348812
21	21000001	21	23500001	5487.544608
21	21500001	21	23500001	6593.235733
21	22000001	21	23500001	10520.119670
21	22500001	21	23500001	15779.848489
21	23000001	21	23500001	27683.414892
21	23500001	21	23500001	93942.762560
21	9500001	21	24000001	311.105950
21	10000001	21	24000001	552.767019
21	10500001	21	24000001	937.626945
21	11000001	21	24000001	1016.652284
21	14000001	21	24000001	795.048991
21	14500001	21	24000001	1839.524720
21	15000001	21	24000001	951.044848
21	15500001	21	24000001	828.073442
21	16000001	21	24000001	730.233166
21	16500001	21	24000001	1026.035609
21	17000001	21	24000001	1389.815719
21	17500001	21	24000001	2278.892365
21	18000001	21	24000001	2590.627423
21	18500001	21	24000001	2459.799506
21	19000001	21	24000001	2669.411757
21	19500001	21	24000001	5784.298845
21	20000001	21	24000001	4830.808437
21	20500001	21	24000001	4497.389533
21	21000001	21	24000001	4959.695858
21	21500001	21	24000001	5996.557450
21	22000001	21	24000001	10165.284358
21	22500001	21	24000001	13580.773164
21	23000001	21	24000001	14784.711522
21	23500001	21	24000001	24282.282859
21	24000001	21	24000001	85924.230101
21	9500001	21	24500001	234.627359
21	10000001	21	24500001	509.190780
21	10500001	21	24500001	655.037317
21	11000001	21	24500001	678.159961
21	14000001	21	24500001	725.145592
21	14500001	21	24500001	1453.095810
21	15000001	21	24500001	1138.636404
21	15500001	21	24500001	1048.691325
21	16000001	21	24500001	957.538984
21	16500001	21	24500001	1325.551242
21	17000001	21	24500001	1621.794733
21	17500001	21	24500001	1823.024750
21	18000001	21	24500001	2087.682736
21	18500001	21	24500001	2298.815543
21	19000001	21	24500001	2717.813620
21	19500001	21	24500001	4061.877202
21	20000001	21	24500001	3287.588274
21	20500001	21	24500001	3224.174020
21	21000001	21	24500001	3490.592416
21	21500001	21	24500001	3905.717730
21	22000001	21	24500001	6093.390959
21	22500001	21	24500001	7562.872277
21	23000001	21	24500001	7868.829575
21	23500001	21	24500001	10499.224995
21	24000001	21	24500001	24203.725548
21	24500001	21	24500001	96939.318995
21	9000001	21	25000001	102.428566
21	9500001	21	25000001	250.162019
21	10000001	21	25000001	452.420220
21	10500001	21	25000001	609.076125
21	11000001	21	25000001	548.185256
21	14000001	21	25000001	464.493804
21	14500001	21	25000001	1341.296612
21	15000001	21	25000001	1062.139490
21	15500001	21	25000001	1044.032474
21	16000001	21	25000001	884.526240
21	16500001	21	25000001	1369.414406
21	17000001	21	25000001	1582.674210
21	17500001	21	25000001	1757.113427
21	18000001	21	25000001	1905.417693
21	18500001	21	25000001	2271.439803
21	19000001	21	25000001	2747.440148
21	19500001	21	25000001	3940.605766
21	20000001	21	25000001	2883.563058
21	20500001	21	25000001	2780.658739
21	21000001	21	25000001	2999.351870
21	21500001	21	25000001	3396.245429
21	22000001	21	25000001	5396.388583
21	22500001	21	25000001	6534.583481
21	23000001	21	25000001	6533.362125
21	23500001	21	25000001	8026.315735
21	24000001	21	25000001	13220.125699
21	24500001	21	25000001	28088.832084
21	25000001	21	25000001	92046.519207
21	9500001	21	25500001	180.977242
21	10000001	21	25500001	284.233291
21	10500001	21	25500001	396.567098
21	11000001	21	25500001	368.720340
21	14000001	21	25500001	487.790501
21	14500001	21	25500001	1120.829533
21	15000001	21	25500001	907.665798
21	15500001	21	25500001	1134.049948
21	16000001	21	25500001	1088.572787
21	16500001	21	25500001	1390.511876
21	17000001	21	25500001	1757.850421
21	17500001	21	25500001	1665.524980
21	18000001	21	25500001	1616.435287
21	18500001	21	25500001	2292.399080
21	19000001	21	25500001	2711.828996
21	19500001	21	25500001	3144.431905
21	20000001	21	25500001	2426.638634
21	20500001	21	25500001	2266.186782
21	21000001	21	25500001	2351.287789
21	21500001	21	25500001	2520.824636
21	22000001	21	25500001	3826.905656
21	22500001	21	25500001	4661.997900
21	23000001	21	25500001	4556.153638
21	23500001	21	25500001	5354.408791
21	24000001	21	25500001	8042.964938
21	24500001	21	25500001	13041.306594
21	25000001	21	25500001	27619.712981
21	25500001	21	25500001	101213.389737
21	9000001	21	26000001	88.623970
21	9500001	21	26000001	207.428332
21	10000001	21	26000001	144.217032
21	10500001	21	26000001	230.313782
21	11000001	21	26000001	266.551420
21	14000001	21	26000001	272.249840
21	14500001	21	26000001	757.134715
21	15000001	21	26000001	1344.025592
21	15500001	21	26000001	1387.217843
21	16000001	21	26000001	1390.840289
21	16500001	21	26000001	1370.921897
21	17000001	21	26000001	1653.013507
21	17500001	21	26000001	1156.458673
21	18000001	21	26000001	1165.469551
21	18500001	21	26000001	2166.460595
21	19000001	21	26000001	3369.919792
21	19500001	21	26000001	2582.139101
21	20000001	21	26000001	1755.188085
21	20500001	21	26000001	1888.238081
21	21000001	21	26000001	1834.372962
21	21500001	21	26000001	1971.741907
21	22000001	21	26000001	3081.818365
21	22500001	21	26000001	3580.760763
21	23000001	21	26000001	3410.605209
21	23500001	21	26000001	4058.339347
21	24000001	21	26000001	5662.166703
21	24500001	21	26000001	8883.288403
21	25000001	21	26000001	13378.939501
21	25500001	21	26000001	28470.640151
21	26000001	21	26000001	96983.623131
21	9000001	21	26500001	35.414946
21	9500001	21	26500001	165.780506
21	10000001	21	26500001	32.931681
21	10500001	21	26500001	193.430516
21	11000001	21	26500001	206.767087
21	14000001	21	26500001	238.309612
21	14500001	21	26500001	436.477023
21	15000001	21	26500001	1579.121363
21	15500001	21	26500001	2105.875468
21	16000001	21	26500001	2158.822375
21	16500001	21	26500001	1161.159166
21	17000001	21	26500001	1718.865732
21	17500001	21	26500001	876.287354
21	18000001	21	26500001	649.046942
21	18500001	21	26500001	1736.396110
21	19000001	21	26500001	4265.607012
21	19500001	21	26500001	1380.552352
21	20000001	21	26500001	1011.954515
21	20500001	21	26500001	1464.786540
21	21000001	21	26500001	1197.857234
21	21500001	21	26500001	1124.061891
21	22000001	21	26500001	1746.181930
21	22500001	21	26500001	2005.866340
21	23000001	21	26500001	1847.945625
21	23500001	21	26500001	2204.379816
21	24000001	21	26500001	2939.096634
21	24500001	21	26500001	4940.734737
21	25000001	21	26500001	6252.258583
21	25500001	21	26500001	10014.412782
21	26000001	21	26500001	37466.054733
21	26500001	21	26500001	120676.932835
21	9500001	21	27000001	104.912845
21	10000001	21	27000001	110.615207
21	10500001	21	27000001	202.600718
21	11000001	21	27000001	210.459440
21	14000001	21	27000001	232.018923
21	14500001	21	27000001	588.659647
21	15000001	21	27000001	1546.018138
21	15500001	21	27000001	1717.011798
21	16000001	21	27000001	1578.683053
21	16500001	21	27000001	1422.587029
21	17000001	21	27000001	1831.544693
21	17500001	21	27000001	1105.003688
21	18000001	21	27000001	898.027736
21	18500001	21	27000001	2181.996598
21	19000001	21	27000001	2894.915351
21	19500001	21	27000001	1593.663946
21	20000001	21	27000001	1120.748973
21	20500001	21	27000001	1171.298468
21	21000001	21	27000001	1107.483624
21	21500001	21	27000001	1167.077690
21	22000001	21	27000001	1593.706647
21	22500001	21	27000001	1852.886199
21	23000001	21	27000001	1762.637530
21	23500001	21	27000001	1956.435869
21	24000001	21	27000001	2419.209691
21	24500001	21	27000001	3762.782726
21	25000001	21	27000001	4929.005170
21	25500001	21	27000001	7193.457490
21	26000001	21	27000001	11455.605758
21	26500001	21	27000001	23953.099638
21	27000001	21	27000001	104225.187035
21	9000001	21	27500001	44.677731
21	9500001	21	27500001	427.373906
21	10000001	21	27500001	727.036917
21	10500001	21	27500001	586.440681
21	11000001	21	27500001	557.264151
21	14000001	21	27500001	745.063177
21	14500001	21	27500001	1589.340502
21	15000001	21	27500001	1369.017686
21	15500001	21	27500001	1214.374830
21	16000001	21	27500001	1049.955975
21	16500001	21	27500001	1403.622159
21	17000001	21	27500001	1651.991550
21	17500001	21	27500001	1894.756426
21	18000001	21	27500001	2101.427446
21	18500001	21	27500001	2490.626226
21	19000001	21	27500001	2293.930100
21	19500001	21	27500001	2464.216932
21	20000001	21	27500001	2141.973623
21	20500001	21	27500001	1979.628366
21	21000001	21	27500001	1960.179208
21	21500001	21	27500001	2238.846752
21	22000001	21	27500001	2537.887799
21	22500001	21	27500001	2884.972960
21	23000001	21	27500001	3001.951051
21	23500001	21	27500001	3191.815027
21	24000001	21	27500001	3556.932625
21	24500001	21	27500001	4039.477735
21	25000001	21	27500001	4808.601038
21	25500001	21	27500001	5496.126016
21	26000001	21	27500001	6107.211628
21	26500001	21	27500001	5794.682500
21	27000001	21	27500001	31278.288081
21	27500001	21	27500001	95648.557237
21	9000001	21	28000001	50.683141
21	9500001	21	28000001	412.612660
21	10000001	21	28000001	541.986749
21	10500001	21	28000001	888.512026
21	11000001	21	28000001	977.396771
21	14000001	21	28000001	1037.979312
21	14500001	21	28000001	1795.875264
21	15000001	21	28000001	1242.954216
21	15500001	21	28000001	883.728484
21	16000001	21	28000001	684.090778
21	16500001	21	28000001	1087.257346
21	17000001	21	28000001	1334.529867
21	17500001	21	28000001	2083.585904
21	18000001	21	28000001	2433.863938
21	18500001	21	28000001	2124.630710
21	19000001	21	28000001	1751.168242
21	19500001	21	28000001	2558.522150
21	20000001	21	28000001	2351.413954
21	20500001	21	28000001	2080.782387
21	21000001	21	28000001	2264.062943
21	21500001	21	28000001	2442.587594
21	22000001	21	28000001	2869.621201
21	22500001	21	28000001	2952.209840
21	23000001	21	28000001	2926.788113
21	23500001	21	28000001	3126.623991
21	24000001	21	28000001	3414.913789
21	24500001	21	28000001	3272.565604
21	25000001	21	28000001	3600.676330
21	25500001	21	28000001	3436.284795
21	26000001	21	28000001	3244.982362
21	26500001	21	28000001	2532.013741
21	27000001	21	28000001	8695.491248
21	27500001	21	28000001	21572.619426
21	28000001	21	28000001	86647.919295
21	9000001	21	28500001	167.293687
21	9500001	21	28500001	499.378695
21	10000001	21	28500001	855.597582
21	10500001	21	28500001	1237.956976
21	11000001	21	28500001	1302.306205
21	14000001	21	28500001	1354.139874
21	14500001	21	28500001	2139.936995
21	15000001	21	28500001	933.880463
21	15500001	21	28500001	694.521339
21	16000001	21	28500001	607.931237
21	16500001	21	28500001	970.599804
21	17000001	21	28500001	1181.984410
21	17500001	21	28500001	2139.856670
21	18000001	21	28500001	2669.794372
21	18500001	21	28500001	1880.446713
21	19000001	21	28500001	1417.831547
21	19500001	21	28500001	2497.426855
21	20000001	21	28500001	2560.475480
21	20500001	21	28500001	2393.321312
21	21000001	21	28500001	2454.538333
21	21500001	21	28500001	2633.232516
21	22000001	21	28500001	2669.764655
21	22500001	21	28500001	2942.741225
21	23000001	21	28500001	3087.399246
21	23500001	21	28500001	3217.050480
21	24000001	21	28500001	2909.814484
21	24500001	21	28500001	2731.541612
21	25000001	21	28500001	2855.701678
21	25500001	21	28500001	2660.957196
21	26000001	21	28500001	1987.538427
21	26500001	21	28500001	1389.555224
21	27000001	21	28500001	3426.233388
21	27500001	21	28500001	8494.527032
21	28000001	21	28500001	28479.200714
21	28500001	21	28500001	100035.285230
21	9000001	21	29000001	136.829153
21	9500001	21	29000001	459.495878
21	10000001	21	29000001	731.600158
21	10500001	21	29000001	1060.737747
21	11000001	21	29000001	1143.829604
21	14000001	21	29000001	1120.892096
21	14500001	21	29000001	2299.598471
21	15000001	21	29000001	1035.766748
21	15500001	21	29000001	713.013267
21	16000001	21	29000001	646.120176
21	16500001	21	29000001	976.437381
21	17000001	21	29000001	1217.518137
21	17500001	21	29000001	2016.242519
21	18000001	21	29000001	2456.075598
21	18500001	21	29000001	1939.417989
21	19000001	21	29000001	1434.318014
21	19500001	21	29000001	2367.354990
21	20000001	21	29000001	2303.499834
21	20500001	21	29000001	2152.226788
21	21000001	21	29000001	2312.072211
21	21500001	21	29000001	2331.184496
21	22000001	21	29000001	2512.282091
21	22500001	21	29000001	2503.445372
21	23000001	21	29000001	2607.286639
21	23500001	21	29000001	2824.299118
21	24000001	21	29000001	2802.889701
21	24500001	21	29000001	2543.274225
21	25000001	21	29000001	2419.048450
21	25500001	21	29000001	2489.340469
21	26000001	21	29000001	1904.772468
21	26500001	21	29000001	1454.801465
21	27000001	21	29000001	3475.252309
21	27500001	21	29000001	7326.274555
21	28000001	21	29000001	18527.762824
21	28500001	21	29000001	30100.447897
21	29000001	21	29000001	99036.311942
21	9500001	21	29500001	367.823709
21	10000001	21	29500001	528.168663
21	10500001	21	29500001	1005.290608
21	11000001	21	29500001	899.849232
21	14000001	21	29500001	876.209119
21	14500001	21	29500001	1829.638483
21	15000001	21	29500001	1108.366650
21	15500001	21	29500001	940.472526
21	16000001	21	29500001	764.997582
21	16500001	21	29500001	1224.534573
21	17000001	21	29500001	1341.459049
21	17500001	21	29500001	2075.649247
21	18000001	21	29500001	2419.727373
21	18500001	21	29500001	2092.820814
21	19000001	21	29500001	1635.505148
21	19500001	21	29500001	2397.150255
21	20000001	21	29500001	2139.778459
21	20500001	21	29500001	1885.793564
21	21000001	21	29500001	1946.447326
21	21500001	21	29500001	2144.078929
21	22000001	21	29500001	2238.166891
21	22500001	21	29500001	2482.857308
21	23000001	21	29500001	2452.666307
21	23500001	21	29500001	2452.747430
21	24000001	21	29500001	2642.927191
21	24500001	21	29500001	2490.017500
21	25000001	21	29500001	2613.245306
21	25500001	21	29500001	2715.117865
21	26000001	21	29500001	2250.981622
21	26500001	21	29500001	1430.636631
21	27000001	21	29500001	3736.204850
21	27500001	21	29500001	7460.674095
21	28000001	21	29500001	15236.620314
21	28500001	21	29500001	16482.636712
21	29000001	21	29500001	28858.243024
21	29500001	21	29500001	98497.934378
21	9000001	21	30000001	37.917459
21	9500001	21	30000001	169.777817
21	10000001	21	30000001	264.440396
21	10500001	21	30000001	257.203377
21	11000001	21	30000001	348.837731
21	14000001	21	30000001	244.055751
21	14500001	21	30000001	833.740708
21	15000001	21	30000001	1763.445902
21	15500001	21	30000001	1724.257593
21	16000001	21	30000001	1575.487011
21	16500001	21	30000001	1294.357028
21	17000001	21	30000001	1817.210091
21	17500001	21	30000001	1163.587717
21	18000001	21	30000001	1043.464991
21	18500001	21	30000001	1937.251897
21	19000001	21	30000001	2401.195741
21	19500001	21	30000001	1170.464205
21	20000001	21	30000001	971.379610
21	20500001	21	30000001	925.999023
21	21000001	21	30000001	926.250697
21	21500001	21	30000001	906.306745
21	22000001	21	30000001	1004.605975
21	22500001	21	30000001	1134.826759
21	23000001	21	30000001	1051.223371
21	23500001	21	30000001	1144.649188
21	24000001	21	30000001	1280.544597
21	24500001	21	30000001	1633.978977
21	25000001	21	30000001	1792.678644
21	25500001	21	30000001	2138.023175
21	26000001	21	30000001	2628.939190
21	26500001	21	30000001	4147.038517
21	27000001	21	30000001	8100.611743
21	27500001	21	30000001	6288.639039
21	28000001	21	30000001	10009.307669
21	28500001	21	30000001	6852.517564
21	29000001	21	30000001	9220.037174
21	29500001	21	30000001	18997.270955
21	30000001	21	30000001	92289.111371
21	9500001	21	30500001	85.157319
21	10000001	21	30500001	88.425510
21	10500001	21	30500001	180.946726
21	11000001	21	30500001	238.901838
21	14000001	21	30500001	178.056313
21	14500001	21	30500001	495.433457
21	15000001	21	30500001	1506.725315
21	15500001	21	30500001	1757.754765
21	16000001	21	30500001	1778.691648
21	16500001	21	30500001	1248.795747
21	17000001	21	30500001	1642.800788
21	17500001	21	30500001	869.666392
21	18000001	21	30500001	658.501896
21	18500001	21	30500001	1493.211471
21	19000001	21	30500001	2185.969316
21	19500001	21	30500001	781.754827
21	20000001	21	30500001	674.619932
21	20500001	21	30500001	751.182375
21	21000001	21	30500001	620.535897
21	21500001	21	30500001	575.104398
21	22000001	21	30500001	648.004107
21	22500001	21	30500001	736.747798
21	23000001	21	30500001	686.877917
21	23500001	21	30500001	742.931910
21	24000001	21	30500001	779.179693
21	24500001	21	30500001	1210.330422
21	25000001	21	30500001	1209.693102
21	25500001	21	30500001	1590.757413
21	26000001	21	30500001	1996.069825
21	26500001	21	30500001	3832.134054
21	27000001	21	30500001	4415.256318
21	27500001	21	30500001	2890.852446
21	28000001	21	30500001	2658.232833
21	28500001	21	30500001	2220.523396
21	29000001	21	30500001	2631.355743
21	29500001	21	30500001	4119.934573
21	30000001	21	30500001	37814.871140
21	30500001	21	30500001	116568.703231
21	9500001	21	31000001	251.482562
21	10000001	21	31000001	309.343389
21	10500001	21	31000001	473.086602
21	11000001	21	31000001	550.728654
21	14000001	21	31000001	389.314572
21	14500001	21	31000001	1411.053498
21	15000001	21	31000001	1471.025812
21	15500001	21	31000001	1291.746048
21	16000001	21	31000001	1148.165205
21	16500001	21	31000001	1578.870259
21	17000001	21	31000001	1695.958282
21	17500001	21	31000001	1659.417875
21	18000001	21	31000001	1558.656947
21	18500001	21	31000001	2058.251580
21	19000001	21	31000001	1809.060590
21	19500001	21	31000001	1691.726883
21	20000001	21	31000001	1356.631228
21	20500001	21	31000001	1184.405148
21	21000001	21	31000001	1298.939002
21	21500001	21	31000001	1304.998371
21	22000001	21	31000001	1374.974550
21	22500001	21	31000001	1512.251009
21	23000001	21	31000001	1404.434902
21	23500001	21	31000001	1466.571083
21	24000001	21	31000001	1635.242893
21	24500001	21	31000001	1879.199614
21	25000001	21	31000001	2150.477345
21	25500001	21	31000001	2341.360977
21	26000001	21	31000001	2132.489618
21	26500001	21	31000001	1363.624264
21	27000001	21	31000001	3162.271672
21	27500001	21	31000001	3597.327446
21	28000001	21	31000001	4397.678325
21	28500001	21	31000001	4023.514089
21	29000001	21	31000001	4354.379731
21	29500001	21	31000001	6882.518789
21	30000001	21	31000001	10227.800585
21	30500001	21	31000001	27214.826484
21	31000001	21	31000001	101768.953227
21	9000001	21	31500001	104.732395
21	9500001	21	31500001	468.945910
21	10000001	21	31500001	535.637571
21	10500001	21	31500001	885.725160
21	11000001	21	31500001	991.324178
21	14000001	21	31500001	1317.578888
21	14500001	21	31500001	2185.543376
21	15000001	21	31500001	1265.224015
21	15500001	21	31500001	923.509972
21	16000001	21	31500001	687.987349
21	16500001	21	31500001	1244.129514
21	17000001	21	31500001	1486.894665
21	17500001	21	31500001	2105.001296
21	18000001	21	31500001	2321.832936
21	18500001	21	31500001	2041.157488
21	19000001	21	31500001	1568.220872
21	19500001	21	31500001	2082.148188
21	20000001	21	31500001	1944.483212
21	20500001	21	31500001	1851.285395
21	21000001	21	31500001	1869.608217
21	21500001	21	31500001	1922.610856
21	22000001	21	31500001	1931.286942
21	22500001	21	31500001	1930.984071
21	23000001	21	31500001	1901.408511
21	23500001	21	31500001	1898.826454
21	24000001	21	31500001	1968.550040
21	24500001	21	31500001	1954.063966
21	25000001	21	31500001	1911.920327
21	25500001	21	31500001	1916.786381
21	26000001	21	31500001	1531.708571
21	26500001	21	31500001	914.046503
21	27000001	21	31500001	1591.964959
21	27500001	21	31500001	3102.429812
21	28000001	21	31500001	4198.159919
21	28500001	21	31500001	4590.504809
21	29000001	21	31500001	4722.692868
21	29500001	21	31500001	5785.636227
21	30000001	21	31500001	3914.541696
21	30500001	21	31500001	5145.315844
21	31000001	21	31500001	23124.997046
21	31500001	21	31500001	106979.091237
21	9000001	21	32000001	91.497972
21	9500001	21	32000001	288.643778
21	10000001	21	32000001	425.411061
21	10500001	21	32000001	652.894783
21	11000001	21	32000001	712.270609
21	14000001	21	32000001	669.234947
21	14500001	21	32000001	1531.339546
21	15000001	21	32000001	1475.374678
21	15500001	21	32000001	1216.142818
21	16000001	21	32000001	984.699575
21	16500001	21	32000001	1260.106034
21	17000001	21	32000001	1489.939853
21	17500001	21	32000001	1577.193016
21	18000001	21	32000001	1727.288563
21	18500001	21	32000001	1828.789084
21	19000001	21	32000001	1733.959804
21	19500001	21	32000001	1510.540012
21	20000001	21	32000001	1452.776924
21	20500001	21	32000001	1309.403900
21	21000001	21	32000001	1327.265135
21	21500001	21	32000001	1302.023912
21	22000001	21	32000001	1359.974786
21	22500001	21	32000001	1349.839820
21	23000001	21	32000001	1348.170441
21	23500001	21	32000001	1358.360554
21	24000001	21	32000001	1293.012913
21	24500001	21	32000001	1495.681807
21	25000001	21	32000001	1562.633274
21	25500001	21	32000001	1562.686383
21	26000001	21	32000001	1466.023658
21	26500001	21	32000001	1242.179188
21	27000001	21	32000001	1888.398028
21	27500001	21	32000001	2426.562005
21	28000001	21	32000001	2874.041849
21	28500001	21	32000001	2988.799033
21	29000001	21	32000001	3060.766798
21	29500001	21	32000001	3715.825427
21	30000001	21	32000001	3897.412256
21	30500001	21	32000001	5642.952268
21	31000001	21	32000001	13191.794572
21	31500001	21	32000001	32558.869796
21	32000001	21	32000001	100293.420633
21	9500001	21	32500001	261.576489
21	10000001	21	32500001	333.927099
21	10500001	21	32500001	382.952850
21	11000001	21	32500001	341.076509
21	14000001	21	32500001	475.550174
21	14500001	21	32500001	931.763185
21	15000001	21	32500001	1416.998923
21	15500001	21	32500001	1203.718143
21	16000001	21	32500001	1219.679229
21	16500001	21	32500001	1165.366468
21	17000001	21	32500001	1231.084941
21	17500001	21	32500001	953.086926
21	18000001	21	32500001	970.099913
21	18500001	21	32500001	1523.320756
21	19000001	21	32500001	1686.775228
21	19500001	21	32500001	929.224660
21	20000001	21	32500001	804.509007
21	20500001	21	32500001	869.526949
21	21000001	21	32500001	785.643722
21	21500001	21	32500001	765.888968
21	22000001	21	32500001	797.205616
21	22500001	21	32500001	852.770182
21	23000001	21	32500001	775.783722
21	23500001	21	32500001	824.392425
21	24000001	21	32500001	831.885454
21	24500001	21	32500001	1018.493815
21	25000001	21	32500001	1098.991160
21	25500001	21	32500001	1105.269290
21	26000001	21	32500001	1297.320450
21	26500001	21	32500001	1716.942547
21	27000001	21	32500001	1980.994202
21	27500001	21	32500001	1776.243097
21	28000001	21	32500001	1774.248230
21	28500001	21	32500001	1608.911239
21	29000001	21	32500001	1671.671672
21	29500001	21	32500001	2023.295820
21	30000001	21	32500001	3905.702465
21	30500001	21	32500001	5654.565119
21	31000001	21	32500001	7118.456074
21	31500001	21	32500001	9474.586238
21	32000001	21	32500001	30443.252232
21	32500001	21	32500001	118827.572242
21	9500001	21	33000001	143.281019
21	10000001	21	33000001	290.947355
21	10500001	21	33000001	323.870719
21	11000001	21	33000001	328.678737
21	14000001	21	33000001	377.605399
21	14500001	21	33000001	733.996592
21	15000001	21	33000001	1202.492239
21	15500001	21	33000001	1169.836291
21	16000001	21	33000001	1086.244943
21	16500001	21	33000001	1099.389405
21	17000001	21	33000001	1205.890551
21	17500001	21	33000001	917.997990
21	18000001	21	33000001	814.317945
21	18500001	21	33000001	1298.935627
21	19000001	21	33000001	1449.404094
21	19500001	21	33000001	791.208556
21	20000001	21	33000001	658.425535
21	20500001	21	33000001	652.717345
21	21000001	21	33000001	641.389187
21	21500001	21	33000001	615.249236
21	22000001	21	33000001	675.618050
21	22500001	21	33000001	701.221654
21	23000001	21	33000001	667.266825
21	23500001	21	33000001	679.401846
21	24000001	21	33000001	679.911539
21	24500001	21	33000001	810.185020
21	25000001	21	33000001	922.591074
21	25500001	21	33000001	972.463461
21	26000001	21	33000001	1077.045384
21	26500001	21	33000001	1396.505014
21	27000001	21	33000001	1871.451947
21	27500001	21	33000001	1647.272273
21	28000001	21	33000001	1420.904018
21	28500001	21	33000001	1224.242456
21	29000001	21	33000001	1279.542598
21	29500001	21	33000001	1717.194431
21	30000001	21	33000001	3420.364224
21	30500001	21	33000001	4132.399464
21	31000001	21	33000001	4543.242099
21	31500001	21	33000001	5142.315736
21	32000001	21	33000001	10139.864641
21	32500001	21	33000001	23627.430420
21	33000001	21	33000001	105188.954708
21	9000001	21	33500001	38.768263
21	9500001	21	33500001	126.245340
21	10000001	21	33500001	72.099730
21	10500001	21	33500001	242.483057
21	11000001	21	33500001	154.326226
21	14000001	21	33500001	215.504863
21	14500001	21	33500001	461.516666
21	15000001	21	33500001	1127.637910
21	15500001	21	33500001	971.861228
21	16000001	21	33500001	1004.741979
21	16500001	21	33500001	867.927854
21	17000001	21	33500001	989.895242
21	17500001	21	33500001	661.299846
21	18000001	21	33500001	571.100435
21	18500001	21	33500001	984.075114
21	19000001	21	33500001	1191.280869
21	19500001	21	33500001	559.306031
21	20000001	21	33500001	506.410474
21	20500001	21	33500001	463.683430
21	21000001	21	33500001	496.696251
21	21500001	21	33500001	476.251261
21	22000001	21	33500001	484.813678
21	22500001	21	33500001	510.089904
21	23000001	21	33500001	511.098953
21	23500001	21	33500001	522.914819
21	24000001	21	33500001	559.126027
21	24500001	21	33500001	645.748742
21	25000001	21	33500001	682.484651
21	25500001	21	33500001	761.675021
21	26000001	21	33500001	986.973603
21	26500001	21	33500001	1160.050230
21	27000001	21	33500001	1782.901816
21	27500001	21	33500001	1273.753566
21	28000001	21	33500001	992.453828
21	28500001	21	33500001	898.511607
21	29000001	21	33500001	944.118464
21	29500001	21	33500001	1200.023021
21	30000001	21	33500001	2678.110839
21	30500001	21	33500001	3037.723103
21	31000001	21	33500001	3212.501209
21	31500001	21	33500001	2931.304640
21	32000001	21	33500001	5048.939195
21	32500001	21	33500001	9405.450914
21	33000001	21	33500001	40933.329060
21	33500001	21	33500001	107284.501893
21	9000001	21	34000001	38.094029
21	9500001	21	34000001	116.296651
21	10000001	21	34000001	17.711454
21	10500001	21	34000001	104.031610
21	11000001	21	34000001	124.683654
21	14000001	21	34000001	144.886326
21	14500001	21	34000001	266.758976
21	15000001	21	34000001	592.527670
21	15500001	21	34000001	683.198178
21	16000001	21	34000001	694.434370
21	16500001	21	34000001	620.769890
21	17000001	21	34000001	709.189724
21	17500001	21	34000001	375.977667
21	18000001	21	34000001	335.817201
21	18500001	21	34000001	647.581346
21	19000001	21	34000001	780.636238
21	19500001	21	34000001	346.940891
21	20000001	21	34000001	284.191542
21	20500001	21	34000001	311.516480
21	21000001	21	34000001	296.088534
21	21500001	21	34000001	294.333192
21	22000001	21	34000001	307.831657
21	22500001	21	34000001	329.126470
21	23000001	21	34000001	337.620331
21	23500001	21	34000001	341.434911
21	24000001	21	34000001	335.335615
21	24500001	21	34000001	445.558527
21	25000001	21	34000001	466.473522
21	25500001	21	34000001	546.570154
21	26000001	21	34000001	685.056416
21	26500001	21	34000001	947.257540
21	27000001	21	34000001	1255.573783
21	27500001	21	34000001	786.411688
21	28000001	21	34000001	575.864623
21	28500001	21	34000001	494.415746
21	29000001	21	34000001	481.689840
21	29500001	21	34000001	629.009827
21	30000001	21	34000001	1817.213932
21	30500001	21	34000001	2064.556855
21	31000001	21	34000001	1560.611662
21	31500001	21	34000001	1223.138453
21	32000001	21	34000001	1990.587867
21	32500001	21	34000001	3543.681869
21	33000001	21	34000001	8773.945028
21	33500001	21	34000001	26304.302222
21	34000001	21	34000001	122390.547324
21	9000001	21	34500001	35.117070
21	9500001	21	34500001	71.472225
21	10000001	21	34500001	81.636727
21	10500001	21	34500001	86.620964
21	11000001	21	34500001	118.046400
21	14000001	21	34500001	51.370691
21	14500001	21	34500001	108.201448
21	15000001	21	34500001	493.421452
21	15500001	21	34500001	776.762989
21	16000001	21	34500001	781.801776
21	16500001	21	34500001	387.363004
21	17000001	21	34500001	498.148310
21	17500001	21	34500001	244.655920
21	18000001	21	34500001	155.805269
21	18500001	21	34500001	409.098239
21	19000001	21	34500001	655.391422
21	19500001	21	34500001	200.010598
21	20000001	21	34500001	183.882150
21	20500001	21	34500001	209.030098
21	21000001	21	34500001	180.966786
21	21500001	21	34500001	176.658433
21	22000001	21	34500001	192.595059
21	22500001	21	34500001	185.414779
21	23000001	21	34500001	221.755712
21	23500001	21	34500001	194.798005
21	24000001	21	34500001	230.389277
21	24500001	21	34500001	278.114952
21	25000001	21	34500001	290.197344
21	25500001	21	34500001	328.270448
21	26000001	21	34500001	493.803652
21	26500001	21	34500001	1451.534642
21	27000001	21	34500001	989.963264
21	27500001	21	34500001	473.330697
21	28000001	21	34500001	298.501171
21	28500001	21	34500001	268.104885
21	29000001	21	34500001	305.429084
21	29500001	21	34500001	404.301991
21	30000001	21	34500001	1847.736413
21	30500001	21	34500001	2119.402079
21	31000001	21	34500001	745.847583
21	31500001	21	34500001	632.113060
21	32000001	21	34500001	1126.468419
21	32500001	21	34500001	2441.138862
21	33000001	21	34500001	4195.913612
21	33500001	21	34500001	9234.962181
21	34000001	21	34500001	44288.575258
21	34500001	21	34500001	145086.684939
21	9000001	21	35000001	35.588655
21	9500001	21	35000001	72.432022
21	10000001	21	35000001	66.186417
21	10500001	21	35000001	100.324791
21	11000001	21	35000001	132.224443
21	14000001	21	35000001	72.884763
21	14500001	21	35000001	239.246138
21	15000001	21	35000001	590.462091
21	15500001	21	35000001	702.092034
21	16000001	21	35000001	785.194716
21	16500001	21	35000001	522.645553
21	17000001	21	35000001	605.805501
21	17500001	21	35000001	322.717366
21	18000001	21	35000001	239.426380
21	18500001	21	35000001	511.027910
21	19000001	21	35000001	717.591387
21	19500001	21	35000001	277.273554
21	20000001	21	35000001	257.485666
21	20500001	21	35000001	296.967971
21	21000001	21	35000001	276.615334
21	21500001	21	35000001	249.258310
21	22000001	21	35000001	264.013499
21	22500001	21	35000001	279.344961
21	23000001	21	35000001	286.831116
21	23500001	21	35000001	267.028326
21	24000001	21	35000001	308.355400
21	24500001	21	35000001	359.082590
21	25000001	21	35000001	411.732144
21	25500001	21	35000001	503.853610
21	26000001	21	35000001	656.194319
21	26500001	21	35000001	1189.393609
21	27000001	21	35000001	980.487488
21	27500001	21	35000001	568.316400
21	28000001	21	35000001	399.524509
21	28500001	21	35000001	373.594721
21	29000001	21	35000001	426.199930
21	29500001	21	35000001	513.961244
21	30000001	21	35000001	1355.915914
21	30500001	21	35000001	1681.886270
21	31000001	21	35000001	1003.131798
21	31500001	21	35000001	832.873299
21	32000001	21	35000001	1205.283052
21	32500001	21	35000001	2096.353510
21	33000001	21	35000001	3197.362191
21	33500001	21	35000001	5471.828055
21	34000001	21	35000001	10616.776511
21	34500001	21	35000001	18901.398182
21	35000001	21	35000001	120343.929171
21	9500001	21	35500001	42.174931
21	10000001	21	35500001	112.403398
21	10500001	21	35500001	155.167577
21	11000001	21	35500001	168.034193
21	14000001	21	35500001	131.357410
21	14500001	21	35500001	280.546083
21	15000001	21	35500001	603.454403
21	15500001	21	35500001	682.032425
21	16000001	21	35500001	657.863790
21	16500001	21	35500001	535.754137
21	17000001	21	35500001	580.615018
21	17500001	21	35500001	340.870350
21	18000001	21	35500001	300.453859
21	18500001	21	35500001	531.920947
21	19000001	21	35500001	680.058442
21	19500001	21	35500001	353.515080
21	20000001	21	35500001	306.268975
21	20500001	21	35500001	303.562385
21	21000001	21	35500001	270.407551
21	21500001	21	35500001	287.007212
21	22000001	21	35500001	292.813163
21	22500001	21	35500001	290.592785
21	23000001	21	35500001	310.877401
21	23500001	21	35500001	328.711068
21	24000001	21	35500001	310.715629
21	24500001	21	35500001	449.703032
21	25000001	21	35500001	416.862045
21	25500001	21	35500001	470.193796
21	26000001	21	35500001	597.891257
21	26500001	21	35500001	867.179117
21	27000001	21	35500001	867.142084
21	27500001	21	35500001	571.138200
21	28000001	21	35500001	408.259333
21	28500001	21	35500001	406.814352
21	29000001	21	35500001	424.002999
21	29500001	21	35500001	515.340579
21	30000001	21	35500001	1023.863151
21	30500001	21	35500001	1272.474105
21	31000001	21	35500001	953.424163
21	31500001	21	35500001	825.062607
21	32000001	21	35500001	1163.484666
21	32500001	21	35500001	1682.037188
21	33000001	21	35500001	2702.632314
21	33500001	21	35500001	3848.876872
21	34000001	21	35500001	6033.477096
21	34500001	21	35500001	7621.548268
21	35000001	21	35500001	50195.718870
21	35500001	21	35500001	113702.033786
21	9500001	21	36000001	90.027735
21	10000001	21	36000001	110.741216
21	10500001	21	36000001	137.885462
21	11000001	21	36000001	138.459466
21	14000001	21	36000001	99.549956
21	14500001	21	36000001	228.742729
21	15000001	21	36000001	536.312586
21	15500001	21	36000001	625.161372
21	16000001	21	36000001	629.112683
21	16500001	21	36000001	534.494262
21	17000001	21	36000001	564.050995
21	17500001	21	36000001	301.023801
21	18000001	21	36000001	265.423064
21	18500001	21	36000001	527.995349
21	19000001	21	36000001	680.492611
21	19500001	21	36000001	287.954168
21	20000001	21	36000001	239.476172
21	20500001	21	36000001	283.930452
21	21000001	21	36000001	246.064909
21	21500001	21	36000001	237.369650
21	22000001	21	36000001	254.225771
21	22500001	21	36000001	269.963301
21	23000001	21	36000001	281.777834
21	23500001	21	36000001	262.259060
21	24000001	21	36000001	291.050309
21	24500001	21	36000001	395.103523
21	25000001	21	36000001	427.739029
21	25500001	21	36000001	491.904332
21	26000001	21	36000001	580.203043
21	26500001	21	36000001	846.695834
21	27000001	21	36000001	898.519381
21	27500001	21	36000001	544.852753
21	28000001	21	36000001	395.476272
21	28500001	21	36000001	364.615322
21	29000001	21	36000001	385.862353
21	29500001	21	36000001	468.201939
21	30000001	21	36000001	955.100716
21	30500001	21	36000001	1234.039142
21	31000001	21	36000001	968.580337
21	31500001	21	36000001	730.965817
21	32000001	21	36000001	1087.671545
21	32500001	21	36000001	1587.355389
21	33000001	21	36000001	2161.627289
21	33500001	21	36000001	2857.999536
21	34000001	21	36000001	3694.958232
21	34500001	21	36000001	3911.586288
21	35000001	21	36000001	10182.949354
21	35500001	21	36000001	26353.033615
21	36000001	21	36000001	103202.880295
21	9500001	21	36500001	84.467475
21	10000001	21	36500001	96.480110
21	10500001	21	36500001	168.180261
21	11000001	21	36500001	205.593504
21	14000001	21	36500001	218.559716
21	14500001	21	36500001	406.874660
21	15000001	21	36500001	546.555996
21	15500001	21	36500001	554.105624
21	16000001	21	36500001	512.937728
21	16500001	21	36500001	705.201821
21	17000001	21	36500001	564.395432
21	17500001	21	36500001	525.500188
21	18000001	21	36500001	432.053341
21	18500001	21	36500001	655.535491
21	19000001	21	36500001	631.246283
21	19500001	21	36500001	445.994341
21	20000001	21	36500001	378.550522
21	20500001	21	36500001	364.782792
21	21000001	21	36500001	372.205736
21	21500001	21	36500001	361.037528
21	22000001	21	36500001	378.255671
21	22500001	21	36500001	398.413337
21	23000001	21	36500001	409.206173
21	23500001	21	36500001	413.178289
21	24000001	21	36500001	450.352100
21	24500001	21	36500001	470.214785
21	25000001	21	36500001	570.563582
21	25500001	21	36500001	630.430714
21	26000001	21	36500001	642.936161
21	26500001	21	36500001	554.810276
21	27000001	21	36500001	889.137977
21	27500001	21	36500001	750.692459
21	28000001	21	36500001	578.016778
21	28500001	21	36500001	570.334236
21	29000001	21	36500001	588.647235
21	29500001	21	36500001	711.480532
21	30000001	21	36500001	885.635793
21	30500001	21	36500001	1052.846930
21	31000001	21	36500001	1424.415189
21	31500001	21	36500001	1147.665704
21	32000001	21	36500001	1360.065123
21	32500001	21	36500001	1418.333211
21	33000001	21	36500001	2451.633999
21	33500001	21	36500001	2811.716265
21	34000001	21	36500001	3085.171051
21	34500001	21	36500001	2199.862336
21	35000001	21	36500001	5854.081706
21	35500001	21	36500001	10945.164871
21	36000001	21	36500001	48559.771612
21	36500001	21	36500001	110938.576517
21	9500001	21	37000001	78.303997
21	10000001	21	37000001	71.552069
21	10500001	21	37000001	125.404561
21	11000001	21	37000001	139.540295
21	14000001	21	37000001	135.074472
21	14500001	21	37000001	301.748451
21	15000001	21	37000001	580.481462
21	15500001	21	37000001	581.140818
21	16000001	21	37000001	617.624426
21	16500001	21	37000001	607.705869
21	17000001	21	37000001	552.079140
21	17500001	21	37000001	412.699120
21	18000001	21	37000001	338.049242
21	18500001	21	37000001	645.126409
21	19000001	21	37000001	631.050950
21	19500001	21	37000001	403.114465
21	20000001	21	37000001	320.601071
21	20500001	21	37000001	344.585939
21	21000001	21	37000001	315.470980
21	21500001	21	37000001	344.316869
21	22000001	21	37000001	342.500099
21	22500001	21	37000001	387.808734
21	23000001	21	37000001	351.641835
21	23500001	21	37000001	376.289708
21	24000001	21	37000001	348.263770
21	24500001	21	37000001	421.807452
21	25000001	21	37000001	502.917358
21	25500001	21	37000001	578.156092
21	26000001	21	37000001	582.684419
21	26500001	21	37000001	634.247207
21	27000001	21	37000001	875.728328
21	27500001	21	37000001	706.841649
21	28000001	21	37000001	517.724096
21	28500001	21	37000001	451.088526
21	29000001	21	37000001	521.241150
21	29500001	21	37000001	601.282155
21	30000001	21	37000001	1000.051278
21	30500001	21	37000001	1152.049554
21	31000001	21	37000001	1248.955389
21	31500001	21	37000001	962.455439
21	32000001	21	37000001	1203.160789
21	32500001	21	37000001	1512.527468
21	33000001	21	37000001	2388.254815
21	33500001	21	37000001	3079.870426
21	34000001	21	37000001	3310.090755
21	34500001	21	37000001	2575.766729
21	35000001	21	37000001	6677.531775
21	35500001	21	37000001	11628.497947
21	36000001	21	37000001	29078.538846
21	36500001	21	37000001	38577.842596
21	37000001	21	37000001	106111.759766
21	9000001	21	37500001	34.543471
21	9500001	21	37500001	56.243844
21	10000001	21	37500001	96.363937
21	10500001	21	37500001	88.249181
21	11000001	21	37500001	88.616554
21	14000001	21	37500001	90.956894
21	14500001	21	37500001	193.516541
21	15000001	21	37500001	580.285148
21	15500001	21	37500001	693.863090
21	16000001	21	37500001	745.581611
21	16500001	21	37500001	486.252862
21	17000001	21	37500001	571.815201
21	17500001	21	37500001	289.364683
21	18000001	21	37500001	230.391395
21	18500001	21	37500001	451.218022
21	19000001	21	37500001	722.077090
21	19500001	21	37500001	212.520259
21	20000001	21	37500001	176.988776
21	20500001	21	37500001	239.244579
21	21000001	21	37500001	222.267746
21	21500001	21	37500001	203.535125
21	22000001	21	37500001	206.838292
21	22500001	21	37500001	234.078589
21	23000001	21	37500001	223.873936
21	23500001	21	37500001	231.956448
21	24000001	21	37500001	257.225431
21	24500001	21	37500001	322.250589
21	25000001	21	37500001	355.524082
21	25500001	21	37500001	433.673645
21	26000001	21	37500001	540.374077
21	26500001	21	37500001	1082.682880
21	27000001	21	37500001	989.197196
21	27500001	21	37500001	522.195722
21	28000001	21	37500001	332.147780
21	28500001	21	37500001	287.272626
21	29000001	21	37500001	292.351463
21	29500001	21	37500001	351.474476
21	30000001	21	37500001	1230.916855
21	30500001	21	37500001	1487.938286
21	31000001	21	37500001	780.221412
21	31500001	21	37500001	590.831456
21	32000001	21	37500001	811.347453
21	32500001	21	37500001	1528.484384
21	33000001	21	37500001	1965.260820
21	33500001	21	37500001	2708.276328
21	34000001	21	37500001	3334.834051
21	34500001	21	37500001	4087.301018
21	35000001	21	37500001	5524.121096
21	35500001	21	37500001	6101.714468
21	36000001	21	37500001	8797.686782
21	36500001	21	37500001	7237.634440
21	37000001	21	37500001	22746.064732
21	37500001	21	37500001	123798.893022
21	9500001	21	38000001	74.385025
21	10000001	21	38000001	67.971018
21	10500001	21	38000001	160.984177
21	11000001	21	38000001	161.654338
21	14000001	21	38000001	139.007094
21	14500001	21	38000001	373.664174
21	15000001	21	38000001	691.655458
21	15500001	21	38000001	714.467964
21	16000001	21	38000001	704.931827
21	16500001	21	38000001	623.410986
21	17000001	21	38000001	670.985687
21	17500001	21	38000001	399.117243
21	18000001	21	38000001	292.514904
21	18500001	21	38000001	598.449139
21	19000001	21	38000001	730.930278
21	19500001	21	38000001	352.500553
21	20000001	21	38000001	279.861876
21	20500001	21	38000001	314.124448
21	21000001	21	38000001	322.574624
21	21500001	21	38000001	284.421248
21	22000001	21	38000001	346.661834
21	22500001	21	38000001	335.377798
21	23000001	21	38000001	318.859037
21	23500001	21	38000001	309.440468
21	24000001	21	38000001	316.669664
21	24500001	21	38000001	455.290402
21	25000001	21	38000001	471.340686
21	25500001	21	38000001	563.124746
21	26000001	21	38000001	620.831681
21	26500001	21	38000001	822.747452
21	27000001	21	38000001	1038.811743
21	27500001	21	38000001	656.295659
21	28000001	21	38000001	436.563241
21	28500001	21	38000001	410.574639
21	29000001	21	38000001	482.927954
21	29500001	21	38000001	525.973787
21	30000001	21	38000001	1149.893652
21	30500001	21	38000001	1375.806544
21	31000001	21	38000001	1043.768008
21	31500001	21	38000001	738.354029
21	32000001	21	38000001	964.717339
21	32500001	21	38000001	1580.038177
21	33000001	21	38000001	2182.059676
21	33500001	21	38000001	2888.316876
21	34000001	21	38000001	3095.412070
21	34500001	21	38000001	2584.917367
21	35000001	21	38000001	3997.177737
21	35500001	21	38000001	4275.910184
21	36000001	21	38000001	5089.510321
21	36500001	21	38000001	5538.745265
21	37000001	21	38000001	9985.224624
21	37500001	21	38000001	40370.154112
21	38000001	21	38000001	112719.376475
21	9500001	21	38500001	74.645689
21	10000001	21	38500001	17.052302
21	10500001	21	38500001	122.776713
21	11000001	21	38500001	107.065739
21	14000001	21	38500001	150.224534
21	14500001	21	38500001	308.197471
21	15000001	21	38500001	884.237882
21	15500001	21	38500001	973.502784
21	16000001	21	38500001	1005.448313
21	16500001	21	38500001	620.807858
21	17000001	21	38500001	795.449196
21	17500001	21	38500001	398.487925
21	18000001	21	38500001	248.870829
21	18500001	21	38500001	665.102859
21	19000001	21	38500001	1019.952927
21	19500001	21	38500001	282.791578
21	20000001	21	38500001	253.997337
21	20500001	21	38500001	299.923026
21	21000001	21	38500001	285.069250
21	21500001	21	38500001	259.934190
21	22000001	21	38500001	257.506441
21	22500001	21	38500001	311.699901
21	23000001	21	38500001	274.265487
21	23500001	21	38500001	276.260019
21	24000001	21	38500001	317.779356
21	24500001	21	38500001	418.639756
21	25000001	21	38500001	403.191568
21	25500001	21	38500001	458.456997
21	26000001	21	38500001	662.739840
21	26500001	21	38500001	1304.496304
21	27000001	21	38500001	1187.513543
21	27500001	21	38500001	655.390644
21	28000001	21	38500001	374.469597
21	28500001	21	38500001	351.011415
21	29000001	21	38500001	402.418847
21	29500001	21	38500001	462.997311
21	30000001	21	38500001	1580.949550
21	30500001	21	38500001	1770.122998
21	31000001	21	38500001	823.281667
21	31500001	21	38500001	666.753363
21	32000001	21	38500001	976.302178
21	32500001	21	38500001	1594.387556
21	33000001	21	38500001	2038.208248
21	33500001	21	38500001	2398.563705
21	34000001	21	38500001	2507.141246
21	34500001	21	38500001	3019.692386
21	35000001	21	38500001	3164.911031
21	35500001	21	38500001	2806.299232
21	36000001	21	38500001	3171.191569
21	36500001	21	38500001	2494.024585
21	37000001	21	38500001	3941.712510
21	37500001	21	38500001	11247.136740
21	38000001	21	38500001	29503.253215
21	38500001	21	38500001	134468.369221
21	9000001	21	39000001	83.157870
21	9500001	21	39000001	203.097061
21	10000001	21	39000001	309.307645
21	10500001	21	39000001	358.960077
21	11000001	21	39000001	268.501741
21	14000001	21	39000001	486.586985
21	14500001	21	39000001	803.608596
21	15000001	21	39000001	1011.059405
21	15500001	21	39000001	809.496925
21	16000001	21	39000001	750.490691
21	16500001	21	39000001	976.987553
21	17000001	21	39000001	922.251812
21	17500001	21	39000001	865.576103
21	18000001	21	39000001	864.499922
21	18500001	21	39000001	1166.161938
21	19000001	21	39000001	1012.717580
21	19500001	21	39000001	802.041213
21	20000001	21	39000001	678.906109
21	20500001	21	39000001	664.994403
21	21000001	21	39000001	609.652868
21	21500001	21	39000001	622.873219
21	22000001	21	39000001	653.257768
21	22500001	21	39000001	645.684743
21	23000001	21	39000001	689.797927
21	23500001	21	39000001	655.510659
21	24000001	21	39000001	651.456529
21	24500001	21	39000001	787.485172
21	25000001	21	39000001	871.485259
21	25500001	21	39000001	899.376442
21	26000001	21	39000001	818.895676
21	26500001	21	39000001	622.076539
21	27000001	21	39000001	1127.788031
21	27500001	21	39000001	1213.503571
21	28000001	21	39000001	1049.980414
21	28500001	21	39000001	994.263242
21	29000001	21	39000001	1016.739071
21	29500001	21	39000001	1225.087158
21	30000001	21	39000001	1237.250840
21	30500001	21	39000001	1214.097043
21	31000001	21	39000001	1977.774748
21	31500001	21	39000001	1769.398081
21	32000001	21	39000001	1859.249860
21	32500001	21	39000001	1985.037207
21	33000001	21	39000001	2518.986178
21	33500001	21	39000001	2527.660776
21	34000001	21	39000001	1857.935581
21	34500001	21	39000001	1014.508843
21	35000001	21	39000001	1833.418778
21	35500001	21	39000001	2037.628423
21	36000001	21	39000001	2533.236681
21	36500001	21	39000001	3630.657782
21	37000001	21	39000001	4158.084977
21	37500001	21	39000001	4565.513527
21	38000001	21	39000001	10822.322104
21	38500001	21	39000001	22337.136907
21	39000001	21	39000001	111297.112796
21	9500001	21	39500001	179.881708
21	10000001	21	39500001	285.862656
21	10500001	21	39500001	287.743664
21	11000001	21	39500001	299.139449
21	14000001	21	39500001	224.852263
21	14500001	21	39500001	737.314585
21	15000001	21	39500001	1173.507572
21	15500001	21	39500001	920.432358
21	16000001	21	39500001	896.161934
21	16500001	21	39500001	936.375558
21	17000001	21	39500001	1065.883885
21	17500001	21	39500001	735.162163
21	18000001	21	39500001	727.655397
21	18500001	21	39500001	1108.918253
21	19000001	21	39500001	1157.899162
21	19500001	21	39500001	697.887962
21	20000001	21	39500001	576.601414
21	20500001	21	39500001	544.044843
21	21000001	21	39500001	584.229416
21	21500001	21	39500001	535.075899
21	22000001	21	39500001	549.781878
21	22500001	21	39500001	580.468140
21	23000001	21	39500001	577.911934
21	23500001	21	39500001	601.336491
21	24000001	21	39500001	569.101280
21	24500001	21	39500001	732.127261
21	25000001	21	39500001	828.522887
21	25500001	21	39500001	907.433874
21	26000001	21	39500001	973.298327
21	26500001	21	39500001	1073.990355
21	27000001	21	39500001	1174.174787
21	27500001	21	39500001	1088.783040
21	28000001	21	39500001	882.782100
21	28500001	21	39500001	853.937665
21	29000001	21	39500001	881.826249
21	29500001	21	39500001	1037.147697
21	30000001	21	39500001	1388.549385
21	30500001	21	39500001	1541.596320
21	31000001	21	39500001	1773.393041
21	31500001	21	39500001	1526.065242
21	32000001	21	39500001	1736.373318
21	32500001	21	39500001	1979.465718
21	33000001	21	39500001	2387.575389
21	33500001	21	39500001	2263.225633
21	34000001	21	39500001	1813.019038
21	34500001	21	39500001	1330.206475
21	35000001	21	39500001	1820.830320
21	35500001	21	39500001	1941.582915
21	36000001	21	39500001	2284.960763
21	36500001	21	39500001	2680.937022
21	37000001	21	39500001	3043.387516
21	37500001	21	39500001	3546.393556
21	38000001	21	39500001	6479.159062
21	38500001	21	39500001	10234.836232
21	39000001	21	39500001	34947.921972
21	39500001	21	39500001	108602.208093
21	9500001	21	40000001	283.817521
21	10000001	21	40000001	216.120629
21	10500001	21	40000001	245.695314
21	11000001	21	40000001	301.544369
21	14000001	21	40000001	328.656934
21	14500001	21	40000001	553.362803
21	15000001	21	40000001	1319.512487
21	15500001	21	40000001	1035.899109
21	16000001	21	40000001	882.483975
21	16500001	21	40000001	1028.180612
21	17000001	21	40000001	1055.379887
21	17500001	21	40000001	741.072471
21	18000001	21	40000001	627.916528
21	18500001	21	40000001	1223.695587
21	19000001	21	40000001	1259.565574
21	19500001	21	40000001	653.546042
21	20000001	21	40000001	540.888445
21	20500001	21	40000001	575.354755
21	21000001	21	40000001	507.314795
21	21500001	21	40000001	582.441703
21	22000001	21	40000001	543.938831
21	22500001	21	40000001	506.387679
21	23000001	21	40000001	541.789701
21	23500001	21	40000001	556.410613
21	24000001	21	40000001	568.315085
21	24500001	21	40000001	715.086725
21	25000001	21	40000001	772.132725
21	25500001	21	40000001	776.835575
21	26000001	21	40000001	841.801959
21	26500001	21	40000001	853.891692
21	27000001	21	40000001	1326.309163
21	27500001	21	40000001	1174.541512
21	28000001	21	40000001	932.117256
21	28500001	21	40000001	822.779670
21	29000001	21	40000001	862.999748
21	29500001	21	40000001	966.267517
21	30000001	21	40000001	1530.419443
21	30500001	21	40000001	1641.883651
21	31000001	21	40000001	1824.555329
21	31500001	21	40000001	1248.718560
21	32000001	21	40000001	1623.823619
21	32500001	21	40000001	2026.881781
21	33000001	21	40000001	2606.778813
21	33500001	21	40000001	2538.420187
21	34000001	21	40000001	1865.113457
21	34500001	21	40000001	1133.380284
21	35000001	21	40000001	1579.999596
21	35500001	21	40000001	1767.491080
21	36000001	21	40000001	1962.406750
21	36500001	21	40000001	2400.641480
21	37000001	21	40000001	2500.192284
21	37500001	21	40000001	2630.800072
21	38000001	21	40000001	4080.732063
21	38500001	21	40000001	5448.233419
21	39000001	21	40000001	12188.434843
21	39500001	21	40000001	27161.761157
21	40000001	21	40000001	115031.897000
21	9000001	21	40500001	75.692979
21	9500001	21	40500001	200.270963
21	10000001	21	40500001	123.174541
21	10500001	21	40500001	233.383611
21	11000001	21	40500001	304.661713
21	14000001	21	40500001	398.616471
21	14500001	21	40500001	651.962836
21	15000001	21	40500001	1577.655301
21	15500001	21	40500001	1294.166533
21	16000001	21	40500001	1187.904870
21	16500001	21	40500001	1075.376877
21	17000001	21	40500001	1363.906158
21	17500001	21	40500001	794.153217
21	18000001	21	40500001	644.222881
21	18500001	21	40500001	1284.993501
21	19000001	21	40500001	1656.921159
21	19500001	21	40500001	704.624463
21	20000001	21	40500001	548.707876
21	20500001	21	40500001	591.614354
21	21000001	21	40500001	549.538103
21	21500001	21	40500001	561.699959
21	22000001	21	40500001	581.580886
21	22500001	21	40500001	583.448758
21	23000001	21	40500001	545.067952
21	23500001	21	40500001	573.463258
21	24000001	21	40500001	555.260936
21	24500001	21	40500001	643.195009
21	25000001	21	40500001	768.612925
21	25500001	21	40500001	820.698374
21	26000001	21	40500001	950.386749
21	26500001	21	40500001	1361.190215
21	27000001	21	40500001	1770.595395
21	27500001	21	40500001	1237.680768
21	28000001	21	40500001	980.111638
21	28500001	21	40500001	825.551211
21	29000001	21	40500001	903.946212
21	29500001	21	40500001	1048.226176
21	30000001	21	40500001	2389.197649
21	30500001	21	40500001	2068.738405
21	31000001	21	40500001	1660.401881
21	31500001	21	40500001	1307.250221
21	32000001	21	40500001	1742.298551
21	32500001	21	40500001	2189.479204
21	33000001	21	40500001	2720.603040
21	33500001	21	40500001	2774.971559
21	34000001	21	40500001	1928.013082
21	34500001	21	40500001	1751.999140
21	35000001	21	40500001	1742.597738
21	35500001	21	40500001	1565.195565
21	36000001	21	40500001	1571.014595
21	36500001	21	40500001	1543.697739
21	37000001	21	40500001	2003.478670
21	37500001	21	40500001	2767.255730
21	38000001	21	40500001	3495.302064
21	38500001	21	40500001	5585.747034
21	39000001	21	40500001	6388.576990
21	39500001	21	40500001	12025.555728
21	40000001	21	40500001	29971.904552
21	40500001	21	40500001	105914.743096
21	9000001	21	41000001	47.996119
21	9500001	21	41000001	547.032565
21	10000001	21	41000001	580.198734
21	10500001	21	41000001	1285.364834
21	11000001	21	41000001	1176.079749
21	14000001	21	41000001	1025.076115
21	14500001	21	41000001	2184.648671
21	15000001	21	41000001	1393.556607
21	15500001	21	41000001	849.310244
21	16000001	21	41000001	602.782009
21	16500001	21	41000001	902.218597
21	17000001	21	41000001	1021.826088
21	17500001	21	41000001	1484.817663
21	18000001	21	41000001	1952.703168
21	18500001	21	41000001	1715.194606
21	19000001	21	41000001	1174.936829
21	19500001	21	41000001	1527.999978
21	20000001	21	41000001	1541.700895
21	20500001	21	41000001	1345.685070
21	21000001	21	41000001	1317.301490
21	21500001	21	41000001	1434.009784
21	22000001	21	41000001	1345.390368
21	22500001	21	41000001	1267.074652
21	23000001	21	41000001	1458.258267
21	23500001	21	41000001	1287.758030
21	24000001	21	41000001	1255.548736
21	24500001	21	41000001	1010.477088
21	25000001	21	41000001	995.170930
21	25500001	21	41000001	877.760960
21	26000001	21	41000001	699.862165
21	26500001	21	41000001	515.293337
21	27000001	21	41000001	844.014311
21	27500001	21	41000001	1698.565786
21	28000001	21	41000001	2111.242540
21	28500001	21	41000001	2184.192361
21	29000001	21	41000001	2154.653348
21	29500001	21	41000001	2234.548601
21	30000001	21	41000001	1185.276578
21	30500001	21	41000001	837.315912
21	31000001	21	41000001	1783.364863
21	31500001	21	41000001	2795.816672
21	32000001	21	41000001	2241.755349
21	32500001	21	41000001	1665.990767
21	33000001	21	41000001	1712.714631
21	33500001	21	41000001	1189.126818
21	34000001	21	41000001	721.450761
21	34500001	21	41000001	388.988278
21	35000001	21	41000001	624.725767
21	35500001	21	41000001	726.220239
21	36000001	21	41000001	721.070843
21	36500001	21	41000001	1225.257493
21	37000001	21	41000001	1085.289529
21	37500001	21	41000001	762.026507
21	38000001	21	41000001	1127.894494
21	38500001	21	41000001	1143.036289
21	39000001	21	41000001	4376.350101
21	39500001	21	41000001	5036.624322
21	40000001	21	41000001	7151.597510
21	40500001	21	41000001	19824.216965
21	41000001	21	41000001	109355.083204
21	9000001	21	41500001	52.177784
21	9500001	21	41500001	615.931842
21	10000001	21	41500001	776.305952
21	10500001	21	41500001	1521.459279
21	11000001	21	41500001	1292.392839
21	14000001	21	41500001	1633.415004
21	14500001	21	41500001	2353.063376
21	15000001	21	41500001	1098.353479
21	15500001	21	41500001	696.638878
21	16000001	21	41500001	507.362198
21	16500001	21	41500001	887.736945
21	17000001	21	41500001	1041.118603
21	17500001	21	41500001	1696.406271
21	18000001	21	41500001	2251.443226
21	18500001	21	41500001	1563.728175
21	19000001	21	41500001	1070.317942
21	19500001	21	41500001	1718.600669
21	20000001	21	41500001	1830.256809
21	20500001	21	41500001	1596.449172
21	21000001	21	41500001	1504.863482
21	21500001	21	41500001	1718.468238
21	22000001	21	41500001	1607.762409
21	22500001	21	41500001	1479.121377
21	23000001	21	41500001	1591.089638
21	23500001	21	41500001	1483.738005
21	24000001	21	41500001	1444.379366
21	24500001	21	41500001	1155.867156
21	25000001	21	41500001	1102.781063
21	25500001	21	41500001	883.341740
21	26000001	21	41500001	655.699653
21	26500001	21	41500001	438.211817
21	27000001	21	41500001	701.060127
21	27500001	21	41500001	1678.995813
21	28000001	21	41500001	2244.755273
21	28500001	21	41500001	2499.688070
21	29000001	21	41500001	2417.431490
21	29500001	21	41500001	2238.214866
21	30000001	21	41500001	1005.102918
21	30500001	21	41500001	657.954268
21	31000001	21	41500001	1824.768396
21	31500001	21	41500001	2921.834288
21	32000001	21	41500001	2182.623544
21	32500001	21	41500001	1468.778864
21	33000001	21	41500001	1302.157117
21	33500001	21	41500001	1016.775820
21	34000001	21	41500001	597.706234
21	34500001	21	41500001	313.575461
21	35000001	21	41500001	476.679674
21	35500001	21	41500001	587.713520
21	36000001	21	41500001	587.703615
21	36500001	21	41500001	897.887834
21	37000001	21	41500001	838.259579
21	37500001	21	41500001	593.112119
21	38000001	21	41500001	875.563855
21	38500001	21	41500001	826.232275
21	39000001	21	41500001	3237.528859
21	39500001	21	41500001	3398.008400
21	40000001	21	41500001	3961.954461
21	40500001	21	41500001	7611.546192
21	41000001	21	41500001	33844.196025
21	41500001	21	41500001	111616.631874
21	9000001	21	42000001	48.391301
21	9500001	21	42000001	630.327581
21	10000001	21	42000001	494.979591
21	10500001	21	42000001	1240.529231
21	11000001	21	42000001	1147.236562
21	14000001	21	42000001	1033.516220
21	14500001	21	42000001	2148.417537
21	15000001	21	42000001	1134.060450
21	15500001	21	42000001	800.373446
21	16000001	21	42000001	554.603634
21	16500001	21	42000001	966.500084
21	17000001	21	42000001	1105.124679
21	17500001	21	42000001	1705.746175
21	18000001	21	42000001	2043.154071
21	18500001	21	42000001	1680.003906
21	19000001	21	42000001	1110.013173
21	19500001	21	42000001	1591.283640
21	20000001	21	42000001	1566.655483
21	20500001	21	42000001	1380.992899
21	21000001	21	42000001	1362.591337
21	21500001	21	42000001	1418.917982
21	22000001	21	42000001	1375.699410
21	22500001	21	42000001	1296.635736
21	23000001	21	42000001	1356.342951
21	23500001	21	42000001	1287.058582
21	24000001	21	42000001	1280.621656
21	24500001	21	42000001	1032.435504
21	25000001	21	42000001	1083.343160
21	25500001	21	42000001	948.107636
21	26000001	21	42000001	737.078867
21	26500001	21	42000001	486.855580
21	27000001	21	42000001	846.272530
21	27500001	21	42000001	1784.436025
21	28000001	21	42000001	2091.449747
21	28500001	21	42000001	2169.189747
21	29000001	21	42000001	2050.985973
21	29500001	21	42000001	2216.293912
21	30000001	21	42000001	1111.598537
21	30500001	21	42000001	853.210175
21	31000001	21	42000001	1900.376403
21	31500001	21	42000001	2624.305724
21	32000001	21	42000001	2132.480797
21	32500001	21	42000001	1662.714081
21	33000001	21	42000001	1687.023839
21	33500001	21	42000001	1220.015672
21	34000001	21	42000001	693.139555
21	34500001	21	42000001	334.027137
21	35000001	21	42000001	545.662376
21	35500001	21	42000001	694.609065
21	36000001	21	42000001	630.395537
21	36500001	21	42000001	1100.812928
21	37000001	21	42000001	999.550332
21	37500001	21	42000001	648.151596
21	38000001	21	42000001	1148.423263
21	38500001	21	42000001	972.811596
21	39000001	21	42000001	3626.319987
21	39500001	21	42000001	3704.235488
21	40000001	21	42000001	4693.641042
21	40500001	21	42000001	8319.146044
21	41000001	21	42000001	24023.487241
21	41500001	21	42000001	38808.129187
21	42000001	21	42000001	109244.260221
21	9500001	21	42500001	139.532146
21	10000001	21	42500001	106.250576
21	10500001	21	42500001	167.764262
21	11000001	21	42500001	188.678166
21	14000001	21	42500001	256.293567
21	14500001	21	42500001	570.766713
21	15000001	21	42500001	1092.039467
21	15500001	21	42500001	1077.750806
21	16000001	21	42500001	1066.949644
21	16500001	21	42500001	899.092523
21	17000001	21	42500001	938.578214
21	17500001	21	42500001	587.562206
21	18000001	21	42500001	513.580030
21	18500001	21	42500001	1058.535281
21	19000001	21	42500001	1205.591263
21	19500001	21	42500001	465.578600
21	20000001	21	42500001	382.788879
21	20500001	21	42500001	398.333986
21	21000001	21	42500001	375.198301
21	21500001	21	42500001	335.567218
21	22000001	21	42500001	370.344011
21	22500001	21	42500001	357.030478
21	23000001	21	42500001	352.331037
21	23500001	21	42500001	398.087369
21	24000001	21	42500001	438.603116
21	24500001	21	42500001	544.239982
21	25000001	21	42500001	591.337811
21	25500001	21	42500001	646.871220
21	26000001	21	42500001	804.597507
21	26500001	21	42500001	1038.111927
21	27000001	21	42500001	1310.742847
21	27500001	21	42500001	949.357132
21	28000001	21	42500001	661.659274
21	28500001	21	42500001	588.835821
21	29000001	21	42500001	614.113361
21	29500001	21	42500001	767.376323
21	30000001	21	42500001	1542.214305
21	30500001	21	42500001	1572.592123
21	31000001	21	42500001	1317.841122
21	31500001	21	42500001	901.105989
21	32000001	21	42500001	1264.352689
21	32500001	21	42500001	1655.735404
21	33000001	21	42500001	2160.335143
21	33500001	21	42500001	2352.954678
21	34000001	21	42500001	1779.251368
21	34500001	21	42500001	1284.436430
21	35000001	21	42500001	1479.970845
21	35500001	21	42500001	1438.165126
21	36000001	21	42500001	1534.761652
21	36500001	21	42500001	1484.741017
21	37000001	21	42500001	1721.039205
21	37500001	21	42500001	2071.451226
21	38000001	21	42500001	2367.276118
21	38500001	21	42500001	2609.850297
21	39000001	21	42500001	3334.266056
21	39500001	21	42500001	4252.317109
21	40000001	21	42500001	5965.900960
21	40500001	21	42500001	9038.616846
21	41000001	21	42500001	5882.350161
21	41500001	21	42500001	6009.079812
21	42000001	21	42500001	13691.899507
21	42500001	21	42500001	119750.545726
21	9000001	21	43000001	33.050970
21	9500001	21	43000001	40.360310
21	10000001	21	43000001	107.567124
21	10500001	21	43000001	107.729004
21	11000001	21	43000001	114.024900
21	14000001	21	43000001	164.384273
21	14500001	21	43000001	282.361947
21	15000001	21	43000001	692.302726
21	15500001	21	43000001	719.207361
21	16000001	21	43000001	711.387920
21	16500001	21	43000001	549.375743
21	17000001	21	43000001	537.034840
21	17500001	21	43000001	324.376573
21	18000001	21	43000001	217.561731
21	18500001	21	43000001	564.913466
21	19000001	21	43000001	688.161370
21	19500001	21	43000001	278.812817
21	20000001	21	43000001	230.751350
21	20500001	21	43000001	255.567595
21	21000001	21	43000001	233.366181
21	21500001	21	43000001	191.985322
21	22000001	21	43000001	178.636789
21	22500001	21	43000001	248.227742
21	23000001	21	43000001	188.570229
21	23500001	21	43000001	210.355241
21	24000001	21	43000001	268.069544
21	24500001	21	43000001	326.957327
21	25000001	21	43000001	327.748429
21	25500001	21	43000001	378.112802
21	26000001	21	43000001	496.259433
21	26500001	21	43000001	875.653639
21	27000001	21	43000001	933.641536
21	27500001	21	43000001	568.946806
21	28000001	21	43000001	346.464089
21	28500001	21	43000001	312.710246
21	29000001	21	43000001	321.733268
21	29500001	21	43000001	367.998092
21	30000001	21	43000001	1001.869888
21	30500001	21	43000001	1183.301265
21	31000001	21	43000001	696.589811
21	31500001	21	43000001	476.446097
21	32000001	21	43000001	706.795379
21	32500001	21	43000001	1036.050535
21	33000001	21	43000001	1327.937116
21	33500001	21	43000001	1573.802787
21	34000001	21	43000001	1585.831750
21	34500001	21	43000001	1571.431884
21	35000001	21	43000001	1440.700280
21	35500001	21	43000001	1290.963788
21	36000001	21	43000001	1305.416172
21	36500001	21	43000001	1131.461804
21	37000001	21	43000001	1311.281137
21	37500001	21	43000001	1924.808690
21	38000001	21	43000001	2135.744194
21	38500001	21	43000001	2406.982995
21	39000001	21	43000001	2088.376076
21	39500001	21	43000001	2503.267541
21	40000001	21	43000001	3242.036607
21	40500001	21	43000001	4267.255667
21	41000001	21	43000001	2062.427987
21	41500001	21	43000001	2151.049594
21	42000001	21	43000001	3822.547017
21	42500001	21	43000001	34669.372591
21	43000001	21	43000001	123135.941067
21	9500001	21	43500001	41.502846
21	10000001	21	43500001	81.266089
21	10500001	21	43500001	53.892311
21	11000001	21	43500001	46.385708
21	14000001	21	43500001	68.183285
21	14500001	21	43500001	93.838436
21	15000001	21	43500001	336.818651
21	15500001	21	43500001	534.067198
21	16000001	21	43500001	588.051650
21	16500001	21	43500001	305.491937
21	17000001	21	43500001	357.229658
21	17500001	21	43500001	185.236069
21	18000001	21	43500001	114.887333
21	18500001	21	43500001	277.296239
21	19000001	21	43500001	447.278516
21	19500001	21	43500001	132.265441
21	20000001	21	43500001	111.534203
21	20500001	21	43500001	126.404397
21	21000001	21	43500001	109.480497
21	21500001	21	43500001	102.825789
21	22000001	21	43500001	107.283301
21	22500001	21	43500001	144.763122
21	23000001	21	43500001	119.410967
21	23500001	21	43500001	136.930222
21	24000001	21	43500001	110.478308
21	24500001	21	43500001	198.689957
21	25000001	21	43500001	214.471385
21	25500001	21	43500001	223.236388
21	26000001	21	43500001	335.155734
21	26500001	21	43500001	873.201728
21	27000001	21	43500001	574.969732
21	27500001	21	43500001	285.101861
21	28000001	21	43500001	197.808530
21	28500001	21	43500001	163.627558
21	29000001	21	43500001	165.664134
21	29500001	21	43500001	175.049360
21	30000001	21	43500001	647.033813
21	30500001	21	43500001	923.231848
21	31000001	21	43500001	348.621087
21	31500001	21	43500001	242.418261
21	32000001	21	43500001	368.832203
21	32500001	21	43500001	699.962923
21	33000001	21	43500001	743.719751
21	33500001	21	43500001	940.420127
21	34000001	21	43500001	1122.117606
21	34500001	21	43500001	1640.176608
21	35000001	21	43500001	1268.322824
21	35500001	21	43500001	1010.451468
21	36000001	21	43500001	1048.338138
21	36500001	21	43500001	750.175764
21	37000001	21	43500001	845.045708
21	37500001	21	43500001	1658.161422
21	38000001	21	43500001	1445.163109
21	38500001	21	43500001	1965.852110
21	39000001	21	43500001	897.849392
21	39500001	21	43500001	1347.046773
21	40000001	21	43500001	1437.329447
21	40500001	21	43500001	1976.282358
21	41000001	21	43500001	721.256114
21	41500001	21	43500001	730.583862
21	42000001	21	43500001	1140.765107
21	42500001	21	43500001	9684.477929
21	43000001	21	43500001	40071.116699
21	43500001	21	43500001	143232.353614
21	9500001	21	44000001	50.898396
21	10000001	21	44000001	83.052811
21	10500001	21	44000001	53.503557
21	11000001	21	44000001	110.612944
21	14000001	21	44000001	73.166486
21	14500001	21	44000001	145.103252
21	15000001	21	44000001	275.996617
21	15500001	21	44000001	360.946021
21	16000001	21	44000001	362.371682
21	16500001	21	44000001	303.140207
21	17000001	21	44000001	267.216163
21	17500001	21	44000001	189.637914
21	18000001	21	44000001	120.175919
21	18500001	21	44000001	294.563124
21	19000001	21	44000001	307.678877
21	19500001	21	44000001	160.288503
21	20000001	21	44000001	130.749108
21	20500001	21	44000001	137.133289
21	21000001	21	44000001	129.179254
21	21500001	21	44000001	129.082660
21	22000001	21	44000001	145.768697
21	22500001	21	44000001	142.229803
21	23000001	21	44000001	155.348969
21	23500001	21	44000001	162.713751
21	24000001	21	44000001	195.815858
21	24500001	21	44000001	183.255982
21	25000001	21	44000001	232.606365
21	25500001	21	44000001	266.977581
21	26000001	21	44000001	310.400725
21	26500001	21	44000001	444.808042
21	27000001	21	44000001	440.535126
21	27500001	21	44000001	315.304105
21	28000001	21	44000001	218.684311
21	28500001	21	44000001	212.359622
21	29000001	21	44000001	236.630644
21	29500001	21	44000001	234.521757
21	30000001	21	44000001	470.940436
21	30500001	21	44000001	594.025280
21	31000001	21	44000001	395.166024
21	31500001	21	44000001	305.530562
21	32000001	21	44000001	349.236848
21	32500001	21	44000001	550.050934
21	33000001	21	44000001	775.443452
21	33500001	21	44000001	1019.902041
21	34000001	21	44000001	1247.714827
21	34500001	21	44000001	1121.990357
21	35000001	21	44000001	1137.057507
21	35500001	21	44000001	1050.364446
21	36000001	21	44000001	941.512879
21	36500001	21	44000001	876.504055
21	37000001	21	44000001	1010.810825
21	37500001	21	44000001	1406.583120
21	38000001	21	44000001	1482.469756
21	38500001	21	44000001	1387.077565
21	39000001	21	44000001	1005.232690
21	39500001	21	44000001	1086.114974
21	40000001	21	44000001	1363.483441
21	40500001	21	44000001	1541.079447
21	41000001	21	44000001	845.968976
21	41500001	21	44000001	824.881110
21	42000001	21	44000001	1216.424746
21	42500001	21	44000001	4881.557448
21	43000001	21	44000001	10579.414722
21	43500001	21	44000001	30750.782522
21	44000001	21	44000001	126948.375606
21	9500001	21	44500001	45.407174
21	10000001	21	44500001	103.729611
21	10500001	21	44500001	49.135136
21	11000001	21	44500001	55.918304
21	14000001	21	44500001	65.272850
21	14500001	21	44500001	78.115564
21	15000001	21	44500001	217.852777
21	15500001	21	44500001	280.087203
21	16000001	21	44500001	313.307042
21	16500001	21	44500001	203.057869
21	17000001	21	44500001	252.835007
21	17500001	21	44500001	142.891340
21	18000001	21	44500001	79.791816
21	18500001	21	44500001	172.236639
21	19000001	21	44500001	278.196850
21	19500001	21	44500001	101.895086
21	20000001	21	44500001	96.305342
21	20500001	21	44500001	122.043029
21	21000001	21	44500001	89.986041
21	21500001	21	44500001	83.709884
21	22000001	21	44500001	98.516895
21	22500001	21	44500001	117.586289
21	23000001	21	44500001	119.463127
21	23500001	21	44500001	120.500765
21	24000001	21	44500001	118.371643
21	24500001	21	44500001	126.805856
21	25000001	21	44500001	142.464561
21	25500001	21	44500001	167.732552
21	26000001	21	44500001	227.192834
21	26500001	21	44500001	432.693309
21	27000001	21	44500001	364.067550
21	27500001	21	44500001	219.320482
21	28000001	21	44500001	187.061270
21	28500001	21	44500001	151.066750
21	29000001	21	44500001	146.775974
21	29500001	21	44500001	142.698874
21	30000001	21	44500001	411.564473
21	30500001	21	44500001	503.461140
21	31000001	21	44500001	320.563242
21	31500001	21	44500001	201.841851
21	32000001	21	44500001	268.663280
21	32500001	21	44500001	450.159450
21	33000001	21	44500001	525.491719
21	33500001	21	44500001	670.318449
21	34000001	21	44500001	845.662153
21	34500001	21	44500001	1033.687904
21	35000001	21	44500001	980.276347
21	35500001	21	44500001	796.837988
21	36000001	21	44500001	707.724579
21	36500001	21	44500001	637.604692
21	37000001	21	44500001	677.817835
21	37500001	21	44500001	1068.931438
21	38000001	21	44500001	1034.616513
21	38500001	21	44500001	1168.939217
21	39000001	21	44500001	697.749254
21	39500001	21	44500001	737.782532
21	40000001	21	44500001	890.907283
21	40500001	21	44500001	1066.550981
21	41000001	21	44500001	549.757276
21	41500001	21	44500001	564.451864
21	42000001	21	44500001	713.530388
21	42500001	21	44500001	2624.498097
21	43000001	21	44500001	4968.914428
21	43500001	21	44500001	10610.384176
21	44000001	21	44500001	44833.111329
21	44500001	21	44500001	140791.368041
21	9500001	21	45000001	32.617848
21	10500001	21	45000001	50.825947
21	11000001	21	45000001	62.379203
21	14000001	21	45000001	28.132909
21	14500001	21	45000001	76.314543
21	15000001	21	45000001	201.086122
21	15500001	21	45000001	306.587733
21	16000001	21	45000001	297.593012
21	16500001	21	45000001	162.485306
21	17000001	21	45000001	187.133106
21	17500001	21	45000001	108.995430
21	18000001	21	45000001	83.652940
21	18500001	21	45000001	181.132943
21	19000001	21	45000001	241.125966
21	19500001	21	45000001	75.778815
21	20000001	21	45000001	71.285584
21	20500001	21	45000001	97.178354
21	21000001	21	45000001	83.044272
21	21500001	21	45000001	87.303140
21	22000001	21	45000001	95.962428
21	22500001	21	45000001	86.880431
21	23000001	21	45000001	80.784744
21	23500001	21	45000001	82.349614
21	24000001	21	45000001	97.601073
21	24500001	21	45000001	118.341564
21	25000001	21	45000001	146.082729
21	25500001	21	45000001	142.845047
21	26000001	21	45000001	196.536866
21	26500001	21	45000001	453.466317
21	27000001	21	45000001	336.201718
21	27500001	21	45000001	201.660103
21	28000001	21	45000001	131.858460
21	28500001	21	45000001	122.355282
21	29000001	21	45000001	127.594512
21	29500001	21	45000001	160.233832
21	30000001	21	45000001	440.940025
21	30500001	21	45000001	494.794357
21	31000001	21	45000001	210.039507
21	31500001	21	45000001	186.300185
21	32000001	21	45000001	225.854326
21	32500001	21	45000001	364.936964
21	33000001	21	45000001	400.264146
21	33500001	21	45000001	566.884222
21	34000001	21	45000001	783.895239
21	34500001	21	45000001	1220.720387
21	35000001	21	45000001	945.404497
21	35500001	21	45000001	685.799389
21	36000001	21	45000001	639.395401
21	36500001	21	45000001	472.869471
21	37000001	21	45000001	588.506282
21	37500001	21	45000001	1050.277580
21	38000001	21	45000001	852.898914
21	38500001	21	45000001	1097.881459
21	39000001	21	45000001	481.564195
21	39500001	21	45000001	597.431604
21	40000001	21	45000001	638.053023
21	40500001	21	45000001	1001.824484
21	41000001	21	45000001	403.939936
21	41500001	21	45000001	426.866938
21	42000001	21	45000001	480.073131
21	42500001	21	45000001	1991.338840
21	43000001	21	45000001	3798.931841
21	43500001	21	45000001	7117.302839
21	44000001	21	45000001	17830.546868
21	44500001	21	45000001	39229.148223
21	45000001	21	45000001	138500.212501
21	9000001	21	45500001	32.576423
21	9500001	21	45500001	66.301359
21	10000001	21	45500001	90.876576
21	10500001	21	45500001	91.833278
21	11000001	21	45500001	83.570361
21	14000001	21	45500001	114.369910
21	14500001	21	45500001	132.310259
21	15000001	21	45500001	249.974426
21	15500001	21	45500001	339.509838
21	16000001	21	45500001	308.958767
21	16500001	21	45500001	211.208588
21	17000001	21	45500001	281.847886
21	17500001	21	45500001	188.229029
21	18000001	21	45500001	137.920459
21	18500001	21	45500001	245.958793
21	19000001	21	45500001	335.457695
21	19500001	21	45500001	124.276960
21	20000001	21	45500001	120.138735
21	20500001	21	45500001	151.320111
21	21000001	21	45500001	132.629907
21	21500001	21	45500001	103.215704
21	22000001	21	45500001	131.190840
21	22500001	21	45500001	128.770359
21	23000001	21	45500001	129.021217
21	23500001	21	45500001	135.053044
21	24000001	21	45500001	138.873623
21	24500001	21	45500001	157.917985
21	25000001	21	45500001	157.442483
21	25500001	21	45500001	188.555011
21	26000001	21	45500001	227.980264
21	26500001	21	45500001	440.566173
21	27000001	21	45500001	356.220497
21	27500001	21	45500001	265.444338
21	28000001	21	45500001	209.091709
21	28500001	21	45500001	171.430911
21	29000001	21	45500001	203.781041
21	29500001	21	45500001	219.602574
21	30000001	21	45500001	449.350978
21	30500001	21	45500001	495.606607
21	31000001	21	45500001	314.150038
21	31500001	21	45500001	241.892590
21	32000001	21	45500001	281.282234
21	32500001	21	45500001	440.742937
21	33000001	21	45500001	532.643658
21	33500001	21	45500001	656.422000
21	34000001	21	45500001	726.314290
21	34500001	21	45500001	949.234766
21	35000001	21	45500001	837.270123
21	35500001	21	45500001	663.444998
21	36000001	21	45500001	595.641783
21	36500001	21	45500001	514.969445
21	37000001	21	45500001	623.858650
21	37500001	21	45500001	920.524694
21	38000001	21	45500001	794.061924
21	38500001	21	45500001	951.656691
21	39000001	21	45500001	648.379955
21	39500001	21	45500001	775.515127
21	40000001	21	45500001	902.066521
21	40500001	21	45500001	1105.601097
21	41000001	21	45500001	606.251508
21	41500001	21	45500001	595.906756
21	42000001	21	45500001	815.504750
21	42500001	21	45500001	2079.682673
21	43000001	21	45500001	2698.586451
21	43500001	21	45500001	3302.876307
21	44000001	21	45500001	5622.914076
21	44500001	21	45500001	7346.652059
21	45000001	21	45500001	34210.031789
21	45500001	21	45500001	137191.395936
21	9500001	21	46000001	87.079518
21	10000001	21	46000001	33.154543
21	10500001	21	46000001	128.779372
21	11000001	21	46000001	129.315468
21	14000001	21	46000001	52.157033
21	14500001	21	46000001	134.825371
21	15000001	21	46000001	340.144949
21	15500001	21	46000001	346.723146
21	16000001	21	46000001	294.014876
21	16500001	21	46000001	273.055112
21	17000001	21	46000001	327.707832
21	17500001	21	46000001	189.257842
21	18000001	21	46000001	187.140054
21	18500001	21	46000001	317.094213
21	19000001	21	46000001	386.209531
21	19500001	21	46000001	173.377680
21	20000001	21	46000001	163.610699
21	20500001	21	46000001	147.767453
21	21000001	21	46000001	170.540310
21	21500001	21	46000001	158.552557
21	22000001	21	46000001	162.480299
21	22500001	21	46000001	182.212758
21	23000001	21	46000001	165.900127
21	23500001	21	46000001	192.575086
21	24000001	21	46000001	176.670653
21	24500001	21	46000001	230.118199
21	25000001	21	46000001	202.676230
21	25500001	21	46000001	255.784804
21	26000001	21	46000001	262.655189
21	26500001	21	46000001	398.228344
21	27000001	21	46000001	419.605170
21	27500001	21	46000001	324.797762
21	28000001	21	46000001	252.705922
21	28500001	21	46000001	221.655754
21	29000001	21	46000001	232.578262
21	29500001	21	46000001	255.656503
21	30000001	21	46000001	439.588922
21	30500001	21	46000001	463.525144
21	31000001	21	46000001	427.514707
21	31500001	21	46000001	322.263865
21	32000001	21	46000001	350.929609
21	32500001	21	46000001	480.412332
21	33000001	21	46000001	684.568162
21	33500001	21	46000001	769.138346
21	34000001	21	46000001	788.303575
21	34500001	21	46000001	773.227840
21	35000001	21	46000001	820.217238
21	35500001	21	46000001	735.166347
21	36000001	21	46000001	697.601045
21	36500001	21	46000001	698.929656
21	37000001	21	46000001	724.393453
21	37500001	21	46000001	946.682573
21	38000001	21	46000001	892.669045
21	38500001	21	46000001	912.421547
21	39000001	21	46000001	856.069696
21	39500001	21	46000001	933.875046
21	40000001	21	46000001	1118.989571
21	40500001	21	46000001	1289.906495
21	41000001	21	46000001	798.252630
21	41500001	21	46000001	762.281729
21	42000001	21	46000001	1054.540294
21	42500001	21	46000001	2395.050863
21	43000001	21	46000001	2488.589567
21	43500001	21	46000001	2524.079636
21	44000001	21	46000001	4673.752511
21	44500001	21	46000001	4820.359555
21	45000001	21	46000001	10943.431494
21	45500001	21	46000001	41268.106122
21	46000001	21	46000001	118584.414685
21	9500001	21	46500001	73.802342
21	10000001	21	46500001	134.877158
21	10500001	21	46500001	102.222807
21	11000001	21	46500001	102.648350
21	14000001	21	46500001	106.090927
21	14500001	21	46500001	157.436320
21	15000001	21	46500001	308.336847
21	15500001	21	46500001	344.680542
21	16000001	21	46500001	342.464666
21	16500001	21	46500001	303.741235
21	17000001	21	46500001	338.391310
21	17500001	21	46500001	192.481617
21	18000001	21	46500001	156.678650
21	18500001	21	46500001	328.374350
21	19000001	21	46500001	376.390909
21	19500001	21	46500001	175.356753
21	20000001	21	46500001	150.064100
21	20500001	21	46500001	148.267249
21	21000001	21	46500001	142.472888
21	21500001	21	46500001	147.143641
21	22000001	21	46500001	148.915305
21	22500001	21	46500001	156.648779
21	23000001	21	46500001	158.682816
21	23500001	21	46500001	136.569418
21	24000001	21	46500001	172.653428
21	24500001	21	46500001	211.553983
21	25000001	21	46500001	214.301070
21	25500001	21	46500001	275.907954
21	26000001	21	46500001	283.628355
21	26500001	21	46500001	386.173924
21	27000001	21	46500001	438.704516
21	27500001	21	46500001	358.848018
21	28000001	21	46500001	246.226803
21	28500001	21	46500001	246.194806
21	29000001	21	46500001	240.179024
21	29500001	21	46500001	264.588962
21	30000001	21	46500001	494.809790
21	30500001	21	46500001	532.793097
21	31000001	21	46500001	438.167415
21	31500001	21	46500001	319.396920
21	32000001	21	46500001	400.709521
21	32500001	21	46500001	540.873282
21	33000001	21	46500001	726.047513
21	33500001	21	46500001	848.915642
21	34000001	21	46500001	861.168900
21	34500001	21	46500001	696.115512
21	35000001	21	46500001	822.830544
21	35500001	21	46500001	774.632754
21	36000001	21	46500001	699.830984
21	36500001	21	46500001	692.438714
21	37000001	21	46500001	757.879563
21	37500001	21	46500001	943.209003
21	38000001	21	46500001	956.475991
21	38500001	21	46500001	922.110923
21	39000001	21	46500001	954.694390
21	39500001	21	46500001	1000.201332
21	40000001	21	46500001	1287.088746
21	40500001	21	46500001	1261.550654
21	41000001	21	46500001	782.916032
21	41500001	21	46500001	737.335577
21	42000001	21	46500001	962.678779
21	42500001	21	46500001	2555.377710
21	43000001	21	46500001	2498.749062
21	43500001	21	46500001	2180.721821
21	44000001	21	46500001	3634.701967
21	44500001	21	46500001	3307.649859
21	45000001	21	46500001	5169.942273
21	45500001	21	46500001	12942.207274
21	46000001	21	46500001	44814.850450
21	46500001	21	46500001	119103.871624
21	9500001	21	47000001	122.441595
21	10000001	21	47000001	159.834014
21	10500001	21	47000001	177.920700
21	11000001	21	47000001	186.263977
21	14000001	21	47000001	125.721352
21	14500001	21	47000001	361.098167
21	15000001	21	47000001	403.265391
21	15500001	21	47000001	405.889230
21	16000001	21	47000001	403.258271
21	16500001	21	47000001	445.956195
21	17000001	21	47000001	432.239269
21	17500001	21	47000001	321.949770
21	18000001	21	47000001	358.878001
21	18500001	21	47000001	507.567075
21	19000001	21	47000001	521.994619
21	19500001	21	47000001	296.697516
21	20000001	21	47000001	306.062972
21	20500001	21	47000001	303.593458
21	21000001	21	47000001	265.487252
21	21500001	21	47000001	269.915534
21	22000001	21	47000001	297.152196
21	22500001	21	47000001	272.991359
21	23000001	21	47000001	270.165237
21	23500001	21	47000001	269.732331
21	24000001	21	47000001	255.750220
21	24500001	21	47000001	301.565049
21	25000001	21	47000001	345.420546
21	25500001	21	47000001	371.333479
21	26000001	21	47000001	351.937092
21	26500001	21	47000001	401.820775
21	27000001	21	47000001	492.386111
21	27500001	21	47000001	450.592942
21	28000001	21	47000001	391.889276
21	28500001	21	47000001	381.968841
21	29000001	21	47000001	366.556447
21	29500001	21	47000001	450.249018
21	30000001	21	47000001	548.125120
21	30500001	21	47000001	513.893670
21	31000001	21	47000001	669.024981
21	31500001	21	47000001	555.641221
21	32000001	21	47000001	643.072041
21	32500001	21	47000001	702.904078
21	33000001	21	47000001	944.211285
21	33500001	21	47000001	1021.470697
21	34000001	21	47000001	822.814744
21	34500001	21	47000001	611.680782
21	35000001	21	47000001	845.719250
21	35500001	21	47000001	826.532343
21	36000001	21	47000001	716.363907
21	36500001	21	47000001	908.636617
21	37000001	21	47000001	851.226834
21	37500001	21	47000001	885.478142
21	38000001	21	47000001	1032.090504
21	38500001	21	47000001	889.290273
21	39000001	21	47000001	1387.317607
21	39500001	21	47000001	1341.101978
21	40000001	21	47000001	1615.586499
21	40500001	21	47000001	1413.074533
21	41000001	21	47000001	1339.233276
21	41500001	21	47000001	1275.021125
21	42000001	21	47000001	1729.512292
21	42500001	21	47000001	2602.467467
21	43000001	21	47000001	2215.271340
21	43500001	21	47000001	1658.754557
21	44000001	21	47000001	2911.031229
21	44500001	21	47000001	2586.815218
21	45000001	21	47000001	3345.799285
21	45500001	21	47000001	8835.843911
21	46000001	21	47000001	16821.374941
21	46500001	21	47000001	48014.748262
21	47000001	21	47000001	128732.887575
21	9000001	21	47500001	37.000222
21	9500001	21	47500001	67.774430
21	10000001	21	47500001	68.811596
21	10500001	21	47500001	88.006511
21	11000001	21	47500001	114.557429
21	14000001	21	47500001	119.075976
21	14500001	21	47500001	238.371477
21	15000001	21	47500001	481.513558
21	15500001	21	47500001	538.975451
21	16000001	21	47500001	445.476870
21	16500001	21	47500001	342.125286
21	17000001	21	47500001	470.206508
21	17500001	21	47500001	276.188133
21	18000001	21	47500001	197.421567
21	18500001	21	47500001	420.752959
21	19000001	21	47500001	541.478180
21	19500001	21	47500001	197.813663
21	20000001	21	47500001	213.533762
21	20500001	21	47500001	220.239335
21	21000001	21	47500001	199.098581
21	21500001	21	47500001	175.848218
21	22000001	21	47500001	188.218404
21	22500001	21	47500001	183.866018
21	23000001	21	47500001	200.854748
21	23500001	21	47500001	226.848682
21	24000001	21	47500001	184.362455
21	24500001	21	47500001	270.087101
21	25000001	21	47500001	265.917826
21	25500001	21	47500001	261.416356
21	26000001	21	47500001	333.494744
21	26500001	21	47500001	551.010024
21	27000001	21	47500001	664.998199
21	27500001	21	47500001	398.485468
21	28000001	21	47500001	298.920419
21	28500001	21	47500001	257.260399
21	29000001	21	47500001	283.438334
21	29500001	21	47500001	332.565426
21	30000001	21	47500001	842.387775
21	30500001	21	47500001	719.807556
21	31000001	21	47500001	500.394972
21	31500001	21	47500001	383.690038
21	32000001	21	47500001	462.666164
21	32500001	21	47500001	655.149965
21	33000001	21	47500001	820.785298
21	33500001	21	47500001	1095.549050
21	34000001	21	47500001	922.809271
21	34500001	21	47500001	1050.184443
21	35000001	21	47500001	877.570242
21	35500001	21	47500001	759.162640
21	36000001	21	47500001	680.837586
21	36500001	21	47500001	604.422771
21	37000001	21	47500001	737.115114
21	37500001	21	47500001	1244.261593
21	38000001	21	47500001	971.320893
21	38500001	21	47500001	1203.642287
21	39000001	21	47500001	847.005464
21	39500001	21	47500001	952.434589
21	40000001	21	47500001	1227.796037
21	40500001	21	47500001	1884.293251
21	41000001	21	47500001	734.600029
21	41500001	21	47500001	736.299812
21	42000001	21	47500001	979.652040
21	42500001	21	47500001	2156.069503
21	43000001	21	47500001	1895.474426
21	43500001	21	47500001	1684.387578
21	44000001	21	47500001	2300.326429
21	44500001	21	47500001	2188.329480
21	45000001	21	47500001	3612.094044
21	45500001	21	47500001	6125.768330
21	46000001	21	47500001	8117.894707
21	46500001	21	47500001	11343.463578
21	47000001	21	47500001	24538.522096
21	47500001	21	47500001	135384.662522
21	9500001	21	48000001	97.009560
21	10000001	21	48000001	55.402941
21	10500001	21	48000001	83.979291
21	11000001	21	48000001	115.952222
21	14500001	21	48000001	133.511175
21	15000001	21	48000001	413.943224
21	15500001	21	48000001	387.052956
21	16000001	21	48000001	373.541344
21	16500001	21	48000001	279.995580
21	17000001	21	48000001	363.215086
21	17500001	21	48000001	270.138372
21	18000001	21	48000001	234.972404
21	18500001	21	48000001	402.930108
21	19000001	21	48000001	423.719301
21	19500001	21	48000001	176.074748
21	20000001	21	48000001	164.376583
21	20500001	21	48000001	185.609550
21	21000001	21	48000001	183.202458
21	21500001	21	48000001	175.529012
21	22000001	21	48000001	183.113358
21	22500001	21	48000001	178.318273
21	23000001	21	48000001	165.016439
21	23500001	21	48000001	201.779080
21	24000001	21	48000001	201.215295
21	24500001	21	48000001	258.598488
21	25000001	21	48000001	247.670810
21	25500001	21	48000001	281.714913
21	26000001	21	48000001	258.182523
21	26500001	21	48000001	365.229200
21	27000001	21	48000001	485.166947
21	27500001	21	48000001	288.948021
21	28000001	21	48000001	233.290068
21	28500001	21	48000001	246.932087
21	29000001	21	48000001	211.266263
21	29500001	21	48000001	246.701692
21	30000001	21	48000001	541.266252
21	30500001	21	48000001	458.760734
21	31000001	21	48000001	365.506463
21	31500001	21	48000001	268.496946
21	32000001	21	48000001	367.846133
21	32500001	21	48000001	471.324661
21	33000001	21	48000001	567.416687
21	33500001	21	48000001	591.811316
21	34000001	21	48000001	526.030462
21	34500001	21	48000001	521.751954
21	35000001	21	48000001	630.363115
21	35500001	21	48000001	535.268102
21	36000001	21	48000001	467.876870
21	36500001	21	48000001	401.406316
21	37000001	21	48000001	470.749457
21	37500001	21	48000001	754.749581
21	38000001	21	48000001	728.279722
21	38500001	21	48000001	745.790348
21	39000001	21	48000001	540.236423
21	39500001	21	48000001	711.988352
21	40000001	21	48000001	889.241094
21	40500001	21	48000001	1192.967205
21	41000001	21	48000001	548.110127
21	41500001	21	48000001	559.382772
21	42000001	21	48000001	682.320318
21	42500001	21	48000001	1511.247107
21	43000001	21	48000001	1215.120096
21	43500001	21	48000001	998.030382
21	44000001	21	48000001	1319.720357
21	44500001	21	48000001	1328.067959
21	45000001	21	48000001	1852.608137
21	45500001	21	48000001	3008.418836
21	46000001	21	48000001	3704.014808
21	46500001	21	48000001	4821.391380
21	47000001	21	48000001	9474.115446
21	47500001	21	48000001	56277.353175
21	48000001	21	48000001	179251.888328
