16000000	16000000	360607.264960
16000000	16500000	23360.110727
16500000	16500000	336814.034598
16000000	17000000	13160.980718
16500000	17000000	34694.251398
17000000	17000000	241230.715098
16000000	17500000	3461.700466
16500000	17500000	5669.086931
17000000	17500000	54849.176845
17500000	17500000	215223.729763
16000000	18000000	1681.277757
16500000	18000000	1956.135575
17000000	18000000	11226.785199
17500000	18000000	47058.017065
18000000	18000000	195511.024639
16000000	18500000	1240.353035
16500000	18500000	979.265304
17000000	18500000	4798.973583
17500000	18500000	14717.238513
18000000	18500000	80950.923800
18500000	18500000	192588.360879
16000000	19000000	550.465101
16500000	19000000	898.163245
17000000	19000000	2565.242060
17500000	19000000	4569.230727
18000000	19000000	7081.070413
18500000	19000000	35844.285069
19000000	19000000	194277.421299
16000000	19500000	890.615732
16500000	19500000	843.775016
17000000	19500000	1879.053414
17500000	19500000	3376.777843
18000000	19500000	4890.033774
18500000	19500000	16974.514831
19000000	19500000	63133.895711
19500000	19500000	170334.076109
16000000	20000000	118.681098
16500000	20000000	468.496782
17000000	20000000	1242.618057
17500000	20000000	2210.201670
18000000	20000000	3449.390380
18500000	20000000	6222.929738
19000000	20000000	16996.004641
19500000	20000000	56631.498583
20000000	20000000	200226.148942
16500000	20500000	500.546820
17000000	20500000	862.651007
17500000	20500000	1848.702728
18000000	20500000	2826.214621
18500000	20500000	3720.858541
19000000	20500000	8516.336988
19500000	20500000	15184.711790
20000000	20500000	43263.235155
20500000	20500000	210289.627046
16000000	21000000	402.051835
16500000	21000000	333.293160
17000000	21000000	1071.792473
17500000	21000000	1913.787161
18000000	21000000	2535.615889
18500000	21000000	3488.814386
19000000	21000000	7438.944856
19500000	21000000	10417.291717
20000000	21000000	18585.624445
20500000	21000000	59990.251950
21000000	21000000	198014.571756
16000000	21500000	557.794503
16500000	21500000	176.152688
17000000	21500000	417.159655
17500000	21500000	1062.052069
18000000	21500000	1710.874940
18500000	21500000	1805.165399
19000000	21500000	3060.610303
19500000	21500000	3531.346549
20000000	21500000	5881.572937
20500000	21500000	8498.417694
21000000	21500000	23417.400926
21500000	21500000	272889.019500
16000000	22000000	341.535169
16500000	22000000	229.197254
17000000	22000000	624.143489
17500000	22000000	1348.072888
18000000	22000000	1905.548413
18500000	22000000	2020.169989
19000000	22000000	3480.282914
19500000	22000000	4110.626212
20000000	22000000	5717.523599
20500000	22000000	7991.492189
21000000	22000000	16320.017045
21500000	22000000	48966.657177
22000000	22000000	185565.425664
16000000	22500000	632.984081
16500000	22500000	259.867031
17000000	22500000	619.990732
17500000	22500000	1119.901614
18000000	22500000	1468.389955
18500000	22500000	1670.640393
19000000	22500000	2499.680688
19500000	22500000	3020.766125
20000000	22500000	3391.227476
20500000	22500000	4508.629178
21000000	22500000	6938.695310
21500000	22500000	8175.490534
22000000	22500000	52523.675645
22500000	22500000	219890.899657
16000000	23000000	89.295038
16500000	23000000	324.294970
17000000	23000000	564.410383
17500000	23000000	1058.324048
18000000	23000000	1474.118606
18500000	23000000	1509.292177
19000000	23000000	2243.363778
19500000	23000000	2602.968631
20000000	23000000	3028.111272
20500000	23000000	3605.080085
21000000	23000000	5201.915299
21500000	23000000	5952.425518
22000000	23000000	25351.718219
22500000	23000000	56126.585020
23000000	23000000	204606.910562
16000000	23500000	272.919002
16500000	23500000	373.483067
17000000	23500000	783.514633
17500000	23500000	1319.543726
18000000	23500000	1592.363544
18500000	23500000	2135.630018
19000000	23500000	3316.349904
19500000	23500000	3988.576470
20000000	23500000	4123.081565
20500000	23500000	4441.322411
21000000	23500000	6955.131235
21500000	23500000	5586.819780
22000000	23500000	15653.958750
22500000	23500000	17490.185140
23000000	23500000	58217.584699
23500000	23500000	180265.444359
16000000	24000000	182.259356
16500000	24000000	215.842094
17000000	24000000	560.617168
17500000	24000000	1371.530630
18000000	24000000	1928.255507
18500000	24000000	1917.736896
19000000	24000000	3442.321173
19500000	24000000	3532.622011
20000000	24000000	4168.782349
20500000	24000000	4517.705555
21000000	24000000	6125.073086
21500000	24000000	5417.773315
22000000	24000000	8921.814945
22500000	24000000	8453.217717
23000000	24000000	14234.254853
23500000	24000000	48585.381011
24000000	24000000	192257.504143
16000000	24500000	351.806752
16500000	24500000	236.090303
17000000	24500000	768.102407
17500000	24500000	1847.724596
18000000	24500000	2558.784813
18500000	24500000	2316.892193
19000000	24500000	3768.213423
19500000	24500000	3660.494898
20000000	24500000	3842.779103
20500000	24500000	4086.366968
21000000	24500000	5007.015613
21500000	24500000	3867.907437
22000000	24500000	6039.335204
22500000	24500000	5434.535519
23000000	24500000	6928.386452
23500000	24500000	13802.174730
24000000	24500000	59720.282753
24500000	24500000	206715.795549
16000000	25000000	1080.964008
16500000	25000000	701.706497
17000000	25000000	2025.406859
17500000	25000000	2405.061277
18000000	25000000	2081.628264
18500000	25000000	2924.292446
19000000	25000000	3875.501739
19500000	25000000	3856.625304
20000000	25000000	2586.856693
20500000	25000000	2492.053929
21000000	25000000	3371.142840
21500000	25000000	1811.394721
22000000	25000000	2608.624785
22500000	25000000	2861.349389
23000000	25000000	3325.476471
23500000	25000000	8327.519342
24000000	25000000	8688.699066
24500000	25000000	24592.709211
25000000	25000000	191611.924269
16000000	25500000	1175.847626
16500000	25500000	649.836559
17000000	25500000	1619.297884
17500000	25500000	2507.162903
18000000	25500000	2323.737700
18500000	25500000	2579.615126
19000000	25500000	2870.085461
19500000	25500000	2754.245479
20000000	25500000	2032.463928
20500000	25500000	1982.036304
21000000	25500000	2443.517235
21500000	25500000	1548.729093
22000000	25500000	2068.481311
22500000	25500000	2181.439941
23000000	25500000	2412.109939
23500000	25500000	4234.233330
24000000	25500000	4615.266702
24500000	25500000	8401.593574
25000000	25500000	42589.993708
25500000	25500000	161826.140275
16000000	26000000	719.156779
16500000	26000000	780.694879
17000000	26000000	1852.071883
17500000	26000000	2365.485423
18000000	26000000	2069.880228
18500000	26000000	2248.991824
19000000	26000000	2422.546000
19500000	26000000	2285.904149
20000000	26000000	1696.143592
20500000	26000000	1565.622654
21000000	26000000	1940.729593
21500000	26000000	1160.517596
22000000	26000000	1667.704510
22500000	26000000	1667.730248
23000000	26000000	1820.494974
23500000	26000000	3246.838078
24000000	26000000	3186.867454
24500000	26000000	5231.393384
25000000	26000000	17681.361068
25500000	26000000	72057.519170
26000000	26000000	160107.226587
16000000	26500000	691.993365
16500000	26500000	614.623988
17000000	26500000	1706.992540
17500000	26500000	2655.494567
18000000	26500000	2467.686133
18500000	26500000	2343.898286
19000000	26500000	2624.569631
19500000	26500000	2145.028192
20000000	26500000	1797.506550
20500000	26500000	1616.804775
21000000	26500000	1955.813640
21500000	26500000	1194.955659
22000000	26500000	1532.025947
22500000	26500000	1507.624775
23000000	26500000	1662.350054
23500000	26500000	2699.527626
24000000	26500000	2975.276566
24500000	26500000	4703.860676
25000000	26500000	12129.236083
25500000	26500000	24880.191864
26000000	26500000	51693.850575
26500000	26500000	156652.359767
16000000	27000000	959.808454
16500000	27000000	1074.661122
17000000	27000000	2606.026974
17500000	27000000	2676.841211
18000000	27000000	1994.913350
18500000	27000000	2032.261515
19000000	27000000	1921.134905
19500000	27000000	1832.183115
20000000	27000000	1298.036818
20500000	27000000	1130.767918
21000000	27000000	1339.302793
21500000	27000000	805.355597
22000000	27000000	1043.439393
22500000	27000000	1051.301966
23000000	27000000	1161.177375
23500000	27000000	1950.486133
24000000	27000000	1879.028202
24500000	27000000	2935.629612
25000000	27000000	7643.782247
25500000	27000000	9748.909253
26000000	27000000	13623.042468
26500000	27000000	50282.246881
27000000	27000000	147388.809516
16000000	27500000	2548.861861
16500000	27500000	1945.261968
17000000	27500000	3292.339111
17500000	27500000	1825.586902
18000000	27500000	1214.559972
18500000	27500000	1517.260367
19000000	27500000	1581.701128
19500000	27500000	1519.549744
20000000	27500000	941.943371
20500000	27500000	799.571279
21000000	27500000	996.318158
21500000	27500000	438.864037
22000000	27500000	705.130536
22500000	27500000	830.279058
23000000	27500000	728.200324
23500000	27500000	1691.704717
24000000	27500000	1113.695992
24500000	27500000	1424.388584
25000000	27500000	7070.136299
25500000	27500000	6218.237067
26000000	27500000	9891.548690
26500000	27500000	13684.760911
27000000	27500000	53655.112436
27500000	27500000	180813.352391
16000000	28000000	1133.072345
16500000	28000000	894.566629
17000000	28000000	2435.327688
17500000	28000000	2357.926726
18000000	28000000	1716.246747
18500000	28000000	1694.413581
19000000	28000000	1851.960940
19500000	28000000	1612.724862
20000000	28000000	1040.522262
20500000	28000000	896.991781
21000000	28000000	1223.875691
21500000	28000000	652.467101
22000000	28000000	882.710932
22500000	28000000	878.629782
23000000	28000000	878.381378
23500000	28000000	1651.943591
24000000	28000000	1406.062739
24500000	28000000	2168.306556
25000000	28000000	6098.712134
25500000	28000000	6047.482982
26000000	28000000	8037.626788
26500000	28000000	13898.330545
27000000	28000000	36320.511978
27500000	28000000	50017.736698
28000000	28000000	153534.655847
16000000	28500000	943.643592
16500000	28500000	1061.641564
17000000	28500000	2316.374574
17500000	28500000	2226.969633
18000000	28500000	1484.430135
18500000	28500000	1807.797018
19000000	28500000	1745.035741
19500000	28500000	1713.531949
20000000	28500000	1005.304848
20500000	28500000	957.611822
21000000	28500000	1170.687491
21500000	28500000	558.588551
22000000	28500000	857.231883
22500000	28500000	875.326775
23000000	28500000	898.778083
23500000	28500000	1803.481439
24000000	28500000	1322.970748
24500000	28500000	1855.785717
25000000	28500000	6704.928960
25500000	28500000	5453.849594
26000000	28500000	7108.915815
26500000	28500000	8665.541049
27000000	28500000	17251.056015
27500000	28500000	19814.315557
28000000	28500000	48529.315436
28500000	28500000	173406.603684
16000000	29000000	460.192233
16500000	29000000	363.324210
17000000	29000000	1190.146560
17500000	29000000	2089.133709
18000000	29000000	2109.554739
18500000	29000000	1873.585119
19000000	29000000	1918.686444
19500000	29000000	1636.842962
20000000	29000000	1401.088790
20500000	29000000	1307.611764
21000000	29000000	1548.789617
21500000	29000000	1093.804915
22000000	29000000	1385.359410
22500000	29000000	1238.727321
23000000	29000000	1347.491217
23500000	29000000	1602.821652
24000000	29000000	2065.486125
24500000	29000000	2923.209984
25000000	29000000	3899.887650
25500000	29000000	4504.256812
26000000	29000000	4579.660543
26500000	29000000	7257.506140
27000000	29000000	8976.391409
27500000	29000000	5776.239110
28000000	29000000	21336.126597
28500000	29000000	44230.777334
29000000	29000000	188297.223768
16500000	29500000	285.608933
17000000	29500000	718.968591
17500000	29500000	1674.071288
18000000	29500000	2122.563433
18500000	29500000	1738.919157
19000000	29500000	2222.882314
19500000	29500000	2122.361450
20000000	29500000	2114.920773
20500000	29500000	1970.213424
21000000	29500000	2293.023052
21500000	29500000	1387.340516
22000000	29500000	1983.670191
22500000	29500000	1621.522802
23000000	29500000	1572.955493
23500000	29500000	1933.015707
24000000	29500000	2744.499269
24500000	29500000	3678.646860
25000000	29500000	2767.999440
25500000	29500000	3465.835743
26000000	29500000	3213.090583
26500000	29500000	4953.856026
27000000	29500000	4576.937599
27500000	29500000	2733.465020
28000000	29500000	7305.928294
28500000	29500000	11807.621490
29000000	29500000	50410.618490
29500000	29500000	176625.790987
16000000	30000000	261.851812
16500000	30000000	124.040037
17000000	30000000	551.698746
17500000	30000000	1240.826006
18000000	30000000	1504.402489
18500000	30000000	1453.346065
19000000	30000000	1996.245424
19500000	30000000	2079.652071
20000000	30000000	1958.337079
20500000	30000000	1927.125460
21000000	30000000	2218.354904
21500000	30000000	1297.942991
22000000	30000000	1944.093764
22500000	30000000	1413.747963
23000000	30000000	1405.165217
23500000	30000000	1990.629405
24000000	30000000	2427.623371
24500000	30000000	2932.441374
25000000	30000000	2526.087413
25500000	30000000	2381.834042
26000000	30000000	2200.394610
26500000	30000000	2807.257686
27000000	30000000	2321.942311
27500000	30000000	1827.621212
28000000	30000000	3083.370128
28500000	30000000	4520.729335
29000000	30000000	7982.790473
29500000	30000000	46109.621231
30000000	30000000	205612.449027
16000000	30500000	164.445269
16500000	30500000	246.677784
17000000	30500000	656.577140
17500000	30500000	1130.176031
18000000	30500000	1461.232398
18500000	30500000	1454.552191
19000000	30500000	2046.919314
19500000	30500000	2030.337837
20000000	30500000	1999.918471
20500000	30500000	1890.924697
21000000	30500000	2189.826284
21500000	30500000	1252.440592
22000000	30500000	1707.601068
22500000	30500000	1403.817848
23000000	30500000	1366.563195
23500000	30500000	2094.431169
24000000	30500000	2239.042020
24500000	30500000	2559.833435
25000000	30500000	2375.335885
25500000	30500000	2369.193491
26000000	30500000	2139.149924
26500000	30500000	2689.087227
27000000	30500000	2241.614618
27500000	30500000	1868.970188
28000000	30500000	2926.559375
28500000	30500000	3727.837341
29000000	30500000	5758.596292
29500000	30500000	20422.752145
30000000	30500000	53404.253757
30500000	30500000	185952.475130
16000000	31000000	262.672798
16500000	31000000	317.985071
17000000	31000000	709.740355
17500000	31000000	1323.389196
18000000	31000000	1450.463869
18500000	31000000	1537.184474
19000000	31000000	2096.330932
19500000	31000000	2022.536879
20000000	31000000	1863.331224
20500000	31000000	1766.266787
21000000	31000000	2159.635879
21500000	31000000	1217.500478
22000000	31000000	1592.816136
22500000	31000000	1323.475292
23000000	31000000	1317.403343
23500000	31000000	1972.749684
24000000	31000000	2055.538306
24500000	31000000	2232.045042
25000000	31000000	2629.544561
25500000	31000000	2376.311446
26000000	31000000	2204.739773
26500000	31000000	2608.008384
27000000	31000000	2272.210489
27500000	31000000	2034.487008
28000000	31000000	2779.929584
28500000	31000000	3519.576361
29000000	31000000	4498.950977
29500000	31000000	9260.625339
30000000	31000000	15293.273616
30500000	31000000	50120.929640
31000000	31000000	187098.577642
16500000	31500000	213.646979
17000000	31500000	522.273590
17500000	31500000	1385.563596
18000000	31500000	1878.431401
18500000	31500000	1418.759385
19000000	31500000	2028.993437
19500000	31500000	1843.525338
20000000	31500000	1946.255488
20500000	31500000	1855.502271
21000000	31500000	2079.760416
21500000	31500000	1414.810128
22000000	31500000	1752.555408
22500000	31500000	1260.953606
23000000	31500000	1227.407867
23500000	31500000	1483.882027
24000000	31500000	2354.118929
24500000	31500000	2582.624444
25000000	31500000	1619.300126
25500000	31500000	1850.656155
26000000	31500000	1633.792992
26500000	31500000	2205.810038
27000000	31500000	1673.501020
27500000	31500000	1064.035415
28000000	31500000	1836.926283
28500000	31500000	2064.386589
29000000	31500000	3936.320097
29500000	31500000	8449.738919
30000000	31500000	9778.631830
30500000	31500000	16787.670938
31000000	31500000	51475.714382
31500000	31500000	187480.733890
16000000	32000000	174.710053
16500000	32000000	110.347611
17000000	32000000	946.238505
17500000	32000000	1827.714373
18000000	32000000	2064.072705
18500000	32000000	1688.895072
19000000	32000000	2237.095782
19500000	32000000	1812.859129
20000000	32000000	1606.740643
20500000	32000000	1402.796193
21000000	32000000	1684.588018
21500000	32000000	1019.701912
22000000	32000000	1243.878175
22500000	32000000	1036.955014
23000000	32000000	1019.933044
23500000	32000000	1293.501849
24000000	32000000	1717.595015
24500000	32000000	2367.307441
25000000	32000000	2127.590444
25500000	32000000	2240.284640
26000000	32000000	2141.038476
26500000	32000000	2707.393698
27000000	32000000	2410.389842
27500000	32000000	1754.861723
28000000	32000000	2656.719088
28500000	32000000	3051.191645
29000000	32000000	4070.295648
29500000	32000000	6035.506987
30000000	32000000	5228.897358
30500000	32000000	6918.960871
31000000	32000000	11876.974647
31500000	32000000	54423.666631
32000000	32000000	182294.734672
16000000	32500000	103.343881
16500000	32500000	473.225146
17000000	32500000	2021.957381
17500000	32500000	2382.229611
18000000	32500000	1829.668860
18500000	32500000	1920.038729
19000000	32500000	2078.486416
19500000	32500000	1648.773322
20000000	32500000	1223.002592
20500000	32500000	958.034716
21000000	32500000	1236.870633
21500000	32500000	561.088853
22000000	32500000	750.089157
22500000	32500000	734.353287
23000000	32500000	791.435299
23500000	32500000	1404.174558
24000000	32500000	1026.680398
24500000	32500000	1565.939060
25000000	32500000	3309.028821
25500000	32500000	2938.362517
26000000	32500000	3000.117727
26500000	32500000	3259.009284
27000000	32500000	3667.837792
27500000	32500000	3686.815550
28000000	32500000	4317.289028
28500000	32500000	5392.078647
29000000	32500000	4055.092840
29500000	32500000	3522.449332
30000000	32500000	3348.085269
30500000	32500000	4588.469567
31000000	32500000	7495.158431
31500000	32500000	9836.750457
32000000	32500000	47442.501072
32500000	32500000	170193.870209
16000000	33000000	1169.384635
16500000	33000000	1040.738060
17000000	33000000	2618.525553
17500000	33000000	2181.046265
18000000	33000000	1421.271690
18500000	33000000	1399.328942
19000000	33000000	1373.359883
19500000	33000000	1229.689113
20000000	33000000	736.834831
20500000	33000000	637.082857
21000000	33000000	762.712433
21500000	33000000	346.308238
22000000	33000000	488.877011
22500000	33000000	526.897560
23000000	33000000	571.843719
23500000	33000000	990.506504
24000000	33000000	620.263715
24500000	33000000	922.218544
25000000	33000000	3247.886730
25500000	33000000	2382.730947
26000000	33000000	2940.428988
26500000	33000000	2701.074370
27000000	33000000	3862.312843
27500000	33000000	4890.265190
28000000	33000000	4218.457740
28500000	33000000	5647.075083
29000000	33000000	2770.344353
29500000	33000000	1919.181503
30000000	33000000	1961.895739
30500000	33000000	2625.198216
31000000	33000000	4026.694396
31500000	33000000	3314.530739
32000000	33000000	12353.438120
32500000	33000000	48848.159464
33000000	33000000	170216.444509
16000000	33500000	348.409153
16500000	33500000	673.923645
17000000	33500000	2292.559899
17500000	33500000	2320.891668
18000000	33500000	1840.537351
18500000	33500000	1467.848009
19000000	33500000	1141.671231
19500000	33500000	991.518289
20000000	33500000	741.233062
20500000	33500000	679.659850
21000000	33500000	776.418025
21500000	33500000	472.907758
22000000	33500000	671.616898
22500000	33500000	685.725545
23000000	33500000	722.570440
23500000	33500000	858.696990
24000000	33500000	811.243714
24500000	33500000	1163.244444
25000000	33500000	1938.142866
25500000	33500000	1903.347830
26000000	33500000	2039.999643
26500000	33500000	2100.654148
27000000	33500000	2439.582346
27500000	33500000	2343.050493
28000000	33500000	2557.820479
28500000	33500000	2925.691749
29000000	33500000	2581.984751
29500000	33500000	2116.092901
30000000	33500000	1829.464742
30500000	33500000	1998.346496
31000000	33500000	2819.198164
31500000	33500000	3018.235369
32000000	33500000	6449.898175
32500000	33500000	13654.578584
33000000	33500000	40766.569171
33500000	33500000	163039.820509
16000000	34000000	1387.480657
16500000	34000000	1283.210201
17000000	34000000	2247.466006
17500000	34000000	1792.644143
18000000	34000000	1307.913942
18500000	34000000	1005.401984
19000000	34000000	982.365416
19500000	34000000	817.480904
20000000	34000000	664.019899
20500000	34000000	568.100233
21000000	34000000	699.190938
21500000	34000000	367.687091
22000000	34000000	577.475862
22500000	34000000	655.388703
23000000	34000000	584.786818
23500000	34000000	796.642758
24000000	34000000	727.687887
24500000	34000000	984.178141
25000000	34000000	1713.467283
25500000	34000000	1602.704185
26000000	34000000	1777.702155
26500000	34000000	1780.091017
27000000	34000000	2221.183999
27500000	34000000	3030.205939
28000000	34000000	2394.713394
28500000	34000000	2722.018513
29000000	34000000	1912.828904
29500000	34000000	1587.906502
30000000	34000000	1472.543367
30500000	34000000	1597.784591
31000000	34000000	2140.662336
31500000	34000000	2169.563354
32000000	34000000	4163.744440
32500000	34000000	7935.410189
33000000	34000000	17922.345583
33500000	34000000	62908.444097
34000000	34000000	171603.774369
16000000	34500000	1364.816615
16500000	34500000	2155.059922
17000000	34500000	2969.338192
17500000	34500000	1339.134995
18000000	34500000	729.064561
18500000	34500000	813.474296
19000000	34500000	749.734651
19500000	34500000	642.091483
20000000	34500000	422.025973
20500000	34500000	365.822034
21000000	34500000	458.577482
21500000	34500000	247.001688
22000000	34500000	335.702682
22500000	34500000	414.499834
23000000	34500000	359.468081
23500000	34500000	675.070922
24000000	34500000	387.642021
24500000	34500000	513.387378
25000000	34500000	2012.996008
25500000	34500000	1324.070233
26000000	34500000	1693.606261
26500000	34500000	1590.172583
27000000	34500000	2663.698324
27500000	34500000	4778.376453
28000000	34500000	2868.103414
28500000	34500000	3374.558485
29000000	34500000	1319.022742
29500000	34500000	859.908278
30000000	34500000	906.540144
30500000	34500000	1048.157977
31000000	34500000	1545.010195
31500000	34500000	1176.517694
32000000	34500000	2462.780481
32500000	34500000	6707.684162
33000000	34500000	16755.849292
33500000	34500000	21855.447195
34000000	34500000	46303.569698
34500000	34500000	175665.707756
16000000	35000000	1125.478311
16500000	35000000	1260.155377
17000000	35000000	2658.437928
17500000	35000000	1887.926669
18000000	35000000	1176.968701
18500000	35000000	1116.891267
19000000	35000000	930.941638
19500000	35000000	814.396953
20000000	35000000	541.069870
20500000	35000000	512.138109
21000000	35000000	569.464425
21500000	35000000	320.960918
22000000	35000000	372.259887
22500000	35000000	416.057938
23000000	35000000	499.979760
23500000	35000000	672.455518
24000000	35000000	541.512769
24500000	35000000	795.134900
25000000	35000000	1982.951661
25500000	35000000	1580.890918
26000000	35000000	1910.889335
26500000	35000000	1857.856039
27000000	35000000	2543.210079
27500000	35000000	3524.407388
28000000	35000000	2655.800544
28500000	35000000	3076.466360
29000000	35000000	1689.624685
29500000	35000000	1220.931091
30000000	35000000	1001.584662
30500000	35000000	1245.573660
31000000	35000000	1760.448615
31500000	35000000	1511.196372
32000000	35000000	3013.967676
32500000	35000000	6589.198650
33000000	35000000	13109.326540
33500000	35000000	21402.027715
34000000	35000000	27472.523184
34500000	35000000	63216.324409
35000000	35000000	165416.245154
16000000	35500000	314.580342
16500000	35500000	372.544274
17000000	35500000	1369.856777
17500000	35500000	2225.937704
18000000	35500000	2103.630226
18500000	35500000	1608.854914
19000000	35500000	1589.539383
19500000	35500000	1351.822593
20000000	35500000	1145.721703
20500000	35500000	1023.499383
21000000	35500000	1096.858077
21500000	35500000	742.489464
22000000	35500000	885.280441
22500000	35500000	811.887497
23000000	35500000	887.098600
23500000	35500000	1054.654230
24000000	35500000	1164.210449
24500000	35500000	1510.366075
25000000	35500000	1791.843341
25500000	35500000	1944.402914
26000000	35500000	1705.826614
26500000	35500000	2021.027982
27000000	35500000	1935.535747
27500000	35500000	1390.193972
28000000	35500000	1921.344803
28500000	35500000	1898.195170
29000000	35500000	2377.474106
29500000	35500000	2331.877897
30000000	35500000	1890.884483
30500000	35500000	2206.441793
31000000	35500000	2683.241930
31500000	35500000	3213.901271
32000000	35500000	4726.231811
32500000	35500000	6145.055263
33000000	35500000	7251.716047
33500000	35500000	15314.886582
34000000	35500000	13872.390156
34500000	35500000	17156.304489
35000000	35500000	42696.415572
35500000	35500000	158191.236652
16000000	36000000	205.347676
16500000	36000000	405.307700
17000000	36000000	1258.316482
17500000	36000000	1742.963533
18000000	36000000	1563.313139
18500000	36000000	1613.187505
19000000	36000000	1720.672118
19500000	36000000	1610.212504
20000000	36000000	1138.636834
20500000	36000000	1061.648931
21000000	36000000	1253.405931
21500000	36000000	582.226563
22000000	36000000	934.850762
22500000	36000000	868.762748
23000000	36000000	867.611524
23500000	36000000	1387.999098
24000000	36000000	1089.846846
24500000	36000000	1402.453760
25000000	36000000	2518.028528
25500000	36000000	1926.984821
26000000	36000000	1899.600660
26500000	36000000	1889.323102
27000000	36000000	1838.015411
27500000	36000000	1699.374002
28000000	36000000	1982.227282
28500000	36000000	2499.115398
29000000	36000000	2190.187937
29500000	36000000	1960.700395
30000000	36000000	2060.570704
30500000	36000000	2603.026184
31000000	36000000	3073.323477
31500000	36000000	2621.284151
32000000	36000000	3980.935889
32500000	36000000	5911.071991
33000000	36000000	6533.896566
33500000	36000000	6263.633477
34000000	36000000	6039.527126
34500000	36000000	7623.110550
35000000	36000000	10404.830648
35500000	36000000	53263.202436
36000000	36000000	183666.137948
16000000	36500000	160.847557
16500000	36500000	101.592000
17000000	36500000	486.995078
17500000	36500000	1226.748616
18000000	36500000	1513.926654
18500000	36500000	1316.193535
19000000	36500000	1761.944474
19500000	36500000	1486.621876
20000000	36500000	1576.286661
20500000	36500000	1406.191416
21000000	36500000	1625.234587
21500000	36500000	1101.322966
22000000	36500000	1320.449526
22500000	36500000	1126.452871
23000000	36500000	1165.796181
23500000	36500000	1322.219562
24000000	36500000	1731.912260
24500000	36500000	1951.503106
25000000	36500000	1428.077734
25500000	36500000	1465.928730
26000000	36500000	1251.813217
26500000	36500000	1540.083950
27000000	36500000	1088.317583
27500000	36500000	674.330070
28000000	36500000	1051.835103
28500000	36500000	981.848667
29000000	36500000	1814.827740
29500000	36500000	2506.732484
30000000	36500000	2204.679937
30500000	36500000	2630.375322
31000000	36500000	2858.163173
31500000	36500000	3738.504959
32000000	36500000	3843.856693
32500000	36500000	2986.063259
33000000	36500000	2278.347741
33500000	36500000	3272.863709
34000000	36500000	2709.304957
34500000	36500000	2140.025454
35000000	36500000	3514.359517
35500000	36500000	19633.528529
36000000	36500000	43396.734892
36500000	36500000	201234.627516
16000000	37000000	84.102807
16500000	37000000	212.478761
17000000	37000000	482.896243
17500000	37000000	891.529514
18000000	37000000	1055.186403
18500000	37000000	1066.148623
19000000	37000000	1593.034189
19500000	37000000	1601.760452
20000000	37000000	1551.239843
20500000	37000000	1415.157704
21000000	37000000	1641.984366
21500000	37000000	986.812094
22000000	37000000	1284.551655
22500000	37000000	1054.772712
23000000	37000000	1082.674990
23500000	37000000	1597.020373
24000000	37000000	1428.189191
24500000	37000000	1500.782101
25000000	37000000	1685.680561
25500000	37000000	1318.191791
26000000	37000000	1253.477015
26500000	37000000	1275.368206
27000000	37000000	1072.229774
27500000	37000000	894.513032
28000000	37000000	976.277548
28500000	37000000	1114.741537
29000000	37000000	1377.969925
29500000	37000000	1808.972665
30000000	37000000	1964.943922
30500000	37000000	2479.970631
31000000	37000000	2737.247111
31500000	37000000	2491.758034
32000000	37000000	2583.920007
32500000	37000000	2584.045372
33000000	37000000	2239.462947
33500000	37000000	2160.505274
34000000	37000000	2001.209262
34500000	37000000	1995.283011
35000000	37000000	2664.442921
35500000	37000000	6506.012905
36000000	37000000	11849.324552
36500000	37000000	39000.889805
37000000	37000000	195534.711279
16000000	37500000	74.922276
16500000	37500000	59.151535
17000000	37500000	300.044332
17500000	37500000	674.799314
18000000	37500000	976.571560
18500000	37500000	880.672516
19000000	37500000	1271.205458
19500000	37500000	1323.914496
20000000	37500000	1507.886702
20500000	37500000	1385.002763
21000000	37500000	1600.389563
21500000	37500000	1109.600962
22000000	37500000	1409.313354
22500000	37500000	1143.770127
23000000	37500000	1205.433961
23500000	37500000	1367.406159
24000000	37500000	1553.626679
24500000	37500000	1594.943710
25000000	37500000	958.619046
25500000	37500000	975.010440
26000000	37500000	917.794045
26500000	37500000	952.516480
27000000	37500000	707.022092
27500000	37500000	509.445655
28000000	37500000	684.415609
28500000	37500000	676.694060
29000000	37500000	1163.415851
29500000	37500000	1822.979204
30000000	37500000	1732.065106
30500000	37500000	1998.728204
31000000	37500000	2110.677664
31500000	37500000	2387.870005
32000000	37500000	2066.863755
32500000	37500000	1556.701182
33000000	37500000	1107.762770
33500000	37500000	1484.965619
34000000	37500000	1309.766750
34500000	37500000	975.201698
35000000	37500000	1423.494648
35500000	37500000	3891.711228
36000000	37500000	5159.797494
36500000	37500000	15357.830644
37000000	37500000	65305.999367
37500000	37500000	201444.739045
16500000	38000000	91.249315
17000000	38000000	205.139892
17500000	38000000	476.861059
18000000	38000000	697.626913
18500000	38000000	618.784614
19000000	38000000	1052.587781
19500000	38000000	1069.159521
20000000	38000000	1381.770138
20500000	38000000	1390.255662
21000000	38000000	1535.496121
21500000	38000000	1093.164226
22000000	38000000	1386.707279
22500000	38000000	976.592046
23000000	38000000	918.451997
23500000	38000000	1099.785122
24000000	38000000	1420.629185
24500000	38000000	1283.921860
25000000	38000000	634.844100
25500000	38000000	670.154946
26000000	38000000	550.597664
26500000	38000000	694.301801
27000000	38000000	486.130794
27500000	38000000	358.429308
28000000	38000000	456.166394
28500000	38000000	448.646479
29000000	38000000	811.078873
29500000	38000000	1532.679677
30000000	38000000	1542.257106
30500000	38000000	1649.571394
31000000	38000000	1562.727651
31500000	38000000	2038.399242
32000000	38000000	1499.056285
32500000	38000000	936.542447
33000000	38000000	700.483188
33500000	38000000	897.453654
34000000	38000000	834.424892
34500000	38000000	623.686965
35000000	38000000	853.233656
35500000	38000000	2171.139511
36000000	38000000	2450.391133
36500000	38000000	6495.576680
37000000	38000000	10237.138631
37500000	38000000	38541.687360
38000000	38000000	202813.766576
16000000	38500000	182.469749
16500000	38500000	86.436501
17000000	38500000	193.691217
17500000	38500000	462.584203
18000000	38500000	612.934394
18500000	38500000	549.212975
19000000	38500000	883.526075
19500000	38500000	873.989093
20000000	38500000	1067.990541
20500000	38500000	1123.536017
21000000	38500000	1373.608104
21500000	38500000	949.411183
22000000	38500000	1293.227208
22500000	38500000	998.069023
23000000	38500000	859.058929
23500000	38500000	959.580112
24000000	38500000	1210.308017
24500000	38500000	1107.352441
25000000	38500000	561.743531
25500000	38500000	650.692616
26000000	38500000	485.190101
26500000	38500000	603.423710
27000000	38500000	448.560082
27500000	38500000	353.147366
28000000	38500000	469.567406
28500000	38500000	463.225111
29000000	38500000	749.228418
29500000	38500000	1300.318938
30000000	38500000	1297.030875
30500000	38500000	1397.872878
31000000	38500000	1381.444123
31500000	38500000	1607.419405
32000000	38500000	1229.993698
32500000	38500000	817.805729
33000000	38500000	650.350384
33500000	38500000	729.672987
34000000	38500000	711.903773
34500000	38500000	636.613689
35000000	38500000	758.185362
35500000	38500000	1735.139521
36000000	38500000	1983.642926
36500000	38500000	3978.077064
37000000	38500000	5717.691625
37500000	38500000	11970.229368
38000000	38500000	67366.354264
38500000	38500000	217259.812820
16000000	39000000	173.548824
16500000	39000000	137.017718
17000000	39000000	175.847963
17500000	39000000	402.840371
18000000	39000000	593.763810
18500000	39000000	499.081259
19000000	39000000	767.146061
19500000	39000000	828.980363
20000000	39000000	944.494041
20500000	39000000	968.647739
21000000	39000000	1225.329879
21500000	39000000	803.534309
22000000	39000000	1113.011113
22500000	39000000	767.497761
23000000	39000000	760.912977
23500000	39000000	895.591211
24000000	39000000	1171.661660
24500000	39000000	998.737519
25000000	39000000	550.060376
25500000	39000000	512.208535
26000000	39000000	474.967400
26500000	39000000	534.957368
27000000	39000000	401.245136
27500000	39000000	300.001460
28000000	39000000	377.975393
28500000	39000000	397.405865
29000000	39000000	691.868585
29500000	39000000	1113.880180
30000000	39000000	1180.375333
30500000	39000000	1241.564388
31000000	39000000	1182.432764
31500000	39000000	1444.179877
32000000	39000000	1038.690907
32500000	39000000	696.355526
33000000	39000000	543.729650
33500000	39000000	691.547066
34000000	39000000	630.594837
34500000	39000000	476.240954
35000000	39000000	681.749156
35500000	39000000	1492.363283
36000000	39000000	1539.778982
36500000	39000000	3308.093378
37000000	39000000	4342.630663
37500000	39000000	7560.004162
38000000	39000000	23817.734801
38500000	39000000	44901.612761
39000000	39000000	200494.890026
16500000	39500000	61.654130
17000000	39500000	177.092982
17500000	39500000	401.794302
18000000	39500000	514.175714
18500000	39500000	450.454598
19000000	39500000	626.076144
19500000	39500000	655.089203
20000000	39500000	775.817855
20500000	39500000	761.423901
21000000	39500000	949.076273
21500000	39500000	661.893032
22000000	39500000	936.024868
22500000	39500000	745.234268
23000000	39500000	773.770099
23500000	39500000	743.746837
24000000	39500000	924.357776
24500000	39500000	891.379579
25000000	39500000	521.397685
25500000	39500000	518.061584
26000000	39500000	476.793681
26500000	39500000	517.959060
27000000	39500000	389.101642
27500000	39500000	268.190568
28000000	39500000	331.456992
28500000	39500000	385.537146
29000000	39500000	627.306907
29500000	39500000	982.788458
30000000	39500000	933.265668
30500000	39500000	1061.783881
31000000	39500000	994.611292
31500000	39500000	1171.693546
32000000	39500000	901.563583
32500000	39500000	622.316838
33000000	39500000	497.406800
33500000	39500000	635.595132
34000000	39500000	551.596588
34500000	39500000	403.440600
35000000	39500000	578.106454
35500000	39500000	1234.111939
36000000	39500000	1325.880970
36500000	39500000	2456.123220
37000000	39500000	3045.097704
37500000	39500000	4574.318954
38000000	39500000	8048.268796
38500000	39500000	11218.367937
39000000	39500000	65962.266796
39500000	39500000	191444.123400
16000000	40000000	90.126408
16500000	40000000	99.617389
17000000	40000000	221.778077
17500000	40000000	420.329751
18000000	40000000	504.572912
18500000	40000000	479.067587
19000000	40000000	688.575339
19500000	40000000	696.062860
20000000	40000000	786.633915
20500000	40000000	748.987333
21000000	40000000	996.380478
21500000	40000000	603.502965
22000000	40000000	929.631460
22500000	40000000	840.334309
23000000	40000000	776.380075
23500000	40000000	947.921610
24000000	40000000	850.068599
24500000	40000000	853.858129
25000000	40000000	790.232154
25500000	40000000	673.350392
26000000	40000000	571.298899
26500000	40000000	532.857670
27000000	40000000	492.439236
27500000	40000000	452.375102
28000000	40000000	471.894605
28500000	40000000	551.875920
29000000	40000000	730.257262
29500000	40000000	889.089749
30000000	40000000	1007.321796
30500000	40000000	1023.444943
31000000	40000000	1213.600207
31500000	40000000	1027.820222
32000000	40000000	953.648043
32500000	40000000	813.913641
33000000	40000000	806.169744
33500000	40000000	794.671455
34000000	40000000	718.710578
34500000	40000000	590.178844
35000000	40000000	735.011497
35500000	40000000	1305.474630
36000000	40000000	1722.355780
36500000	40000000	1981.726619
37000000	40000000	2821.652704
37500000	40000000	3283.367277
38000000	40000000	4460.397871
38500000	40000000	5757.259077
39000000	40000000	13619.266000
39500000	40000000	60798.003270
40000000	40000000	213895.242272
16500000	40500000	13.970442
17000000	40500000	140.875477
17500000	40500000	357.740794
18000000	40500000	530.894995
18500000	40500000	418.369156
19000000	40500000	567.108664
19500000	40500000	627.534952
20000000	40500000	701.819214
20500000	40500000	752.257563
21000000	40500000	906.961755
21500000	40500000	677.849336
22000000	40500000	1030.257418
22500000	40500000	801.929144
23000000	40500000	732.256732
23500000	40500000	646.779963
24000000	40500000	880.717111
24500000	40500000	917.330644
25000000	40500000	414.888264
25500000	40500000	476.308944
26000000	40500000	417.186796
26500000	40500000	470.127335
27000000	40500000	335.639575
27500000	40500000	236.780647
28000000	40500000	299.635842
28500000	40500000	323.932952
29000000	40500000	630.576129
29500000	40500000	956.874293
30000000	40500000	962.148334
30500000	40500000	931.533149
31000000	40500000	947.570812
31500000	40500000	1189.391660
32000000	40500000	932.004461
32500000	40500000	550.801591
33000000	40500000	396.720396
33500000	40500000	575.087436
34000000	40500000	543.386379
34500000	40500000	377.540859
35000000	40500000	487.561059
35500000	40500000	1011.407295
36000000	40500000	1012.916595
36500000	40500000	1876.944791
37000000	40500000	1971.658982
37500000	40500000	2904.929683
38000000	40500000	4095.910955
38500000	40500000	4963.026244
39000000	40500000	9559.505098
39500000	40500000	26010.810869
40000000	40500000	56975.989366
40500000	40500000	195849.981653
16000000	41000000	94.326469
16500000	41000000	89.365497
17000000	41000000	154.742235
17500000	41000000	378.369762
18000000	41000000	474.826909
18500000	41000000	390.675334
19000000	41000000	585.890674
19500000	41000000	587.260770
20000000	41000000	749.438355
20500000	41000000	755.433445
21000000	41000000	1020.255278
21500000	41000000	691.375873
22000000	41000000	1016.506144
22500000	41000000	740.016014
23000000	41000000	638.570802
23500000	41000000	698.829464
24000000	41000000	908.276572
24500000	41000000	920.566682
25000000	41000000	417.817682
25500000	41000000	464.821776
26000000	41000000	416.344811
26500000	41000000	457.093889
27000000	41000000	328.459603
27500000	41000000	255.688251
28000000	41000000	337.313482
28500000	41000000	314.066943
29000000	41000000	592.464525
29500000	41000000	957.762114
30000000	41000000	1020.428686
30500000	41000000	917.640181
31000000	41000000	950.384153
31500000	41000000	1249.637155
32000000	41000000	972.246442
32500000	41000000	550.324670
33000000	41000000	395.841455
33500000	41000000	510.041095
34000000	41000000	464.061243
34500000	41000000	353.142129
35000000	41000000	438.386778
35500000	41000000	925.851021
36000000	41000000	991.912785
36500000	41000000	1675.343727
37000000	41000000	1756.273094
37500000	41000000	2730.147593
38000000	41000000	4242.112529
38500000	41000000	4737.425279
39000000	41000000	7143.794076
39500000	41000000	11946.653403
40000000	41000000	17673.165713
40500000	41000000	72473.177646
41000000	41000000	193223.006361
16500000	41500000	108.809483
17000000	41500000	160.010622
17500000	41500000	341.835528
18000000	41500000	537.471338
18500000	41500000	400.089305
19000000	41500000	740.147504
19500000	41500000	702.213549
20000000	41500000	875.646030
20500000	41500000	956.811783
21000000	41500000	1182.625543
21500000	41500000	961.319618
22000000	41500000	1124.725900
22500000	41500000	732.379586
23000000	41500000	695.433250
23500000	41500000	769.520537
24000000	41500000	1067.978044
24500000	41500000	1010.250567
25000000	41500000	358.047421
25500000	41500000	417.164984
26000000	41500000	391.086045
26500000	41500000	452.060594
27000000	41500000	331.645337
27500000	41500000	202.819994
28000000	41500000	322.423048
28500000	41500000	291.196217
29000000	41500000	613.909210
29500000	41500000	1213.224247
30000000	41500000	1074.135310
30500000	41500000	1065.467887
31000000	41500000	1013.064947
31500000	41500000	1456.266492
32000000	41500000	1068.499867
32500000	41500000	528.541336
33000000	41500000	356.524226
33500000	41500000	433.303971
34000000	41500000	412.694111
34500000	41500000	305.145795
35000000	41500000	412.718739
35500000	41500000	965.625767
36000000	41500000	924.928407
36500000	41500000	2042.359417
37000000	41500000	2007.296214
37500000	41500000	3037.537842
38000000	41500000	5099.732502
38500000	41500000	4889.642411
39000000	41500000	6287.550208
39500000	41500000	7177.448387
40000000	41500000	6730.256559
40500000	41500000	15503.713403
41000000	41500000	66727.236753
41500000	41500000	220821.559421
16000000	42000000	260.093993
16500000	42000000	109.517647
17000000	42000000	167.326771
17500000	42000000	380.228355
18000000	42000000	579.135905
18500000	42000000	473.927739
19000000	42000000	713.996091
19500000	42000000	732.595408
20000000	42000000	967.031303
20500000	42000000	951.149618
21000000	42000000	1084.767294
21500000	42000000	930.965172
22000000	42000000	1110.429785
22500000	42000000	874.841695
23000000	42000000	883.321881
23500000	42000000	786.470871
24000000	42000000	1102.271931
24500000	42000000	1077.851595
25000000	42000000	416.686711
25500000	42000000	488.788112
26000000	42000000	404.588963
26500000	42000000	503.666128
27000000	42000000	333.803780
27500000	42000000	214.098054
28000000	42000000	319.692281
28500000	42000000	273.183310
29000000	42000000	705.067243
29500000	42000000	1181.546917
30000000	42000000	1041.842176
30500000	42000000	1043.105862
31000000	42000000	1013.911398
31500000	42000000	1430.221349
32000000	42000000	1027.128164
32500000	42000000	462.213204
33000000	42000000	348.876683
33500000	42000000	560.264212
34000000	42000000	489.720990
34500000	42000000	325.745818
35000000	42000000	463.373056
35500000	42000000	963.798793
36000000	42000000	919.395492
36500000	42000000	2107.683947
37000000	42000000	1935.192861
37500000	42000000	3097.349863
38000000	42000000	3967.932954
38500000	42000000	3686.180305
39000000	42000000	4183.723306
39500000	42000000	4197.863026
40000000	42000000	3387.874567
40500000	42000000	5759.024157
41000000	42000000	10378.124177
41500000	42000000	41393.605597
42000000	42000000	229084.350342
16500000	42500000	85.799238
17000000	42500000	196.632824
17500000	42500000	501.797470
18000000	42500000	739.285458
18500000	42500000	529.978217
19000000	42500000	896.780894
19500000	42500000	914.332696
20000000	42500000	1187.981605
20500000	42500000	1122.704195
21000000	42500000	1227.625148
21500000	42500000	915.095262
22000000	42500000	1258.604283
22500000	42500000	939.873176
23000000	42500000	891.207385
23500000	42500000	932.011926
24000000	42500000	1229.054220
24500000	42500000	1224.957558
25000000	42500000	601.127907
25500000	42500000	621.902170
26000000	42500000	508.026855
26500000	42500000	625.238296
27000000	42500000	440.979959
27500000	42500000	265.248235
28000000	42500000	375.305700
28500000	42500000	403.200165
29000000	42500000	741.901725
29500000	42500000	1171.782357
30000000	42500000	1309.695575
30500000	42500000	1261.936930
31000000	42500000	1188.596212
31500000	42500000	1481.599339
32000000	42500000	1088.309140
32500000	42500000	627.557786
33000000	42500000	443.559171
33500000	42500000	631.304013
34000000	42500000	560.082471
34500000	42500000	379.152109
35000000	42500000	483.024043
35500000	42500000	1143.096133
36000000	42500000	1228.876583
36500000	42500000	2063.778249
37000000	42500000	2336.937484
37500000	42500000	3295.575642
38000000	42500000	3463.154459
38500000	42500000	3249.092075
39000000	42500000	3477.799744
39500000	42500000	3243.789461
40000000	42500000	2985.402785
40500000	42500000	3865.757242
41000000	42500000	5531.209411
41500000	42500000	11950.485699
42000000	42500000	66970.208905
42500000	42500000	229631.405680
16500000	43000000	40.616849
17000000	43000000	213.060786
17500000	43000000	724.567071
18000000	43000000	1103.667388
18500000	43000000	910.099961
19000000	43000000	1213.188052
19500000	43000000	1143.477543
20000000	43000000	1354.782776
20500000	43000000	1343.989695
21000000	43000000	1458.701597
21500000	43000000	1225.893197
22000000	43000000	1492.508638
22500000	43000000	1199.785858
23000000	43000000	1131.118448
23500000	43000000	1035.111518
24000000	43000000	1529.566878
24500000	43000000	1695.620771
25000000	43000000	776.303531
25500000	43000000	941.368399
26000000	43000000	792.764452
26500000	43000000	924.850019
27000000	43000000	674.010941
27500000	43000000	329.920972
28000000	43000000	567.389715
28500000	43000000	525.036269
29000000	43000000	1140.265008
29500000	43000000	1742.020126
30000000	43000000	1521.676163
30500000	43000000	1556.959030
31000000	43000000	1407.091916
31500000	43000000	1875.366331
32000000	43000000	1564.228638
32500000	43000000	932.454537
33000000	43000000	608.246924
33500000	43000000	931.298560
34000000	43000000	729.708598
34500000	43000000	444.118618
35000000	43000000	654.671741
35500000	43000000	1629.239073
36000000	43000000	1577.656185
36500000	43000000	2715.408743
37000000	43000000	2640.751324
37500000	43000000	3371.023771
38000000	43000000	3109.685725
38500000	43000000	2832.542189
39000000	43000000	2850.971606
39500000	43000000	2786.584665
40000000	43000000	2548.235421
40500000	43000000	3444.273122
41000000	43000000	3930.067911
41500000	43000000	6208.040808
42000000	43000000	14515.654372
42500000	43000000	36848.856375
43000000	43000000	233666.825839
16000000	43500000	171.898568
16500000	43500000	298.572630
17000000	43500000	727.806209
17500000	43500000	1042.574013
18000000	43500000	1052.031660
18500000	43500000	1271.148562
19000000	43500000	1604.983447
19500000	43500000	1784.438685
20000000	43500000	1307.291097
20500000	43500000	1127.986717
21000000	43500000	1417.359558
21500000	43500000	728.488923
22000000	43500000	937.341264
22500000	43500000	956.721928
23000000	43500000	866.563165
23500000	43500000	1533.143204
24000000	43500000	1162.214653
24500000	43500000	1273.749514
25000000	43500000	2187.134841
25500000	43500000	1598.524586
26000000	43500000	1570.119729
26500000	43500000	1470.611804
27000000	43500000	1466.434638
27500000	43500000	1551.886652
28000000	43500000	1499.440065
28500000	43500000	1637.005787
29000000	43500000	1335.502120
29500000	43500000	1355.491505
30000000	43500000	1420.668901
30500000	43500000	1589.743732
31000000	43500000	1739.285061
31500000	43500000	1360.853472
32000000	43500000	1712.524834
32500000	43500000	2244.997584
33000000	43500000	2222.422127
33500000	43500000	1503.536125
34000000	43500000	1407.649903
34500000	43500000	1497.023807
35000000	43500000	1715.747508
35500000	43500000	2093.712285
36000000	43500000	2966.287254
36500000	43500000	2378.795169
37000000	43500000	3227.957252
37500000	43500000	2464.002765
38000000	43500000	1824.097727
38500000	43500000	1712.259546
39000000	43500000	1670.491145
39500000	43500000	1657.965993
40000000	43500000	2275.381532
40500000	43500000	1764.106436
41000000	43500000	1974.578310
41500000	43500000	2530.979377
42000000	43500000	4114.122434
42500000	43500000	8751.566563
43000000	43500000	39031.942363
43500000	43500000	171181.879320
16000000	44000000	344.798789
16500000	44000000	204.165355
17000000	44000000	811.029636
17500000	44000000	1237.399208
18000000	44000000	1158.214106
18500000	44000000	1348.567987
19000000	44000000	1610.514857
19500000	44000000	1565.461188
20000000	44000000	1161.734079
20500000	44000000	1050.890063
21000000	44000000	1324.973958
21500000	44000000	655.210201
22000000	44000000	943.256194
22500000	44000000	769.495802
23000000	44000000	916.538097
23500000	44000000	1297.596979
24000000	44000000	1039.865405
24500000	44000000	1294.679243
25000000	44000000	2077.057474
25500000	44000000	1573.036585
26000000	44000000	1477.480575
26500000	44000000	1453.930160
27000000	44000000	1436.542439
27500000	44000000	1445.518948
28000000	44000000	1450.032637
28500000	44000000	1629.679068
29000000	44000000	1381.436834
29500000	44000000	1342.578203
30000000	44000000	1262.065812
30500000	44000000	1419.607371
31000000	44000000	1677.418961
31500000	44000000	1342.113392
32000000	44000000	1672.723716
32500000	44000000	2225.525744
33000000	44000000	2044.559726
33500000	44000000	1492.488342
34000000	44000000	1341.533103
34500000	44000000	1441.237434
35000000	44000000	1705.484729
35500000	44000000	2124.007078
36000000	44000000	2734.676212
36500000	44000000	2200.535885
37000000	44000000	2720.669848
37500000	44000000	2030.447997
38000000	44000000	1501.549545
38500000	44000000	1388.087709
39000000	44000000	1375.233609
39500000	44000000	1354.844239
40000000	44000000	1759.400121
40500000	44000000	1368.381994
41000000	44000000	1443.038885
41500000	44000000	1757.815741
42000000	44000000	2384.333268
42500000	44000000	4022.117551
43000000	44000000	9680.901560
43500000	44000000	54889.304849
44000000	44000000	165571.976829
16000000	44500000	538.379790
16500000	44500000	311.706048
17000000	44500000	1030.411809
17500000	44500000	1130.666086
18000000	44500000	975.510237
18500000	44500000	1266.878750
19000000	44500000	1648.872806
19500000	44500000	1571.430963
20000000	44500000	1134.450154
20500000	44500000	1016.406256
21000000	44500000	1187.080768
21500000	44500000	544.011305
22000000	44500000	763.137339
22500000	44500000	780.124904
23000000	44500000	721.838367
23500000	44500000	1381.638716
24000000	44500000	918.846610
24500000	44500000	1013.977349
25000000	44500000	2310.149084
25500000	44500000	1650.772232
26000000	44500000	1537.990091
26500000	44500000	1521.029965
27000000	44500000	1610.534497
27500000	44500000	1906.665108
28000000	44500000	1532.409172
28500000	44500000	1781.128423
29000000	44500000	1169.167029
29500000	44500000	1109.190138
30000000	44500000	1151.969208
30500000	44500000	1289.437741
31000000	44500000	1485.261445
31500000	44500000	1090.702034
32000000	44500000	1502.170574
32500000	44500000	2276.555579
33000000	44500000	2554.365100
33500000	44500000	1485.145349
34000000	44500000	1447.448215
34500000	44500000	1777.197144
35000000	44500000	1836.892778
35500000	44500000	1929.373423
36000000	44500000	2664.335019
36500000	44500000	1923.059894
37000000	44500000	2566.839869
37500000	44500000	1742.069233
38000000	44500000	1215.345440
38500000	44500000	1158.073852
39000000	44500000	1130.086871
39500000	44500000	1041.265517
40000000	44500000	1564.696238
40500000	44500000	982.242558
41000000	44500000	1165.278180
41500000	44500000	1291.480428
42000000	44500000	1595.199604
42500000	44500000	2829.897046
43000000	44500000	5458.475898
43500000	44500000	26191.912205
44000000	44500000	60858.925496
44500000	44500000	177286.842833
16000000	45000000	267.316539
16500000	45000000	351.746377
17000000	45000000	1117.826225
17500000	45000000	1294.362498
18000000	45000000	1061.670933
18500000	45000000	1513.559442
19000000	45000000	1645.355027
19500000	45000000	1657.245693
20000000	45000000	1065.938568
20500000	45000000	980.005982
21000000	45000000	1207.878415
21500000	45000000	537.537713
22000000	45000000	708.456682
22500000	45000000	685.636310
23000000	45000000	696.162392
23500000	45000000	1254.546787
24000000	45000000	851.856183
24500000	45000000	1067.098769
25000000	45000000	2466.532734
25500000	45000000	1794.147363
26000000	45000000	1791.508346
26500000	45000000	1668.824726
27000000	45000000	1746.477889
27500000	45000000	1999.835743
28000000	45000000	1693.474615
28500000	45000000	1992.666565
29000000	45000000	1337.535541
29500000	45000000	1172.854976
30000000	45000000	1142.270099
30500000	45000000	1355.739054
31000000	45000000	1577.022381
31500000	45000000	1111.797521
32000000	45000000	1503.502185
32500000	45000000	2528.611899
33000000	45000000	2687.185814
33500000	45000000	1703.963596
34000000	45000000	1542.432395
34500000	45000000	1980.052283
35000000	45000000	2067.652662
35500000	45000000	1978.093454
36000000	45000000	2744.738430
36500000	45000000	1805.822685
37000000	45000000	2475.222450
37500000	45000000	1618.755590
38000000	45000000	1113.009691
38500000	45000000	1083.194125
39000000	45000000	1108.006398
39500000	45000000	1015.205073
40000000	45000000	1451.320147
40500000	45000000	905.491370
41000000	45000000	953.550668
41500000	45000000	1066.668694
42000000	45000000	1345.982200
42500000	45000000	2336.308621
43000000	45000000	4123.207388
43500000	45000000	18875.664159
44000000	45000000	28728.680056
44500000	45000000	48006.295907
45000000	45000000	163969.659767
16000000	45500000	428.013325
16500000	45500000	378.469047
17000000	45500000	877.692913
17500000	45500000	1447.673860
18000000	45500000	1488.532133
18500000	45500000	1482.767536
19000000	45500000	1786.221174
19500000	45500000	1636.322241
20000000	45500000	1334.981517
20500000	45500000	1121.089903
21000000	45500000	1285.088853
21500000	45500000	686.820566
22000000	45500000	929.608705
22500000	45500000	780.574633
23000000	45500000	797.759640
23500000	45500000	1264.184998
24000000	45500000	1160.058672
24500000	45500000	1369.580587
25000000	45500000	1917.005710
25500000	45500000	1579.377666
26000000	45500000	1418.977129
26500000	45500000	1499.916702
27000000	45500000	1376.508497
27500000	45500000	1207.399091
28000000	45500000	1363.698656
28500000	45500000	1413.089616
29000000	45500000	1358.235313
29500000	45500000	1415.413134
30000000	45500000	1263.829529
30500000	45500000	1482.090624
31000000	45500000	1674.717597
31500000	45500000	1419.667987
32000000	45500000	1725.028107
32500000	45500000	2027.370600
33000000	45500000	1886.706004
33500000	45500000	1463.604091
34000000	45500000	1259.757230
34500000	45500000	1095.840662
35000000	45500000	1481.489624
35500000	45500000	2067.066278
36000000	45500000	2467.640591
36500000	45500000	2279.109671
37000000	45500000	2324.193323
37500000	45500000	1661.245822
38000000	45500000	1258.802340
38500000	45500000	1173.222937
39000000	45500000	1135.948155
39500000	45500000	1090.249465
40000000	45500000	1310.827881
40500000	45500000	1074.673017
41000000	45500000	1124.778123
41500000	45500000	1307.037614
42000000	45500000	1614.932831
42500000	45500000	2336.692260
43000000	45500000	4034.149658
43500000	45500000	9117.347381
44000000	45500000	10527.707350
44500000	45500000	13431.088768
45000000	45500000	46833.454077
45500000	45500000	176466.598493
16000000	46000000	176.499562
16500000	46000000	334.433617
17000000	46000000	851.608530
17500000	46000000	1501.880547
18000000	46000000	1629.997528
18500000	46000000	1552.296168
19000000	46000000	1683.842995
19500000	46000000	1571.009554
20000000	46000000	1326.423538
20500000	46000000	1177.541602
21000000	46000000	1310.438147
21500000	46000000	734.678087
22000000	46000000	952.650766
22500000	46000000	821.628446
23000000	46000000	827.542539
23500000	46000000	1103.574966
24000000	46000000	1111.563969
24500000	46000000	1402.698717
25000000	46000000	1703.457506
25500000	46000000	1523.472627
26000000	46000000	1301.556253
26500000	46000000	1425.765334
27000000	46000000	1209.211510
27500000	46000000	1016.669420
28000000	46000000	1136.492461
28500000	46000000	1242.884729
29000000	46000000	1295.701825
29500000	46000000	1487.954971
30000000	46000000	1301.245165
30500000	46000000	1391.374032
31000000	46000000	1409.784394
31500000	46000000	1404.165113
32000000	46000000	1761.696806
32500000	46000000	1891.808359
33000000	46000000	1602.103608
33500000	46000000	1494.730934
34000000	46000000	1220.203826
34500000	46000000	954.465924
35000000	46000000	1260.707851
35500000	46000000	2014.641940
36000000	46000000	2243.103742
36500000	46000000	2020.291931
37000000	46000000	1981.068164
37500000	46000000	1585.332734
38000000	46000000	1229.966251
38500000	46000000	1129.391787
39000000	46000000	1023.655729
39500000	46000000	946.574088
40000000	46000000	1146.637086
40500000	46000000	939.861855
41000000	46000000	994.808817
41500000	46000000	1109.862687
42000000	46000000	1406.700878
42500000	46000000	1975.909855
43000000	46000000	3203.055885
43500000	46000000	6538.811884
44000000	46000000	6887.771494
44500000	46000000	7992.866045
45000000	46000000	16744.493064
45500000	46000000	54676.406991
46000000	46000000	183876.850629
16000000	46500000	474.987555
16500000	46500000	162.502252
17000000	46500000	1056.142425
17500000	46500000	1953.575287
18000000	46500000	1956.912415
18500000	46500000	1657.978449
19000000	46500000	1821.547096
19500000	46500000	1601.986082
20000000	46500000	1416.463684
20500000	46500000	1240.872030
21000000	46500000	1309.778405
21500000	46500000	833.356404
22000000	46500000	945.224741
22500000	46500000	748.965731
23000000	46500000	785.925821
23500000	46500000	1046.043266
24000000	46500000	1221.055191
24500000	46500000	1419.438726
25000000	46500000	1519.862411
25500000	46500000	1443.815790
26000000	46500000	1269.926693
26500000	46500000	1557.443612
27000000	46500000	1305.853417
27500000	46500000	960.196440
28000000	46500000	1162.362207
28500000	46500000	1175.525635
29000000	46500000	1421.565677
29500000	46500000	1668.833900
30000000	46500000	1446.027041
30500000	46500000	1429.053676
31000000	46500000	1491.791191
31500000	46500000	1692.091877
32000000	46500000	1824.151127
32500000	46500000	1948.333049
33000000	46500000	1526.366679
33500000	46500000	1549.659289
34000000	46500000	1243.924403
34500000	46500000	1055.915381
35000000	46500000	1396.348677
35500000	46500000	2345.907324
36000000	46500000	2199.420244
36500000	46500000	2233.019618
37000000	46500000	1918.972815
37500000	46500000	1638.939733
38000000	46500000	1318.215682
38500000	46500000	1166.223537
39000000	46500000	1020.797338
39500000	46500000	986.189232
40000000	46500000	996.183680
40500000	46500000	925.672605
41000000	46500000	990.921510
41500000	46500000	1219.799169
42000000	46500000	1347.245718
42500000	46500000	1819.790260
43000000	46500000	2958.462620
43500000	46500000	4360.052657
44000000	46500000	4823.684564
44500000	46500000	5158.751775
45000000	46500000	8666.505597
45500000	46500000	20516.976442
46000000	46500000	54625.450008
46500000	46500000	174285.692533
16000000	47000000	1092.368444
16500000	47000000	490.922081
17000000	47000000	2053.532663
17500000	47000000	3110.849279
18000000	47000000	2334.472867
18500000	47000000	1771.114069
19000000	47000000	1756.705674
19500000	47000000	1580.475918
20000000	47000000	1256.502648
20500000	47000000	1052.074162
21000000	47000000	1087.901930
21500000	47000000	664.051029
22000000	47000000	841.901157
22500000	47000000	761.617127
23000000	47000000	735.210081
23500000	47000000	927.601206
24000000	47000000	1053.423194
24500000	47000000	1326.808350
25000000	47000000	1746.403670
25500000	47000000	1698.151457
26000000	47000000	1602.016976
26500000	47000000	1949.483450
27000000	47000000	1842.031378
27500000	47000000	1361.814643
28000000	47000000	1683.102521
28500000	47000000	1695.822588
29000000	47000000	1636.876953
29500000	47000000	1584.287078
30000000	47000000	1265.176000
30500000	47000000	1262.798394
31000000	47000000	1408.390350
31500000	47000000	1593.575471
32000000	47000000	2029.105731
32500000	47000000	2462.483804
33000000	47000000	2248.107166
33500000	47000000	2268.619597
34000000	47000000	1706.726943
34500000	47000000	1537.984344
35000000	47000000	2137.663514
35500000	47000000	2751.618666
36000000	47000000	2504.368524
36500000	47000000	1859.334421
37000000	47000000	1559.181198
37500000	47000000	1261.659933
38000000	47000000	943.806777
38500000	47000000	791.808535
39000000	47000000	805.143611
39500000	47000000	672.777387
40000000	47000000	814.131160
40500000	47000000	712.384956
41000000	47000000	743.204966
41500000	47000000	893.951061
42000000	47000000	956.497154
42500000	47000000	1253.438305
43000000	47000000	2041.536477
43500000	47000000	3377.410720
44000000	47000000	3671.610665
44500000	47000000	3803.224557
45000000	47000000	5544.480123
45500000	47000000	8593.068087
46000000	47000000	13144.634586
46500000	47000000	50039.045908
47000000	47000000	173277.071545
16000000	47500000	1759.596682
16500000	47500000	2255.424786
17000000	47500000	3261.172460
17500000	47500000	1682.904137
18000000	47500000	884.568914
18500000	47500000	907.718869
19000000	47500000	790.794451
19500000	47500000	664.348563
20000000	47500000	401.220251
20500000	47500000	346.340934
21000000	47500000	353.301965
21500000	47500000	227.908982
22000000	47500000	233.216683
22500000	47500000	238.081918
23000000	47500000	205.915432
23500000	47500000	474.561808
24000000	47500000	302.977679
24500000	47500000	369.206888
25000000	47500000	1374.086168
25500000	47500000	1043.144963
26000000	47500000	1293.096890
26500000	47500000	1127.091752
27000000	47500000	1835.325140
27500000	47500000	3092.215533
28000000	47500000	1895.662922
28500000	47500000	1888.201740
29000000	47500000	760.361274
29500000	47500000	510.055533
30000000	47500000	467.042684
30500000	47500000	470.334283
31000000	47500000	665.515183
31500000	47500000	463.476246
32000000	47500000	810.656330
32500000	47500000	1818.576843
33000000	47500000	2762.066856
33500000	47500000	1872.083180
34000000	47500000	2493.960418
34500000	47500000	3870.908740
35000000	47500000	3102.757241
35500000	47500000	1406.833534
36000000	47500000	1494.161346
36500000	47500000	552.773472
37000000	47500000	704.216893
37500000	47500000	404.252161
38000000	47500000	321.603016
38500000	47500000	313.540468
39000000	47500000	296.268765
39500000	47500000	283.234713
40000000	47500000	405.576203
40500000	47500000	275.336782
41000000	47500000	313.606008
41500000	47500000	309.521693
42000000	47500000	343.563230
42500000	47500000	468.363944
43000000	47500000	652.684328
43500000	47500000	2004.129966
44000000	47500000	2143.130649
44500000	47500000	2779.335697
45000000	47500000	4134.504390
45500000	47500000	3561.838260
46000000	47500000	4254.836293
46500000	47500000	9423.711561
47000000	47500000	34024.571430
47500000	47500000	155299.586430
16000000	48000000	1777.694961
16500000	48000000	2120.843849
17000000	48000000	2944.893430
17500000	48000000	1949.093548
18000000	48000000	1010.365347
18500000	48000000	894.260314
19000000	48000000	724.165531
19500000	48000000	659.837641
20000000	48000000	408.180541
20500000	48000000	346.716481
21000000	48000000	345.694763
21500000	48000000	178.735309
22000000	48000000	254.445347
22500000	48000000	248.802923
23000000	48000000	266.100936
23500000	48000000	371.185287
24000000	48000000	281.301825
24500000	48000000	409.586411
25000000	48000000	1246.952357
25500000	48000000	981.719710
26000000	48000000	1164.687096
26500000	48000000	1104.065196
27000000	48000000	1730.687514
27500000	48000000	2464.958743
28000000	48000000	1683.337725
28500000	48000000	1509.349091
29000000	48000000	916.220624
29500000	48000000	594.312456
30000000	48000000	456.820180
30500000	48000000	508.492817
31000000	48000000	708.888486
31500000	48000000	519.306889
32000000	48000000	797.753807
32500000	48000000	1643.593200
33000000	48000000	2235.760533
33500000	48000000	2092.347871
34000000	48000000	2358.462414
34500000	48000000	3334.318821
35000000	48000000	2866.537362
35500000	48000000	1468.344255
36000000	48000000	1375.220079
36500000	48000000	718.134221
37000000	48000000	717.748252
37500000	48000000	439.337404
38000000	48000000	349.185804
38500000	48000000	352.764050
39000000	48000000	324.395332
39500000	48000000	321.131362
40000000	48000000	408.162210
40500000	48000000	275.945179
41000000	48000000	307.289901
41500000	48000000	320.173827
42000000	48000000	379.671322
42500000	48000000	455.599154
43000000	48000000	655.734174
43500000	48000000	1796.585791
44000000	48000000	1837.727646
44500000	48000000	2368.236743
45000000	48000000	3352.036951
45500000	48000000	2946.880075
46000000	48000000	3236.896384
46500000	48000000	6505.759942
47000000	48000000	16741.306784
47500000	48000000	52461.748130
48000000	48000000	160198.078223
16000000	48500000	2611.782176
16500000	48500000	2109.600871
17000000	48500000	2820.869287
17500000	48500000	1416.219576
18000000	48500000	695.052972
18500000	48500000	680.503609
19000000	48500000	557.165335
19500000	48500000	503.138380
20000000	48500000	305.579096
20500000	48500000	231.431607
21000000	48500000	277.363631
21500000	48500000	112.108799
22000000	48500000	172.536953
22500000	48500000	209.054785
23000000	48500000	197.902479
23500000	48500000	353.825629
24000000	48500000	243.550309
24500000	48500000	288.565803
25000000	48500000	976.032014
25500000	48500000	773.923354
26000000	48500000	1023.501810
26500000	48500000	946.313759
27000000	48500000	1558.430502
27500000	48500000	2735.648862
28000000	48500000	1547.678949
28500000	48500000	1445.509162
29000000	48500000	685.941591
29500000	48500000	417.345796
30000000	48500000	307.236692
30500000	48500000	417.159376
31000000	48500000	569.789457
31500000	48500000	379.249619
32000000	48500000	668.119734
32500000	48500000	1364.126940
33000000	48500000	2082.352102
33500000	48500000	1653.165032
34000000	48500000	2345.041420
34500000	48500000	3739.226849
35000000	48500000	2782.268478
35500000	48500000	1167.121391
36000000	48500000	1121.036103
36500000	48500000	478.805106
37000000	48500000	654.210117
37500000	48500000	331.282972
38000000	48500000	296.871329
38500000	48500000	286.452398
39000000	48500000	260.192338
39500000	48500000	263.004122
40000000	48500000	375.011494
40500000	48500000	230.690692
41000000	48500000	300.258243
41500000	48500000	256.410624
42000000	48500000	301.406619
42500000	48500000	365.018420
43000000	48500000	527.242118
43500000	48500000	1594.864793
44000000	48500000	1663.192213
44500000	48500000	2061.776622
45000000	48500000	2908.993774
45500000	48500000	2537.028771
46000000	48500000	2570.420583
46500000	48500000	4939.278769
47000000	48500000	12999.586064
47500000	48500000	46156.066945
48000000	48500000	73785.527452
48500000	48500000	155325.081650
16000000	49000000	3241.168600
16500000	49000000	2994.883927
17000000	49000000	2997.399184
17500000	49000000	1064.495835
18000000	49000000	534.203603
18500000	49000000	469.006910
19000000	49000000	481.202526
19500000	49000000	420.460945
20000000	49000000	228.040121
20500000	49000000	181.084104
21000000	49000000	211.400040
21500000	49000000	90.521603
22000000	49000000	136.347929
22500000	49000000	141.347857
23000000	49000000	161.142509
23500000	49000000	278.735649
24000000	49000000	168.002666
24500000	49000000	200.967042
25000000	49000000	940.273140
25500000	49000000	697.137353
26000000	49000000	961.676043
26500000	49000000	804.068335
27000000	49000000	1592.741148
27500000	49000000	3547.666910
28000000	49000000	1479.067776
28500000	49000000	1451.758372
29000000	49000000	501.864601
29500000	49000000	345.536489
30000000	49000000	294.629121
30500000	49000000	314.906335
31000000	49000000	472.884599
31500000	49000000	338.443583
32000000	49000000	539.837247
32500000	49000000	1135.071250
33000000	49000000	2119.941650
33500000	49000000	1465.556480
34000000	49000000	2741.892004
34500000	49000000	4339.575024
35000000	49000000	2744.370585
35500000	49000000	963.854716
36000000	49000000	961.087780
36500000	49000000	370.664352
37000000	49000000	529.566160
37500000	49000000	298.618928
38000000	49000000	274.381282
38500000	49000000	262.955250
39000000	49000000	235.453939
39500000	49000000	232.172403
40000000	49000000	314.754783
40500000	49000000	252.706122
41000000	49000000	255.945711
41500000	49000000	219.187497
42000000	49000000	238.623341
42500000	49000000	344.494859
43000000	49000000	397.407569
43500000	49000000	1335.686104
44000000	49000000	1416.796385
44500000	49000000	1987.396492
45000000	49000000	2609.826662
45500000	49000000	1878.200639
46000000	49000000	1820.562221
46500000	49000000	3007.276056
47000000	49000000	7082.267045
47500000	49000000	32083.045476
48000000	49000000	27496.586359
48500000	49000000	46639.447643
49000000	49000000	189429.024787
16000000	49500000	2868.252705
16500000	49500000	2449.015608
17000000	49500000	2952.381689
17500000	49500000	1571.547113
18000000	49500000	981.063148
18500000	49500000	878.185028
19000000	49500000	865.377262
19500000	49500000	760.912579
20000000	49500000	496.325651
20500000	49500000	421.018592
21000000	49500000	414.572307
21500000	49500000	163.417361
22000000	49500000	262.902077
22500000	49500000	200.717691
23000000	49500000	253.400848
23500000	49500000	501.692420
24000000	49500000	333.990645
24500000	49500000	414.297029
25000000	49500000	1542.745579
25500000	49500000	1068.365354
26000000	49500000	1307.528248
26500000	49500000	1284.973736
27000000	49500000	1862.607632
27500000	49500000	2912.535711
28000000	49500000	1932.568614
28500000	49500000	1876.945076
29000000	49500000	912.565106
29500000	49500000	547.238139
30000000	49500000	545.527956
30500000	49500000	523.341211
31000000	49500000	736.357492
31500000	49500000	540.971932
32000000	49500000	1015.668994
32500000	49500000	1854.597112
33000000	49500000	2810.380345
33500000	49500000	1843.329500
34000000	49500000	2058.643335
34500000	49500000	3419.760145
35000000	49500000	2803.603613
35500000	49500000	1470.086619
36000000	49500000	1577.157214
36500000	49500000	677.286207
37000000	49500000	731.459282
37500000	49500000	477.735736
38000000	49500000	355.681742
38500000	49500000	343.810001
39000000	49500000	303.074255
39500000	49500000	301.460337
40000000	49500000	418.328268
40500000	49500000	295.802514
41000000	49500000	304.525510
41500000	49500000	319.652435
42000000	49500000	325.717132
42500000	49500000	447.403492
43000000	49500000	612.736980
43500000	49500000	1995.686686
44000000	49500000	2001.501118
44500000	49500000	2554.598090
45000000	49500000	3367.070663
45500000	49500000	2669.198743
46000000	49500000	2620.945351
46500000	49500000	4306.602092
47000000	49500000	9134.662793
47500000	49500000	23005.897427
48000000	49500000	19629.743379
48500000	49500000	25571.626135
49000000	49500000	58258.035045
49500000	49500000	178621.250216
16000000	50000000	488.476065
16500000	50000000	694.178003
17000000	50000000	1692.248371
17500000	50000000	2301.135414
18000000	50000000	1907.301951
18500000	50000000	1472.714076
19000000	50000000	1667.287162
19500000	50000000	1313.135300
20000000	50000000	1075.900877
20500000	50000000	947.201729
21000000	50000000	1000.406211
21500000	50000000	663.025408
22000000	50000000	745.176081
22500000	50000000	525.676731
23000000	50000000	594.389728
23500000	50000000	702.640721
24000000	50000000	959.008804
24500000	50000000	1143.017054
25000000	50000000	1272.837836
25500000	50000000	1301.393094
26000000	50000000	1228.105103
26500000	50000000	1533.583118
27000000	50000000	1561.739918
27500000	50000000	1305.023077
28000000	50000000	1415.942673
28500000	50000000	1273.715176
29000000	50000000	1505.371382
29500000	50000000	1402.405161
30000000	50000000	984.016017
30500000	50000000	1075.512474
31000000	50000000	1261.861342
31500000	50000000	1456.287832
32000000	50000000	1773.963592
32500000	50000000	1903.205015
33000000	50000000	1563.534083
33500000	50000000	1687.844043
34000000	50000000	1440.856583
34500000	50000000	1392.225397
35000000	50000000	1861.577029
35500000	50000000	2174.596731
36000000	50000000	1774.788130
36500000	50000000	1827.798445
37000000	50000000	1412.010121
37500000	50000000	1192.964816
38000000	50000000	938.560370
38500000	50000000	843.475264
39000000	50000000	749.060949
39500000	50000000	684.839233
40000000	50000000	606.589539
40500000	50000000	617.916750
41000000	50000000	678.709782
41500000	50000000	757.213691
42000000	50000000	905.959488
42500000	50000000	1061.162994
43000000	50000000	1613.493659
43500000	50000000	2175.867758
44000000	50000000	2424.472214
44500000	50000000	2377.762371
45000000	50000000	2993.884996
45500000	50000000	3733.622401
46000000	50000000	4070.997035
46500000	50000000	7073.766678
47000000	50000000	11448.551953
47500000	50000000	9445.621785
48000000	50000000	10262.720938
48500000	50000000	9993.864918
49000000	50000000	13622.146901
49500000	50000000	39354.441413
50000000	50000000	186860.565538
16000000	50500000	260.037558
16500000	50500000	246.361238
17000000	50500000	656.615074
17500000	50500000	1380.578479
18000000	50500000	1609.283488
18500000	50500000	1154.039804
19000000	50500000	1480.145364
19500000	50500000	1297.892571
20000000	50500000	1448.563366
20500000	50500000	1113.792269
21000000	50500000	1293.711842
21500000	50500000	886.316616
22000000	50500000	1020.541297
22500000	50500000	653.912052
23000000	50500000	767.611764
23500000	50500000	758.157158
24000000	50500000	1132.787165
24500000	50500000	1216.957736
25000000	50500000	754.377082
25500000	50500000	816.613435
26000000	50500000	715.461454
26500000	50500000	990.085195
27000000	50500000	790.158054
27500000	50500000	451.001741
28000000	50500000	655.661507
28500000	50500000	619.228582
29000000	50500000	1083.687037
29500000	50500000	1463.895941
30000000	50500000	1155.351107
30500000	50500000	1235.577153
31000000	50500000	1230.383328
31500000	50500000	1623.553615
32000000	50500000	1466.656612
32500000	50500000	1012.385733
33000000	50500000	747.430680
33500000	50500000	906.353263
34000000	50500000	772.049035
34500000	50500000	546.668982
35000000	50500000	777.875796
35500000	50500000	1574.772406
36000000	50500000	1272.436771
36500000	50500000	2056.713501
37000000	50500000	1404.168970
37500000	50500000	1594.343075
38000000	50500000	1519.188906
38500000	50500000	1170.871637
39000000	50500000	1204.735472
39500000	50500000	997.810191
40000000	50500000	710.547342
40500000	50500000	799.552678
41000000	50500000	912.553287
41500000	50500000	1303.287414
42000000	50500000	1453.999866
42500000	50500000	1568.046673
43000000	50500000	1964.473094
43500000	50500000	1617.091504
44000000	50500000	1902.204296
44500000	50500000	1663.829211
45000000	50500000	1886.138027
45500000	50500000	2755.703802
46000000	50500000	3017.959616
46500000	50500000	4634.558653
47000000	50500000	5085.507209
47500000	50500000	2222.003069
48000000	50500000	2787.664155
48500000	50500000	2385.304100
49000000	50500000	2624.287210
49500000	50500000	6037.903603
50000000	50500000	51288.710558
50500000	50500000	199418.032046
16000000	51000000	369.279296
16500000	51000000	408.167150
17000000	51000000	855.248987
17500000	51000000	1173.175502
18000000	51000000	1054.909725
18500000	51000000	1024.798353
19000000	51000000	1315.400742
19500000	51000000	1280.495207
20000000	51000000	1222.887074
20500000	51000000	1033.082276
21000000	51000000	1007.583096
21500000	51000000	601.482627
22000000	51000000	833.756816
22500000	51000000	533.408998
23000000	51000000	633.010303
23500000	51000000	717.570727
24000000	51000000	826.172600
24500000	51000000	850.050328
25000000	51000000	731.515718
25500000	51000000	737.677011
26000000	51000000	703.679270
26500000	51000000	856.739357
27000000	51000000	784.078414
27500000	51000000	532.309084
28000000	51000000	615.022836
28500000	51000000	708.989172
29000000	51000000	828.897673
29500000	51000000	1047.465758
30000000	51000000	955.146494
30500000	51000000	952.301525
31000000	51000000	1003.600425
31500000	51000000	1170.816684
32000000	51000000	1128.618796
32500000	51000000	932.778012
33000000	51000000	719.646959
33500000	51000000	770.527937
34000000	51000000	647.145228
34500000	51000000	631.796033
35000000	51000000	704.885600
35500000	51000000	1162.139886
36000000	51000000	1150.211635
36500000	51000000	1419.684489
37000000	51000000	1341.875955
37500000	51000000	1261.228095
38000000	51000000	1168.820595
38500000	51000000	976.519155
39000000	51000000	914.914902
39500000	51000000	751.638915
40000000	51000000	611.907928
40500000	51000000	628.970368
41000000	51000000	681.863190
41500000	51000000	971.841092
42000000	51000000	993.747520
42500000	51000000	1164.630331
43000000	51000000	1402.293511
43500000	51000000	1647.663781
44000000	51000000	1667.956101
44500000	51000000	1747.017328
45000000	51000000	1914.573063
45500000	51000000	2398.280935
46000000	51000000	2352.610330
46500000	51000000	3294.456626
47000000	51000000	3339.134928
47500000	51000000	1967.688103
48000000	51000000	2102.311371
48500000	51000000	1937.741456
49000000	51000000	2217.352245
49500000	51000000	4208.723686
50000000	51000000	17429.074688
50500000	51000000	93462.964973
51000000	51000000	251295.178607
