9000000	9000000	272007.895999
9000000	9500000	2081.224405
9500000	9500000	253810.596581
9000000	10000000	2852.649639
9500000	10000000	1741.761654
10000000	10000000	225473.064010
9000000	10500000	3963.686184
9500000	10500000	3886.883131
10000000	10500000	22784.672800
10500000	10500000	179270.788713
9000000	11000000	3980.186619
9500000	11000000	8063.877183
10000000	11000000	8075.125816
10500000	11000000	30281.756804
11000000	11000000	191313.179819
9500000	14000000	974.240160
10000000	14000000	2781.982000
10500000	14000000	3742.502215
11000000	14000000	3652.220421
14000000	14000000	198166.649976
9500000	14500000	874.444579
10000000	14500000	799.043745
10500000	14500000	3810.181417
11000000	14500000	3116.577932
14000000	14500000	25224.096913
14500000	14500000	138318.852657
9000000	15000000	106.037710
9500000	15000000	302.139433
10000000	15000000	345.108526
10500000	15000000	1298.439896
11000000	15000000	1097.481189
14000000	15000000	6576.931753
14500000	15000000	16959.715718
15000000	15000000	142019.781455
9500000	15500000	174.186895
10000000	15500000	511.609055
10500000	15500000	768.312030
11000000	15500000	605.671745
14000000	15500000	2945.108076
14500000	15500000	8264.904412
15000000	15500000	23184.269464
15500000	15500000	94884.150021
9000000	16000000	40.835078
9500000	16000000	166.219671
10000000	16000000	284.788178
10500000	16000000	539.599277
11000000	16000000	437.088764
14000000	16000000	1051.340017
14500000	16000000	2916.726377
15000000	16000000	9305.136238
15500000	16000000	50580.682439
16000000	16000000	104407.920466
9000000	16500000	88.992166
9500000	16500000	244.514480
10000000	16500000	310.320419
10500000	16500000	717.330976
11000000	16500000	637.657809
14000000	16500000	1653.303709
14500000	16500000	4530.522795
15000000	16500000	7513.979593
15500000	16500000	23166.402990
16000000	16500000	40006.195076
16500000	16500000	106614.283614
9000000	17000000	47.952901
9500000	17000000	214.712143
10000000	17000000	379.019122
10500000	17000000	840.648956
11000000	17000000	649.018691
14000000	17000000	1374.890466
14500000	17000000	4163.884786
15000000	17000000	7801.862600
15500000	17000000	13534.682901
16000000	17000000	15038.746916
16500000	17000000	25910.212052
17000000	17000000	102566.198504
9000000	17500000	56.541430
9500000	17500000	356.736477
10000000	17500000	788.651902
10500000	17500000	1190.450668
11000000	17500000	1340.455708
14000000	17500000	2630.213787
14500000	17500000	6184.576264
15000000	17500000	4496.997216
15500000	17500000	5742.866247
16000000	17500000	5259.724760
16500000	17500000	9719.429312
17000000	17500000	26149.827077
17500000	17500000	103815.774442
9500000	18000000	567.308388
10000000	18000000	799.645724
10500000	18000000	1948.757749
11000000	18000000	1783.742306
14000000	18000000	2880.298742
14500000	18000000	5922.212226
15000000	18000000	3044.163504
15500000	18000000	3266.537347
16000000	18000000	2759.063844
16500000	18000000	5303.176077
17000000	18000000	11113.294057
17500000	18000000	30106.426831
18000000	18000000	105987.055425
9500000	18500000	472.374389
10000000	18500000	594.610128
10500000	18500000	1022.313331
11000000	18500000	930.197325
14000000	18500000	1635.235739
14500000	18500000	3383.245626
15000000	18500000	3867.962498
15500000	18500000	3943.546273
16000000	18500000	3503.045057
16500000	18500000	5073.328419
17000000	18500000	8924.752374
17500000	18500000	12501.872640
18000000	18500000	22413.547392
18500000	18500000	94383.883755
9500000	19000000	213.887572
10000000	19000000	371.344861
10500000	19000000	622.131943
11000000	19000000	632.158982
14000000	19000000	1057.674646
14500000	19000000	2025.242698
15000000	19000000	3689.894373
15500000	19000000	3881.770135
16000000	19000000	3749.263615
16500000	19000000	3580.553664
17000000	19000000	5595.390751
17500000	19000000	5163.447200
18000000	19000000	6079.086410
18500000	19000000	26836.499180
19000000	19000000	107815.709973
9000000	19500000	219.780289
9500000	19500000	413.760958
10000000	19500000	715.293190
10500000	19500000	1239.125876
11000000	19500000	1079.027735
14000000	19500000	1494.991877
14500000	19500000	2931.877699
15000000	19500000	1752.000936
15500000	19500000	1584.326032
16000000	19500000	1250.653832
16500000	19500000	2094.376540
17000000	19500000	2798.166735
17500000	19500000	4754.556435
18000000	19500000	6776.361605
18500000	19500000	10498.422708
19000000	19500000	19377.245855
19500000	19500000	86500.343644
9000000	20000000	57.575568
9500000	20000000	433.569767
10000000	20000000	829.845485
10500000	20000000	1658.565763
11000000	20000000	1543.233863
14000000	20000000	1735.012434
14500000	20000000	2580.360203
15000000	20000000	1423.924884
15500000	20000000	1179.447527
16000000	20000000	936.913201
16500000	20000000	1466.854509
17000000	20000000	2077.599685
17500000	20000000	3801.101565
18000000	20000000	5514.666411
18500000	20000000	5971.228333
19000000	20000000	7042.466971
19500000	20000000	24351.437650
20000000	20000000	94781.646874
9000000	20500000	284.430823
9500000	20500000	463.111622
10000000	20500000	925.703718
10500000	20500000	1423.218910
11000000	20500000	1444.240217
14000000	20500000	1364.732837
14500000	20500000	2453.858384
15000000	20500000	1380.330154
15500000	20500000	1217.469844
16000000	20500000	1030.190304
16500000	20500000	1334.188915
17000000	20500000	1887.331171
17500000	20500000	3129.656330
18000000	20500000	4284.015608
18500000	20500000	4463.663146
19000000	20500000	5624.039560
19500000	20500000	13103.551251
20000000	20500000	26084.515572
20500000	20500000	96242.202780
9000000	21000000	174.684011
9500000	21000000	485.886455
10000000	21000000	866.321693
10500000	21000000	1323.421905
11000000	21000000	1483.458061
14000000	21000000	1311.746038
14500000	21000000	2364.950330
15000000	21000000	1283.072804
15500000	21000000	1028.046835
16000000	21000000	908.001262
16500000	21000000	1266.845970
17000000	21000000	1589.168326
17500000	21000000	2854.155012
18000000	21000000	3913.972534
18500000	21000000	3743.628287
19000000	21000000	4326.501308
19500000	21000000	10787.679435
20000000	21000000	16064.467636
20500000	21000000	29606.350450
21000000	21000000	94451.887828
9000000	21500000	56.841745
9500000	21500000	474.318751
10000000	21500000	739.984705
10500000	21500000	1507.233747
11000000	21500000	1548.706077
14000000	21500000	1297.146834
14500000	21500000	2443.981435
15000000	21500000	1143.482695
15500000	21500000	919.751932
16000000	21500000	749.056979
16500000	21500000	1140.224154
17000000	21500000	1508.685957
17500000	21500000	2822.348600
18000000	21500000	4097.707621
18500000	21500000	3625.539953
19000000	21500000	3797.059476
19500000	21500000	9955.137476
20000000	21500000	12774.440640
20500000	21500000	15495.820409
21000000	21500000	27335.359786
21500000	21500000	93531.087399
9500000	22000000	540.382795
10000000	22000000	806.183094
10500000	22000000	1374.755917
11000000	22000000	1246.265665
14000000	22000000	1109.715299
14500000	22000000	2132.479394
15000000	22000000	1025.438766
15500000	22000000	961.000652
16000000	22000000	771.399664
16500000	22000000	1122.316273
17000000	22000000	1368.318254
17500000	22000000	2528.690986
18000000	22000000	3455.286542
18500000	22000000	3200.132320
19000000	22000000	3530.549438
19500000	22000000	9361.895445
20000000	22000000	9945.860310
20500000	22000000	10673.801054
21000000	22000000	13680.882507
21500000	22000000	25362.485142
22000000	22000000	84825.712475
9500000	22500000	470.103376
10000000	22500000	456.415700
10500000	22500000	1129.312226
11000000	22500000	1246.393152
14000000	22500000	1267.076226
14500000	22500000	1940.965028
15000000	22500000	1077.822668
15500000	22500000	910.202669
16000000	22500000	755.195096
16500000	22500000	1119.396542
17000000	22500000	1454.131372
17500000	22500000	2492.035166
18000000	22500000	2925.362499
18500000	22500000	2648.017746
19000000	22500000	2592.170802
19500000	22500000	6258.195361
20000000	22500000	6248.936103
20500000	22500000	6158.050349
21000000	22500000	7283.164184
21500000	22500000	9704.917409
22000000	22500000	20777.946352
22500000	22500000	92066.412987
9000000	23000000	283.218472
9500000	23000000	368.910133
10000000	23000000	579.390756
10500000	23000000	1496.992201
11000000	23000000	1182.536238
14000000	23000000	1110.333669
14500000	23000000	2062.609646
15000000	23000000	969.161113
15500000	23000000	757.393143
16000000	23000000	688.767080
16500000	23000000	1059.843977
17000000	23000000	1342.727074
17500000	23000000	2280.078850
18000000	23000000	3058.466226
18500000	23000000	2451.897044
19000000	23000000	2403.022853
19500000	23000000	5831.441866
20000000	23000000	5263.873658
20500000	23000000	5421.419670
21000000	23000000	6071.815721
21500000	23000000	7977.007624
22000000	23000000	12936.457464
22500000	23000000	27257.253200
23000000	23000000	92267.043560
9000000	23500000	119.418745
9500000	23500000	376.723954
10000000	23500000	721.793830
10500000	23500000	1052.008417
11000000	23500000	1177.872424
14000000	23500000	1083.081984
14500000	23500000	2149.155084
15000000	23500000	941.123373
15500000	23500000	857.877050
16000000	23500000	685.510118
16500000	23500000	1015.877107
17000000	23500000	1258.598523
17500000	23500000	2317.642973
18000000	23500000	2862.119758
18500000	23500000	2527.900966
19000000	23500000	2486.443442
19500000	23500000	5239.110595
20000000	23500000	4817.559137
20500000	23500000	4625.348812
21000000	23500000	5487.544608
21500000	23500000	6593.235733
22000000	23500000	10520.119670
22500000	23500000	15779.848489
23000000	23500000	27683.414892
23500000	23500000	93942.762560
9500000	24000000	311.105950
10000000	24000000	552.767019
10500000	24000000	937.626945
11000000	24000000	1016.652284
14000000	24000000	795.048991
14500000	24000000	1839.524720
15000000	24000000	951.044848
15500000	24000000	828.073442
16000000	24000000	730.233166
16500000	24000000	1026.035609
17000000	24000000	1389.815719
17500000	24000000	2278.892365
18000000	24000000	2590.627423
18500000	24000000	2459.799506
19000000	24000000	2669.411757
19500000	24000000	5784.298845
20000000	24000000	4830.808437
20500000	24000000	4497.389533
21000000	24000000	4959.695858
21500000	24000000	5996.557450
22000000	24000000	10165.284358
22500000	24000000	13580.773164
23000000	24000000	14784.711522
23500000	24000000	24282.282859
24000000	24000000	85924.230101
9500000	24500000	234.627359
10000000	24500000	509.190780
10500000	24500000	655.037317
11000000	24500000	678.159961
14000000	24500000	725.145592
14500000	24500000	1453.095810
15000000	24500000	1138.636404
15500000	24500000	1048.691325
16000000	24500000	957.538984
16500000	24500000	1325.551242
17000000	24500000	1621.794733
17500000	24500000	1823.024750
18000000	24500000	2087.682736
18500000	24500000	2298.815543
19000000	24500000	2717.813620
19500000	24500000	4061.877202
20000000	24500000	3287.588274
20500000	24500000	3224.174020
21000000	24500000	3490.592416
21500000	24500000	3905.717730
22000000	24500000	6093.390959
22500000	24500000	7562.872277
23000000	24500000	7868.829575
23500000	24500000	10499.224995
24000000	24500000	24203.725548
24500000	24500000	96939.318995
9000000	25000000	102.428566
9500000	25000000	250.162019
10000000	25000000	452.420220
10500000	25000000	609.076125
11000000	25000000	548.185256
14000000	25000000	464.493804
14500000	25000000	1341.296612
15000000	25000000	1062.139490
15500000	25000000	1044.032474
16000000	25000000	884.526240
16500000	25000000	1369.414406
17000000	25000000	1582.674210
17500000	25000000	1757.113427
18000000	25000000	1905.417693
18500000	25000000	2271.439803
19000000	25000000	2747.440148
19500000	25000000	3940.605766
20000000	25000000	2883.563058
20500000	25000000	2780.658739
21000000	25000000	2999.351870
21500000	25000000	3396.245429
22000000	25000000	5396.388583
22500000	25000000	6534.583481
23000000	25000000	6533.362125
23500000	25000000	8026.315735
24000000	25000000	13220.125699
24500000	25000000	28088.832084
25000000	25000000	92046.519207
9500000	25500000	180.977242
10000000	25500000	284.233291
10500000	25500000	396.567098
11000000	25500000	368.720340
14000000	25500000	487.790501
14500000	25500000	1120.829533
15000000	25500000	907.665798
15500000	25500000	1134.049948
16000000	25500000	1088.572787
16500000	25500000	1390.511876
17000000	25500000	1757.850421
17500000	25500000	1665.524980
18000000	25500000	1616.435287
18500000	25500000	2292.399080
19000000	25500000	2711.828996
19500000	25500000	3144.431905
20000000	25500000	2426.638634
20500000	25500000	2266.186782
21000000	25500000	2351.287789
21500000	25500000	2520.824636
22000000	25500000	3826.905656
22500000	25500000	4661.997900
23000000	25500000	4556.153638
23500000	25500000	5354.408791
24000000	25500000	8042.964938
24500000	25500000	13041.306594
25000000	25500000	27619.712981
25500000	25500000	101213.389737
9000000	26000000	88.623970
9500000	26000000	207.428332
10000000	26000000	144.217032
10500000	26000000	230.313782
11000000	26000000	266.551420
14000000	26000000	272.249840
14500000	26000000	757.134715
15000000	26000000	1344.025592
15500000	26000000	1387.217843
16000000	26000000	1390.840289
16500000	26000000	1370.921897
17000000	26000000	1653.013507
17500000	26000000	1156.458673
18000000	26000000	1165.469551
18500000	26000000	2166.460595
19000000	26000000	3369.919792
19500000	26000000	2582.139101
20000000	26000000	1755.188085
20500000	26000000	1888.238081
21000000	26000000	1834.372962
21500000	26000000	1971.741907
22000000	26000000	3081.818365
22500000	26000000	3580.760763
23000000	26000000	3410.605209
23500000	26000000	4058.339347
24000000	26000000	5662.166703
24500000	26000000	8883.288403
25000000	26000000	13378.939501
25500000	26000000	28470.640151
26000000	26000000	96983.623131
9000000	26500000	35.414946
9500000	26500000	165.780506
10000000	26500000	32.931681
10500000	26500000	193.430516
11000000	26500000	206.767087
14000000	26500000	238.309612
14500000	26500000	436.477023
15000000	26500000	1579.121363
15500000	26500000	2105.875468
16000000	26500000	2158.822375
16500000	26500000	1161.159166
17000000	26500000	1718.865732
17500000	26500000	876.287354
18000000	26500000	649.046942
18500000	26500000	1736.396110
19000000	26500000	4265.607012
19500000	26500000	1380.552352
20000000	26500000	1011.954515
20500000	26500000	1464.786540
21000000	26500000	1197.857234
21500000	26500000	1124.061891
22000000	26500000	1746.181930
22500000	26500000	2005.866340
23000000	26500000	1847.945625
23500000	26500000	2204.379816
24000000	26500000	2939.096634
24500000	26500000	4940.734737
25000000	26500000	6252.258583
25500000	26500000	10014.412782
26000000	26500000	37466.054733
26500000	26500000	120676.932835
9500000	27000000	104.912845
10000000	27000000	110.615207
10500000	27000000	202.600718
11000000	27000000	210.459440
14000000	27000000	232.018923
14500000	27000000	588.659647
15000000	27000000	1546.018138
15500000	27000000	1717.011798
16000000	27000000	1578.683053
16500000	27000000	1422.587029
17000000	27000000	1831.544693
17500000	27000000	1105.003688
18000000	27000000	898.027736
18500000	27000000	2181.996598
19000000	27000000	2894.915351
19500000	27000000	1593.663946
20000000	27000000	1120.748973
20500000	27000000	1171.298468
21000000	27000000	1107.483624
21500000	27000000	1167.077690
22000000	27000000	1593.706647
22500000	27000000	1852.886199
23000000	27000000	1762.637530
23500000	27000000	1956.435869
24000000	27000000	2419.209691
24500000	27000000	3762.782726
25000000	27000000	4929.005170
25500000	27000000	7193.457490
26000000	27000000	11455.605758
26500000	27000000	23953.099638
27000000	27000000	104225.187035
9000000	27500000	44.677731
9500000	27500000	427.373906
10000000	27500000	727.036917
10500000	27500000	586.440681
11000000	27500000	557.264151
14000000	27500000	745.063177
14500000	27500000	1589.340502
15000000	27500000	1369.017686
15500000	27500000	1214.374830
16000000	27500000	1049.955975
16500000	27500000	1403.622159
17000000	27500000	1651.991550
17500000	27500000	1894.756426
18000000	27500000	2101.427446
18500000	27500000	2490.626226
19000000	27500000	2293.930100
19500000	27500000	2464.216932
20000000	27500000	2141.973623
20500000	27500000	1979.628366
21000000	27500000	1960.179208
21500000	27500000	2238.846752
22000000	27500000	2537.887799
22500000	27500000	2884.972960
23000000	27500000	3001.951051
23500000	27500000	3191.815027
24000000	27500000	3556.932625
24500000	27500000	4039.477735
25000000	27500000	4808.601038
25500000	27500000	5496.126016
26000000	27500000	6107.211628
26500000	27500000	5794.682500
27000000	27500000	31278.288081
27500000	27500000	95648.557237
9000000	28000000	50.683141
9500000	28000000	412.612660
10000000	28000000	541.986749
10500000	28000000	888.512026
11000000	28000000	977.396771
14000000	28000000	1037.979312
14500000	28000000	1795.875264
15000000	28000000	1242.954216
15500000	28000000	883.728484
16000000	28000000	684.090778
16500000	28000000	1087.257346
17000000	28000000	1334.529867
17500000	28000000	2083.585904
18000000	28000000	2433.863938
18500000	28000000	2124.630710
19000000	28000000	1751.168242
19500000	28000000	2558.522150
20000000	28000000	2351.413954
20500000	28000000	2080.782387
21000000	28000000	2264.062943
21500000	28000000	2442.587594
22000000	28000000	2869.621201
22500000	28000000	2952.209840
23000000	28000000	2926.788113
23500000	28000000	3126.623991
24000000	28000000	3414.913789
24500000	28000000	3272.565604
25000000	28000000	3600.676330
25500000	28000000	3436.284795
26000000	28000000	3244.982362
26500000	28000000	2532.013741
27000000	28000000	8695.491248
27500000	28000000	21572.619426
28000000	28000000	86647.919295
9000000	28500000	167.293687
9500000	28500000	499.378695
10000000	28500000	855.597582
10500000	28500000	1237.956976
11000000	28500000	1302.306205
14000000	28500000	1354.139874
14500000	28500000	2139.936995
15000000	28500000	933.880463
15500000	28500000	694.521339
16000000	28500000	607.931237
16500000	28500000	970.599804
17000000	28500000	1181.984410
17500000	28500000	2139.856670
18000000	28500000	2669.794372
18500000	28500000	1880.446713
19000000	28500000	1417.831547
19500000	28500000	2497.426855
20000000	28500000	2560.475480
20500000	28500000	2393.321312
21000000	28500000	2454.538333
21500000	28500000	2633.232516
22000000	28500000	2669.764655
22500000	28500000	2942.741225
23000000	28500000	3087.399246
23500000	28500000	3217.050480
24000000	28500000	2909.814484
24500000	28500000	2731.541612
25000000	28500000	2855.701678
25500000	28500000	2660.957196
26000000	28500000	1987.538427
26500000	28500000	1389.555224
27000000	28500000	3426.233388
27500000	28500000	8494.527032
28000000	28500000	28479.200714
28500000	28500000	100035.285230
9000000	29000000	136.829153
9500000	29000000	459.495878
10000000	29000000	731.600158
10500000	29000000	1060.737747
11000000	29000000	1143.829604
14000000	29000000	1120.892096
14500000	29000000	2299.598471
15000000	29000000	1035.766748
15500000	29000000	713.013267
16000000	29000000	646.120176
16500000	29000000	976.437381
17000000	29000000	1217.518137
17500000	29000000	2016.242519
18000000	29000000	2456.075598
18500000	29000000	1939.417989
19000000	29000000	1434.318014
19500000	29000000	2367.354990
20000000	29000000	2303.499834
20500000	29000000	2152.226788
21000000	29000000	2312.072211
21500000	29000000	2331.184496
22000000	29000000	2512.282091
22500000	29000000	2503.445372
23000000	29000000	2607.286639
23500000	29000000	2824.299118
24000000	29000000	2802.889701
24500000	29000000	2543.274225
25000000	29000000	2419.048450
25500000	29000000	2489.340469
26000000	29000000	1904.772468
26500000	29000000	1454.801465
27000000	29000000	3475.252309
27500000	29000000	7326.274555
28000000	29000000	18527.762824
28500000	29000000	30100.447897
29000000	29000000	99036.311942
9500000	29500000	367.823709
10000000	29500000	528.168663
10500000	29500000	1005.290608
11000000	29500000	899.849232
14000000	29500000	876.209119
14500000	29500000	1829.638483
15000000	29500000	1108.366650
15500000	29500000	940.472526
16000000	29500000	764.997582
16500000	29500000	1224.534573
17000000	29500000	1341.459049
17500000	29500000	2075.649247
18000000	29500000	2419.727373
18500000	29500000	2092.820814
19000000	29500000	1635.505148
19500000	29500000	2397.150255
20000000	29500000	2139.778459
20500000	29500000	1885.793564
21000000	29500000	1946.447326
21500000	29500000	2144.078929
22000000	29500000	2238.166891
22500000	29500000	2482.857308
23000000	29500000	2452.666307
23500000	29500000	2452.747430
24000000	29500000	2642.927191
24500000	29500000	2490.017500
25000000	29500000	2613.245306
25500000	29500000	2715.117865
26000000	29500000	2250.981622
26500000	29500000	1430.636631
27000000	29500000	3736.204850
27500000	29500000	7460.674095
28000000	29500000	15236.620314
28500000	29500000	16482.636712
29000000	29500000	28858.243024
29500000	29500000	98497.934378
9000000	30000000	37.917459
9500000	30000000	169.777817
10000000	30000000	264.440396
10500000	30000000	257.203377
11000000	30000000	348.837731
14000000	30000000	244.055751
14500000	30000000	833.740708
15000000	30000000	1763.445902
15500000	30000000	1724.257593
16000000	30000000	1575.487011
16500000	30000000	1294.357028
17000000	30000000	1817.210091
17500000	30000000	1163.587717
18000000	30000000	1043.464991
18500000	30000000	1937.251897
19000000	30000000	2401.195741
19500000	30000000	1170.464205
20000000	30000000	971.379610
20500000	30000000	925.999023
21000000	30000000	926.250697
21500000	30000000	906.306745
22000000	30000000	1004.605975
22500000	30000000	1134.826759
23000000	30000000	1051.223371
23500000	30000000	1144.649188
24000000	30000000	1280.544597
24500000	30000000	1633.978977
25000000	30000000	1792.678644
25500000	30000000	2138.023175
26000000	30000000	2628.939190
26500000	30000000	4147.038517
27000000	30000000	8100.611743
27500000	30000000	6288.639039
28000000	30000000	10009.307669
28500000	30000000	6852.517564
29000000	30000000	9220.037174
29500000	30000000	18997.270955
30000000	30000000	92289.111371
9500000	30500000	85.157319
10000000	30500000	88.425510
10500000	30500000	180.946726
11000000	30500000	238.901838
14000000	30500000	178.056313
14500000	30500000	495.433457
15000000	30500000	1506.725315
15500000	30500000	1757.754765
16000000	30500000	1778.691648
16500000	30500000	1248.795747
17000000	30500000	1642.800788
17500000	30500000	869.666392
18000000	30500000	658.501896
18500000	30500000	1493.211471
19000000	30500000	2185.969316
19500000	30500000	781.754827
20000000	30500000	674.619932
20500000	30500000	751.182375
21000000	30500000	620.535897
21500000	30500000	575.104398
22000000	30500000	648.004107
22500000	30500000	736.747798
23000000	30500000	686.877917
23500000	30500000	742.931910
24000000	30500000	779.179693
24500000	30500000	1210.330422
25000000	30500000	1209.693102
25500000	30500000	1590.757413
26000000	30500000	1996.069825
26500000	30500000	3832.134054
27000000	30500000	4415.256318
27500000	30500000	2890.852446
28000000	30500000	2658.232833
28500000	30500000	2220.523396
29000000	30500000	2631.355743
29500000	30500000	4119.934573
30000000	30500000	37814.871140
30500000	30500000	116568.703231
9500000	31000000	251.482562
10000000	31000000	309.343389
10500000	31000000	473.086602
11000000	31000000	550.728654
14000000	31000000	389.314572
14500000	31000000	1411.053498
15000000	31000000	1471.025812
15500000	31000000	1291.746048
16000000	31000000	1148.165205
16500000	31000000	1578.870259
17000000	31000000	1695.958282
17500000	31000000	1659.417875
18000000	31000000	1558.656947
18500000	31000000	2058.251580
19000000	31000000	1809.060590
19500000	31000000	1691.726883
20000000	31000000	1356.631228
20500000	31000000	1184.405148
21000000	31000000	1298.939002
21500000	31000000	1304.998371
22000000	31000000	1374.974550
22500000	31000000	1512.251009
23000000	31000000	1404.434902
23500000	31000000	1466.571083
24000000	31000000	1635.242893
24500000	31000000	1879.199614
25000000	31000000	2150.477345
25500000	31000000	2341.360977
26000000	31000000	2132.489618
26500000	31000000	1363.624264
27000000	31000000	3162.271672
27500000	31000000	3597.327446
28000000	31000000	4397.678325
28500000	31000000	4023.514089
29000000	31000000	4354.379731
29500000	31000000	6882.518789
30000000	31000000	10227.800585
30500000	31000000	27214.826484
31000000	31000000	101768.953227
9000000	31500000	104.732395
9500000	31500000	468.945910
10000000	31500000	535.637571
10500000	31500000	885.725160
11000000	31500000	991.324178
14000000	31500000	1317.578888
14500000	31500000	2185.543376
15000000	31500000	1265.224015
15500000	31500000	923.509972
16000000	31500000	687.987349
16500000	31500000	1244.129514
17000000	31500000	1486.894665
17500000	31500000	2105.001296
18000000	31500000	2321.832936
18500000	31500000	2041.157488
19000000	31500000	1568.220872
19500000	31500000	2082.148188
20000000	31500000	1944.483212
20500000	31500000	1851.285395
21000000	31500000	1869.608217
21500000	31500000	1922.610856
22000000	31500000	1931.286942
22500000	31500000	1930.984071
23000000	31500000	1901.408511
23500000	31500000	1898.826454
24000000	31500000	1968.550040
24500000	31500000	1954.063966
25000000	31500000	1911.920327
25500000	31500000	1916.786381
26000000	31500000	1531.708571
26500000	31500000	914.046503
27000000	31500000	1591.964959
27500000	31500000	3102.429812
28000000	31500000	4198.159919
28500000	31500000	4590.504809
29000000	31500000	4722.692868
29500000	31500000	5785.636227
30000000	31500000	3914.541696
30500000	31500000	5145.315844
31000000	31500000	23124.997046
31500000	31500000	106979.091237
9000000	32000000	91.497972
9500000	32000000	288.643778
10000000	32000000	425.411061
10500000	32000000	652.894783
11000000	32000000	712.270609
14000000	32000000	669.234947
14500000	32000000	1531.339546
15000000	32000000	1475.374678
15500000	32000000	1216.142818
16000000	32000000	984.699575
16500000	32000000	1260.106034
17000000	32000000	1489.939853
17500000	32000000	1577.193016
18000000	32000000	1727.288563
18500000	32000000	1828.789084
19000000	32000000	1733.959804
19500000	32000000	1510.540012
20000000	32000000	1452.776924
20500000	32000000	1309.403900
21000000	32000000	1327.265135
21500000	32000000	1302.023912
22000000	32000000	1359.974786
22500000	32000000	1349.839820
23000000	32000000	1348.170441
23500000	32000000	1358.360554
24000000	32000000	1293.012913
24500000	32000000	1495.681807
25000000	32000000	1562.633274
25500000	32000000	1562.686383
26000000	32000000	1466.023658
26500000	32000000	1242.179188
27000000	32000000	1888.398028
27500000	32000000	2426.562005
28000000	32000000	2874.041849
28500000	32000000	2988.799033
29000000	32000000	3060.766798
29500000	32000000	3715.825427
30000000	32000000	3897.412256
30500000	32000000	5642.952268
31000000	32000000	13191.794572
31500000	32000000	32558.869796
32000000	32000000	100293.420633
9500000	32500000	261.576489
10000000	32500000	333.927099
10500000	32500000	382.952850
11000000	32500000	341.076509
14000000	32500000	475.550174
14500000	32500000	931.763185
15000000	32500000	1416.998923
15500000	32500000	1203.718143
16000000	32500000	1219.679229
16500000	32500000	1165.366468
17000000	32500000	1231.084941
17500000	32500000	953.086926
18000000	32500000	970.099913
18500000	32500000	1523.320756
19000000	32500000	1686.775228
19500000	32500000	929.224660
20000000	32500000	804.509007
20500000	32500000	869.526949
21000000	32500000	785.643722
21500000	32500000	765.888968
22000000	32500000	797.205616
22500000	32500000	852.770182
23000000	32500000	775.783722
23500000	32500000	824.392425
24000000	32500000	831.885454
24500000	32500000	1018.493815
25000000	32500000	1098.991160
25500000	32500000	1105.269290
26000000	32500000	1297.320450
26500000	32500000	1716.942547
27000000	32500000	1980.994202
27500000	32500000	1776.243097
28000000	32500000	1774.248230
28500000	32500000	1608.911239
29000000	32500000	1671.671672
29500000	32500000	2023.295820
30000000	32500000	3905.702465
30500000	32500000	5654.565119
31000000	32500000	7118.456074
31500000	32500000	9474.586238
32000000	32500000	30443.252232
32500000	32500000	118827.572242
9500000	33000000	143.281019
10000000	33000000	290.947355
10500000	33000000	323.870719
11000000	33000000	328.678737
14000000	33000000	377.605399
14500000	33000000	733.996592
15000000	33000000	1202.492239
15500000	33000000	1169.836291
16000000	33000000	1086.244943
16500000	33000000	1099.389405
17000000	33000000	1205.890551
17500000	33000000	917.997990
18000000	33000000	814.317945
18500000	33000000	1298.935627
19000000	33000000	1449.404094
19500000	33000000	791.208556
20000000	33000000	658.425535
20500000	33000000	652.717345
21000000	33000000	641.389187
21500000	33000000	615.249236
22000000	33000000	675.618050
22500000	33000000	701.221654
23000000	33000000	667.266825
23500000	33000000	679.401846
24000000	33000000	679.911539
24500000	33000000	810.185020
25000000	33000000	922.591074
25500000	33000000	972.463461
26000000	33000000	1077.045384
26500000	33000000	1396.505014
27000000	33000000	1871.451947
27500000	33000000	1647.272273
28000000	33000000	1420.904018
28500000	33000000	1224.242456
29000000	33000000	1279.542598
29500000	33000000	1717.194431
30000000	33000000	3420.364224
30500000	33000000	4132.399464
31000000	33000000	4543.242099
31500000	33000000	5142.315736
32000000	33000000	10139.864641
32500000	33000000	23627.430420
33000000	33000000	105188.954708
9000000	33500000	38.768263
9500000	33500000	126.245340
10000000	33500000	72.099730
10500000	33500000	242.483057
11000000	33500000	154.326226
14000000	33500000	215.504863
14500000	33500000	461.516666
15000000	33500000	1127.637910
15500000	33500000	971.861228
16000000	33500000	1004.741979
16500000	33500000	867.927854
17000000	33500000	989.895242
17500000	33500000	661.299846
18000000	33500000	571.100435
18500000	33500000	984.075114
19000000	33500000	1191.280869
19500000	33500000	559.306031
20000000	33500000	506.410474
20500000	33500000	463.683430
21000000	33500000	496.696251
21500000	33500000	476.251261
22000000	33500000	484.813678
22500000	33500000	510.089904
23000000	33500000	511.098953
23500000	33500000	522.914819
24000000	33500000	559.126027
24500000	33500000	645.748742
25000000	33500000	682.484651
25500000	33500000	761.675021
26000000	33500000	986.973603
26500000	33500000	1160.050230
27000000	33500000	1782.901816
27500000	33500000	1273.753566
28000000	33500000	992.453828
28500000	33500000	898.511607
29000000	33500000	944.118464
29500000	33500000	1200.023021
30000000	33500000	2678.110839
30500000	33500000	3037.723103
31000000	33500000	3212.501209
31500000	33500000	2931.304640
32000000	33500000	5048.939195
32500000	33500000	9405.450914
33000000	33500000	40933.329060
33500000	33500000	107284.501893
9000000	34000000	38.094029
9500000	34000000	116.296651
10000000	34000000	17.711454
10500000	34000000	104.031610
11000000	34000000	124.683654
14000000	34000000	144.886326
14500000	34000000	266.758976
15000000	34000000	592.527670
15500000	34000000	683.198178
16000000	34000000	694.434370
16500000	34000000	620.769890
17000000	34000000	709.189724
17500000	34000000	375.977667
18000000	34000000	335.817201
18500000	34000000	647.581346
19000000	34000000	780.636238
19500000	34000000	346.940891
20000000	34000000	284.191542
20500000	34000000	311.516480
21000000	34000000	296.088534
21500000	34000000	294.333192
22000000	34000000	307.831657
22500000	34000000	329.126470
23000000	34000000	337.620331
23500000	34000000	341.434911
24000000	34000000	335.335615
24500000	34000000	445.558527
25000000	34000000	466.473522
25500000	34000000	546.570154
26000000	34000000	685.056416
26500000	34000000	947.257540
27000000	34000000	1255.573783
27500000	34000000	786.411688
28000000	34000000	575.864623
28500000	34000000	494.415746
29000000	34000000	481.689840
29500000	34000000	629.009827
30000000	34000000	1817.213932
30500000	34000000	2064.556855
31000000	34000000	1560.611662
31500000	34000000	1223.138453
32000000	34000000	1990.587867
32500000	34000000	3543.681869
33000000	34000000	8773.945028
33500000	34000000	26304.302222
34000000	34000000	122390.547324
9000000	34500000	35.117070
9500000	34500000	71.472225
10000000	34500000	81.636727
10500000	34500000	86.620964
11000000	34500000	118.046400
14000000	34500000	51.370691
14500000	34500000	108.201448
15000000	34500000	493.421452
15500000	34500000	776.762989
16000000	34500000	781.801776
16500000	34500000	387.363004
17000000	34500000	498.148310
17500000	34500000	244.655920
18000000	34500000	155.805269
18500000	34500000	409.098239
19000000	34500000	655.391422
19500000	34500000	200.010598
20000000	34500000	183.882150
20500000	34500000	209.030098
21000000	34500000	180.966786
21500000	34500000	176.658433
22000000	34500000	192.595059
22500000	34500000	185.414779
23000000	34500000	221.755712
23500000	34500000	194.798005
24000000	34500000	230.389277
24500000	34500000	278.114952
25000000	34500000	290.197344
25500000	34500000	328.270448
26000000	34500000	493.803652
26500000	34500000	1451.534642
27000000	34500000	989.963264
27500000	34500000	473.330697
28000000	34500000	298.501171
28500000	34500000	268.104885
29000000	34500000	305.429084
29500000	34500000	404.301991
30000000	34500000	1847.736413
30500000	34500000	2119.402079
31000000	34500000	745.847583
31500000	34500000	632.113060
32000000	34500000	1126.468419
32500000	34500000	2441.138862
33000000	34500000	4195.913612
33500000	34500000	9234.962181
34000000	34500000	44288.575258
34500000	34500000	145086.684939
9000000	35000000	35.588655
9500000	35000000	72.432022
10000000	35000000	66.186417
10500000	35000000	100.324791
11000000	35000000	132.224443
14000000	35000000	72.884763
14500000	35000000	239.246138
15000000	35000000	590.462091
15500000	35000000	702.092034
16000000	35000000	785.194716
16500000	35000000	522.645553
17000000	35000000	605.805501
17500000	35000000	322.717366
18000000	35000000	239.426380
18500000	35000000	511.027910
19000000	35000000	717.591387
19500000	35000000	277.273554
20000000	35000000	257.485666
20500000	35000000	296.967971
21000000	35000000	276.615334
21500000	35000000	249.258310
22000000	35000000	264.013499
22500000	35000000	279.344961
23000000	35000000	286.831116
23500000	35000000	267.028326
24000000	35000000	308.355400
24500000	35000000	359.082590
25000000	35000000	411.732144
25500000	35000000	503.853610
26000000	35000000	656.194319
26500000	35000000	1189.393609
27000000	35000000	980.487488
27500000	35000000	568.316400
28000000	35000000	399.524509
28500000	35000000	373.594721
29000000	35000000	426.199930
29500000	35000000	513.961244
30000000	35000000	1355.915914
30500000	35000000	1681.886270
31000000	35000000	1003.131798
31500000	35000000	832.873299
32000000	35000000	1205.283052
32500000	35000000	2096.353510
33000000	35000000	3197.362191
33500000	35000000	5471.828055
34000000	35000000	10616.776511
34500000	35000000	18901.398182
35000000	35000000	120343.929171
9500000	35500000	42.174931
10000000	35500000	112.403398
10500000	35500000	155.167577
11000000	35500000	168.034193
14000000	35500000	131.357410
14500000	35500000	280.546083
15000000	35500000	603.454403
15500000	35500000	682.032425
16000000	35500000	657.863790
16500000	35500000	535.754137
17000000	35500000	580.615018
17500000	35500000	340.870350
18000000	35500000	300.453859
18500000	35500000	531.920947
19000000	35500000	680.058442
19500000	35500000	353.515080
20000000	35500000	306.268975
20500000	35500000	303.562385
21000000	35500000	270.407551
21500000	35500000	287.007212
22000000	35500000	292.813163
22500000	35500000	290.592785
23000000	35500000	310.877401
23500000	35500000	328.711068
24000000	35500000	310.715629
24500000	35500000	449.703032
25000000	35500000	416.862045
25500000	35500000	470.193796
26000000	35500000	597.891257
26500000	35500000	867.179117
27000000	35500000	867.142084
27500000	35500000	571.138200
28000000	35500000	408.259333
28500000	35500000	406.814352
29000000	35500000	424.002999
29500000	35500000	515.340579
30000000	35500000	1023.863151
30500000	35500000	1272.474105
31000000	35500000	953.424163
31500000	35500000	825.062607
32000000	35500000	1163.484666
32500000	35500000	1682.037188
33000000	35500000	2702.632314
33500000	35500000	3848.876872
34000000	35500000	6033.477096
34500000	35500000	7621.548268
35000000	35500000	50195.718870
35500000	35500000	113702.033786
9500000	36000000	90.027735
10000000	36000000	110.741216
10500000	36000000	137.885462
11000000	36000000	138.459466
14000000	36000000	99.549956
14500000	36000000	228.742729
15000000	36000000	536.312586
15500000	36000000	625.161372
16000000	36000000	629.112683
16500000	36000000	534.494262
17000000	36000000	564.050995
17500000	36000000	301.023801
18000000	36000000	265.423064
18500000	36000000	527.995349
19000000	36000000	680.492611
19500000	36000000	287.954168
20000000	36000000	239.476172
20500000	36000000	283.930452
21000000	36000000	246.064909
21500000	36000000	237.369650
22000000	36000000	254.225771
22500000	36000000	269.963301
23000000	36000000	281.777834
23500000	36000000	262.259060
24000000	36000000	291.050309
24500000	36000000	395.103523
25000000	36000000	427.739029
25500000	36000000	491.904332
26000000	36000000	580.203043
26500000	36000000	846.695834
27000000	36000000	898.519381
27500000	36000000	544.852753
28000000	36000000	395.476272
28500000	36000000	364.615322
29000000	36000000	385.862353
29500000	36000000	468.201939
30000000	36000000	955.100716
30500000	36000000	1234.039142
31000000	36000000	968.580337
31500000	36000000	730.965817
32000000	36000000	1087.671545
32500000	36000000	1587.355389
33000000	36000000	2161.627289
33500000	36000000	2857.999536
34000000	36000000	3694.958232
34500000	36000000	3911.586288
35000000	36000000	10182.949354
35500000	36000000	26353.033615
36000000	36000000	103202.880295
9500000	36500000	84.467475
10000000	36500000	96.480110
10500000	36500000	168.180261
11000000	36500000	205.593504
14000000	36500000	218.559716
14500000	36500000	406.874660
15000000	36500000	546.555996
15500000	36500000	554.105624
16000000	36500000	512.937728
16500000	36500000	705.201821
17000000	36500000	564.395432
17500000	36500000	525.500188
18000000	36500000	432.053341
18500000	36500000	655.535491
19000000	36500000	631.246283
19500000	36500000	445.994341
20000000	36500000	378.550522
20500000	36500000	364.782792
21000000	36500000	372.205736
21500000	36500000	361.037528
22000000	36500000	378.255671
22500000	36500000	398.413337
23000000	36500000	409.206173
23500000	36500000	413.178289
24000000	36500000	450.352100
24500000	36500000	470.214785
25000000	36500000	570.563582
25500000	36500000	630.430714
26000000	36500000	642.936161
26500000	36500000	554.810276
27000000	36500000	889.137977
27500000	36500000	750.692459
28000000	36500000	578.016778
28500000	36500000	570.334236
29000000	36500000	588.647235
29500000	36500000	711.480532
30000000	36500000	885.635793
30500000	36500000	1052.846930
31000000	36500000	1424.415189
31500000	36500000	1147.665704
32000000	36500000	1360.065123
32500000	36500000	1418.333211
33000000	36500000	2451.633999
33500000	36500000	2811.716265
34000000	36500000	3085.171051
34500000	36500000	2199.862336
35000000	36500000	5854.081706
35500000	36500000	10945.164871
36000000	36500000	48559.771612
36500000	36500000	110938.576517
9500000	37000000	78.303997
10000000	37000000	71.552069
10500000	37000000	125.404561
11000000	37000000	139.540295
14000000	37000000	135.074472
14500000	37000000	301.748451
15000000	37000000	580.481462
15500000	37000000	581.140818
16000000	37000000	617.624426
16500000	37000000	607.705869
17000000	37000000	552.079140
17500000	37000000	412.699120
18000000	37000000	338.049242
18500000	37000000	645.126409
19000000	37000000	631.050950
19500000	37000000	403.114465
20000000	37000000	320.601071
20500000	37000000	344.585939
21000000	37000000	315.470980
21500000	37000000	344.316869
22000000	37000000	342.500099
22500000	37000000	387.808734
23000000	37000000	351.641835
23500000	37000000	376.289708
24000000	37000000	348.263770
24500000	37000000	421.807452
25000000	37000000	502.917358
25500000	37000000	578.156092
26000000	37000000	582.684419
26500000	37000000	634.247207
27000000	37000000	875.728328
27500000	37000000	706.841649
28000000	37000000	517.724096
28500000	37000000	451.088526
29000000	37000000	521.241150
29500000	37000000	601.282155
30000000	37000000	1000.051278
30500000	37000000	1152.049554
31000000	37000000	1248.955389
31500000	37000000	962.455439
32000000	37000000	1203.160789
32500000	37000000	1512.527468
33000000	37000000	2388.254815
33500000	37000000	3079.870426
34000000	37000000	3310.090755
34500000	37000000	2575.766729
35000000	37000000	6677.531775
35500000	37000000	11628.497947
36000000	37000000	29078.538846
36500000	37000000	38577.842596
37000000	37000000	106111.759766
9000000	37500000	34.543471
9500000	37500000	56.243844
10000000	37500000	96.363937
10500000	37500000	88.249181
11000000	37500000	88.616554
14000000	37500000	90.956894
14500000	37500000	193.516541
15000000	37500000	580.285148
15500000	37500000	693.863090
16000000	37500000	745.581611
16500000	37500000	486.252862
17000000	37500000	571.815201
17500000	37500000	289.364683
18000000	37500000	230.391395
18500000	37500000	451.218022
19000000	37500000	722.077090
19500000	37500000	212.520259
20000000	37500000	176.988776
20500000	37500000	239.244579
21000000	37500000	222.267746
21500000	37500000	203.535125
22000000	37500000	206.838292
22500000	37500000	234.078589
23000000	37500000	223.873936
23500000	37500000	231.956448
24000000	37500000	257.225431
24500000	37500000	322.250589
25000000	37500000	355.524082
25500000	37500000	433.673645
26000000	37500000	540.374077
26500000	37500000	1082.682880
27000000	37500000	989.197196
27500000	37500000	522.195722
28000000	37500000	332.147780
28500000	37500000	287.272626
29000000	37500000	292.351463
29500000	37500000	351.474476
30000000	37500000	1230.916855
30500000	37500000	1487.938286
31000000	37500000	780.221412
31500000	37500000	590.831456
32000000	37500000	811.347453
32500000	37500000	1528.484384
33000000	37500000	1965.260820
33500000	37500000	2708.276328
34000000	37500000	3334.834051
34500000	37500000	4087.301018
35000000	37500000	5524.121096
35500000	37500000	6101.714468
36000000	37500000	8797.686782
36500000	37500000	7237.634440
37000000	37500000	22746.064732
37500000	37500000	123798.893022
9500000	38000000	74.385025
10000000	38000000	67.971018
10500000	38000000	160.984177
11000000	38000000	161.654338
14000000	38000000	139.007094
14500000	38000000	373.664174
15000000	38000000	691.655458
15500000	38000000	714.467964
16000000	38000000	704.931827
16500000	38000000	623.410986
17000000	38000000	670.985687
17500000	38000000	399.117243
18000000	38000000	292.514904
18500000	38000000	598.449139
19000000	38000000	730.930278
19500000	38000000	352.500553
20000000	38000000	279.861876
20500000	38000000	314.124448
21000000	38000000	322.574624
21500000	38000000	284.421248
22000000	38000000	346.661834
22500000	38000000	335.377798
23000000	38000000	318.859037
23500000	38000000	309.440468
24000000	38000000	316.669664
24500000	38000000	455.290402
25000000	38000000	471.340686
25500000	38000000	563.124746
26000000	38000000	620.831681
26500000	38000000	822.747452
27000000	38000000	1038.811743
27500000	38000000	656.295659
28000000	38000000	436.563241
28500000	38000000	410.574639
29000000	38000000	482.927954
29500000	38000000	525.973787
30000000	38000000	1149.893652
30500000	38000000	1375.806544
31000000	38000000	1043.768008
31500000	38000000	738.354029
32000000	38000000	964.717339
32500000	38000000	1580.038177
33000000	38000000	2182.059676
33500000	38000000	2888.316876
34000000	38000000	3095.412070
34500000	38000000	2584.917367
35000000	38000000	3997.177737
35500000	38000000	4275.910184
36000000	38000000	5089.510321
36500000	38000000	5538.745265
37000000	38000000	9985.224624
37500000	38000000	40370.154112
38000000	38000000	112719.376475
9500000	38500000	74.645689
10000000	38500000	17.052302
10500000	38500000	122.776713
11000000	38500000	107.065739
14000000	38500000	150.224534
14500000	38500000	308.197471
15000000	38500000	884.237882
15500000	38500000	973.502784
16000000	38500000	1005.448313
16500000	38500000	620.807858
17000000	38500000	795.449196
17500000	38500000	398.487925
18000000	38500000	248.870829
18500000	38500000	665.102859
19000000	38500000	1019.952927
19500000	38500000	282.791578
20000000	38500000	253.997337
20500000	38500000	299.923026
21000000	38500000	285.069250
21500000	38500000	259.934190
22000000	38500000	257.506441
22500000	38500000	311.699901
23000000	38500000	274.265487
23500000	38500000	276.260019
24000000	38500000	317.779356
24500000	38500000	418.639756
25000000	38500000	403.191568
25500000	38500000	458.456997
26000000	38500000	662.739840
26500000	38500000	1304.496304
27000000	38500000	1187.513543
27500000	38500000	655.390644
28000000	38500000	374.469597
28500000	38500000	351.011415
29000000	38500000	402.418847
29500000	38500000	462.997311
30000000	38500000	1580.949550
30500000	38500000	1770.122998
31000000	38500000	823.281667
31500000	38500000	666.753363
32000000	38500000	976.302178
32500000	38500000	1594.387556
33000000	38500000	2038.208248
33500000	38500000	2398.563705
34000000	38500000	2507.141246
34500000	38500000	3019.692386
35000000	38500000	3164.911031
35500000	38500000	2806.299232
36000000	38500000	3171.191569
36500000	38500000	2494.024585
37000000	38500000	3941.712510
37500000	38500000	11247.136740
38000000	38500000	29503.253215
38500000	38500000	134468.369221
9000000	39000000	83.157870
9500000	39000000	203.097061
10000000	39000000	309.307645
10500000	39000000	358.960077
11000000	39000000	268.501741
14000000	39000000	486.586985
14500000	39000000	803.608596
15000000	39000000	1011.059405
15500000	39000000	809.496925
16000000	39000000	750.490691
16500000	39000000	976.987553
17000000	39000000	922.251812
17500000	39000000	865.576103
18000000	39000000	864.499922
18500000	39000000	1166.161938
19000000	39000000	1012.717580
19500000	39000000	802.041213
20000000	39000000	678.906109
20500000	39000000	664.994403
21000000	39000000	609.652868
21500000	39000000	622.873219
22000000	39000000	653.257768
22500000	39000000	645.684743
23000000	39000000	689.797927
23500000	39000000	655.510659
24000000	39000000	651.456529
24500000	39000000	787.485172
25000000	39000000	871.485259
25500000	39000000	899.376442
26000000	39000000	818.895676
26500000	39000000	622.076539
27000000	39000000	1127.788031
27500000	39000000	1213.503571
28000000	39000000	1049.980414
28500000	39000000	994.263242
29000000	39000000	1016.739071
29500000	39000000	1225.087158
30000000	39000000	1237.250840
30500000	39000000	1214.097043
31000000	39000000	1977.774748
31500000	39000000	1769.398081
32000000	39000000	1859.249860
32500000	39000000	1985.037207
33000000	39000000	2518.986178
33500000	39000000	2527.660776
34000000	39000000	1857.935581
34500000	39000000	1014.508843
35000000	39000000	1833.418778
35500000	39000000	2037.628423
36000000	39000000	2533.236681
36500000	39000000	3630.657782
37000000	39000000	4158.084977
37500000	39000000	4565.513527
38000000	39000000	10822.322104
38500000	39000000	22337.136907
39000000	39000000	111297.112796
9500000	39500000	179.881708
10000000	39500000	285.862656
10500000	39500000	287.743664
11000000	39500000	299.139449
14000000	39500000	224.852263
14500000	39500000	737.314585
15000000	39500000	1173.507572
15500000	39500000	920.432358
16000000	39500000	896.161934
16500000	39500000	936.375558
17000000	39500000	1065.883885
17500000	39500000	735.162163
18000000	39500000	727.655397
18500000	39500000	1108.918253
19000000	39500000	1157.899162
19500000	39500000	697.887962
20000000	39500000	576.601414
20500000	39500000	544.044843
21000000	39500000	584.229416
21500000	39500000	535.075899
22000000	39500000	549.781878
22500000	39500000	580.468140
23000000	39500000	577.911934
23500000	39500000	601.336491
24000000	39500000	569.101280
24500000	39500000	732.127261
25000000	39500000	828.522887
25500000	39500000	907.433874
26000000	39500000	973.298327
26500000	39500000	1073.990355
27000000	39500000	1174.174787
27500000	39500000	1088.783040
28000000	39500000	882.782100
28500000	39500000	853.937665
29000000	39500000	881.826249
29500000	39500000	1037.147697
30000000	39500000	1388.549385
30500000	39500000	1541.596320
31000000	39500000	1773.393041
31500000	39500000	1526.065242
32000000	39500000	1736.373318
32500000	39500000	1979.465718
33000000	39500000	2387.575389
33500000	39500000	2263.225633
34000000	39500000	1813.019038
34500000	39500000	1330.206475
35000000	39500000	1820.830320
35500000	39500000	1941.582915
36000000	39500000	2284.960763
36500000	39500000	2680.937022
37000000	39500000	3043.387516
37500000	39500000	3546.393556
38000000	39500000	6479.159062
38500000	39500000	10234.836232
39000000	39500000	34947.921972
39500000	39500000	108602.208093
9500000	40000000	283.817521
10000000	40000000	216.120629
10500000	40000000	245.695314
11000000	40000000	301.544369
14000000	40000000	328.656934
14500000	40000000	553.362803
15000000	40000000	1319.512487
15500000	40000000	1035.899109
16000000	40000000	882.483975
16500000	40000000	1028.180612
17000000	40000000	1055.379887
17500000	40000000	741.072471
18000000	40000000	627.916528
18500000	40000000	1223.695587
19000000	40000000	1259.565574
19500000	40000000	653.546042
20000000	40000000	540.888445
20500000	40000000	575.354755
21000000	40000000	507.314795
21500000	40000000	582.441703
22000000	40000000	543.938831
22500000	40000000	506.387679
23000000	40000000	541.789701
23500000	40000000	556.410613
24000000	40000000	568.315085
24500000	40000000	715.086725
25000000	40000000	772.132725
25500000	40000000	776.835575
26000000	40000000	841.801959
26500000	40000000	853.891692
27000000	40000000	1326.309163
27500000	40000000	1174.541512
28000000	40000000	932.117256
28500000	40000000	822.779670
29000000	40000000	862.999748
29500000	40000000	966.267517
30000000	40000000	1530.419443
30500000	40000000	1641.883651
31000000	40000000	1824.555329
31500000	40000000	1248.718560
32000000	40000000	1623.823619
32500000	40000000	2026.881781
33000000	40000000	2606.778813
33500000	40000000	2538.420187
34000000	40000000	1865.113457
34500000	40000000	1133.380284
35000000	40000000	1579.999596
35500000	40000000	1767.491080
36000000	40000000	1962.406750
36500000	40000000	2400.641480
37000000	40000000	2500.192284
37500000	40000000	2630.800072
38000000	40000000	4080.732063
38500000	40000000	5448.233419
39000000	40000000	12188.434843
39500000	40000000	27161.761157
40000000	40000000	115031.897000
9000000	40500000	75.692979
9500000	40500000	200.270963
10000000	40500000	123.174541
10500000	40500000	233.383611
11000000	40500000	304.661713
14000000	40500000	398.616471
14500000	40500000	651.962836
15000000	40500000	1577.655301
15500000	40500000	1294.166533
16000000	40500000	1187.904870
16500000	40500000	1075.376877
17000000	40500000	1363.906158
17500000	40500000	794.153217
18000000	40500000	644.222881
18500000	40500000	1284.993501
19000000	40500000	1656.921159
19500000	40500000	704.624463
20000000	40500000	548.707876
20500000	40500000	591.614354
21000000	40500000	549.538103
21500000	40500000	561.699959
22000000	40500000	581.580886
22500000	40500000	583.448758
23000000	40500000	545.067952
23500000	40500000	573.463258
24000000	40500000	555.260936
24500000	40500000	643.195009
25000000	40500000	768.612925
25500000	40500000	820.698374
26000000	40500000	950.386749
26500000	40500000	1361.190215
27000000	40500000	1770.595395
27500000	40500000	1237.680768
28000000	40500000	980.111638
28500000	40500000	825.551211
29000000	40500000	903.946212
29500000	40500000	1048.226176
30000000	40500000	2389.197649
30500000	40500000	2068.738405
31000000	40500000	1660.401881
31500000	40500000	1307.250221
32000000	40500000	1742.298551
32500000	40500000	2189.479204
33000000	40500000	2720.603040
33500000	40500000	2774.971559
34000000	40500000	1928.013082
34500000	40500000	1751.999140
35000000	40500000	1742.597738
35500000	40500000	1565.195565
36000000	40500000	1571.014595
36500000	40500000	1543.697739
37000000	40500000	2003.478670
37500000	40500000	2767.255730
38000000	40500000	3495.302064
38500000	40500000	5585.747034
39000000	40500000	6388.576990
39500000	40500000	12025.555728
40000000	40500000	29971.904552
40500000	40500000	105914.743096
9000000	41000000	47.996119
9500000	41000000	547.032565
10000000	41000000	580.198734
10500000	41000000	1285.364834
11000000	41000000	1176.079749
14000000	41000000	1025.076115
14500000	41000000	2184.648671
15000000	41000000	1393.556607
15500000	41000000	849.310244
16000000	41000000	602.782009
16500000	41000000	902.218597
17000000	41000000	1021.826088
17500000	41000000	1484.817663
18000000	41000000	1952.703168
18500000	41000000	1715.194606
19000000	41000000	1174.936829
19500000	41000000	1527.999978
20000000	41000000	1541.700895
20500000	41000000	1345.685070
21000000	41000000	1317.301490
21500000	41000000	1434.009784
22000000	41000000	1345.390368
22500000	41000000	1267.074652
23000000	41000000	1458.258267
23500000	41000000	1287.758030
24000000	41000000	1255.548736
24500000	41000000	1010.477088
25000000	41000000	995.170930
25500000	41000000	877.760960
26000000	41000000	699.862165
26500000	41000000	515.293337
27000000	41000000	844.014311
27500000	41000000	1698.565786
28000000	41000000	2111.242540
28500000	41000000	2184.192361
29000000	41000000	2154.653348
29500000	41000000	2234.548601
30000000	41000000	1185.276578
30500000	41000000	837.315912
31000000	41000000	1783.364863
31500000	41000000	2795.816672
32000000	41000000	2241.755349
32500000	41000000	1665.990767
33000000	41000000	1712.714631
33500000	41000000	1189.126818
34000000	41000000	721.450761
34500000	41000000	388.988278
35000000	41000000	624.725767
35500000	41000000	726.220239
36000000	41000000	721.070843
36500000	41000000	1225.257493
37000000	41000000	1085.289529
37500000	41000000	762.026507
38000000	41000000	1127.894494
38500000	41000000	1143.036289
39000000	41000000	4376.350101
39500000	41000000	5036.624322
40000000	41000000	7151.597510
40500000	41000000	19824.216965
41000000	41000000	109355.083204
9000000	41500000	52.177784
9500000	41500000	615.931842
10000000	41500000	776.305952
10500000	41500000	1521.459279
11000000	41500000	1292.392839
14000000	41500000	1633.415004
14500000	41500000	2353.063376
15000000	41500000	1098.353479
15500000	41500000	696.638878
16000000	41500000	507.362198
16500000	41500000	887.736945
17000000	41500000	1041.118603
17500000	41500000	1696.406271
18000000	41500000	2251.443226
18500000	41500000	1563.728175
19000000	41500000	1070.317942
19500000	41500000	1718.600669
20000000	41500000	1830.256809
20500000	41500000	1596.449172
21000000	41500000	1504.863482
21500000	41500000	1718.468238
22000000	41500000	1607.762409
22500000	41500000	1479.121377
23000000	41500000	1591.089638
23500000	41500000	1483.738005
24000000	41500000	1444.379366
24500000	41500000	1155.867156
25000000	41500000	1102.781063
25500000	41500000	883.341740
26000000	41500000	655.699653
26500000	41500000	438.211817
27000000	41500000	701.060127
27500000	41500000	1678.995813
28000000	41500000	2244.755273
28500000	41500000	2499.688070
29000000	41500000	2417.431490
29500000	41500000	2238.214866
30000000	41500000	1005.102918
30500000	41500000	657.954268
31000000	41500000	1824.768396
31500000	41500000	2921.834288
32000000	41500000	2182.623544
32500000	41500000	1468.778864
33000000	41500000	1302.157117
33500000	41500000	1016.775820
34000000	41500000	597.706234
34500000	41500000	313.575461
35000000	41500000	476.679674
35500000	41500000	587.713520
36000000	41500000	587.703615
36500000	41500000	897.887834
37000000	41500000	838.259579
37500000	41500000	593.112119
38000000	41500000	875.563855
38500000	41500000	826.232275
39000000	41500000	3237.528859
39500000	41500000	3398.008400
40000000	41500000	3961.954461
40500000	41500000	7611.546192
41000000	41500000	33844.196025
41500000	41500000	111616.631874
9000000	42000000	48.391301
9500000	42000000	630.327581
10000000	42000000	494.979591
10500000	42000000	1240.529231
11000000	42000000	1147.236562
14000000	42000000	1033.516220
14500000	42000000	2148.417537
15000000	42000000	1134.060450
15500000	42000000	800.373446
16000000	42000000	554.603634
16500000	42000000	966.500084
17000000	42000000	1105.124679
17500000	42000000	1705.746175
18000000	42000000	2043.154071
18500000	42000000	1680.003906
19000000	42000000	1110.013173
19500000	42000000	1591.283640
20000000	42000000	1566.655483
20500000	42000000	1380.992899
21000000	42000000	1362.591337
21500000	42000000	1418.917982
22000000	42000000	1375.699410
22500000	42000000	1296.635736
23000000	42000000	1356.342951
23500000	42000000	1287.058582
24000000	42000000	1280.621656
24500000	42000000	1032.435504
25000000	42000000	1083.343160
25500000	42000000	948.107636
26000000	42000000	737.078867
26500000	42000000	486.855580
27000000	42000000	846.272530
27500000	42000000	1784.436025
28000000	42000000	2091.449747
28500000	42000000	2169.189747
29000000	42000000	2050.985973
29500000	42000000	2216.293912
30000000	42000000	1111.598537
30500000	42000000	853.210175
31000000	42000000	1900.376403
31500000	42000000	2624.305724
32000000	42000000	2132.480797
32500000	42000000	1662.714081
33000000	42000000	1687.023839
33500000	42000000	1220.015672
34000000	42000000	693.139555
34500000	42000000	334.027137
35000000	42000000	545.662376
35500000	42000000	694.609065
36000000	42000000	630.395537
36500000	42000000	1100.812928
37000000	42000000	999.550332
37500000	42000000	648.151596
38000000	42000000	1148.423263
38500000	42000000	972.811596
39000000	42000000	3626.319987
39500000	42000000	3704.235488
40000000	42000000	4693.641042
40500000	42000000	8319.146044
41000000	42000000	24023.487241
41500000	42000000	38808.129187
42000000	42000000	109244.260221
9500000	42500000	139.532146
10000000	42500000	106.250576
10500000	42500000	167.764262
11000000	42500000	188.678166
14000000	42500000	256.293567
14500000	42500000	570.766713
15000000	42500000	1092.039467
15500000	42500000	1077.750806
16000000	42500000	1066.949644
16500000	42500000	899.092523
17000000	42500000	938.578214
17500000	42500000	587.562206
18000000	42500000	513.580030
18500000	42500000	1058.535281
19000000	42500000	1205.591263
19500000	42500000	465.578600
20000000	42500000	382.788879
20500000	42500000	398.333986
21000000	42500000	375.198301
21500000	42500000	335.567218
22000000	42500000	370.344011
22500000	42500000	357.030478
23000000	42500000	352.331037
23500000	42500000	398.087369
24000000	42500000	438.603116
24500000	42500000	544.239982
25000000	42500000	591.337811
25500000	42500000	646.871220
26000000	42500000	804.597507
26500000	42500000	1038.111927
27000000	42500000	1310.742847
27500000	42500000	949.357132
28000000	42500000	661.659274
28500000	42500000	588.835821
29000000	42500000	614.113361
29500000	42500000	767.376323
30000000	42500000	1542.214305
30500000	42500000	1572.592123
31000000	42500000	1317.841122
31500000	42500000	901.105989
32000000	42500000	1264.352689
32500000	42500000	1655.735404
33000000	42500000	2160.335143
33500000	42500000	2352.954678
34000000	42500000	1779.251368
34500000	42500000	1284.436430
35000000	42500000	1479.970845
35500000	42500000	1438.165126
36000000	42500000	1534.761652
36500000	42500000	1484.741017
37000000	42500000	1721.039205
37500000	42500000	2071.451226
38000000	42500000	2367.276118
38500000	42500000	2609.850297
39000000	42500000	3334.266056
39500000	42500000	4252.317109
40000000	42500000	5965.900960
40500000	42500000	9038.616846
41000000	42500000	5882.350161
41500000	42500000	6009.079812
42000000	42500000	13691.899507
42500000	42500000	119750.545726
9000000	43000000	33.050970
9500000	43000000	40.360310
10000000	43000000	107.567124
10500000	43000000	107.729004
11000000	43000000	114.024900
14000000	43000000	164.384273
14500000	43000000	282.361947
15000000	43000000	692.302726
15500000	43000000	719.207361
16000000	43000000	711.387920
16500000	43000000	549.375743
17000000	43000000	537.034840
17500000	43000000	324.376573
18000000	43000000	217.561731
18500000	43000000	564.913466
19000000	43000000	688.161370
19500000	43000000	278.812817
20000000	43000000	230.751350
20500000	43000000	255.567595
21000000	43000000	233.366181
21500000	43000000	191.985322
22000000	43000000	178.636789
22500000	43000000	248.227742
23000000	43000000	188.570229
23500000	43000000	210.355241
24000000	43000000	268.069544
24500000	43000000	326.957327
25000000	43000000	327.748429
25500000	43000000	378.112802
26000000	43000000	496.259433
26500000	43000000	875.653639
27000000	43000000	933.641536
27500000	43000000	568.946806
28000000	43000000	346.464089
28500000	43000000	312.710246
29000000	43000000	321.733268
29500000	43000000	367.998092
30000000	43000000	1001.869888
30500000	43000000	1183.301265
31000000	43000000	696.589811
31500000	43000000	476.446097
32000000	43000000	706.795379
32500000	43000000	1036.050535
33000000	43000000	1327.937116
33500000	43000000	1573.802787
34000000	43000000	1585.831750
34500000	43000000	1571.431884
35000000	43000000	1440.700280
35500000	43000000	1290.963788
36000000	43000000	1305.416172
36500000	43000000	1131.461804
37000000	43000000	1311.281137
37500000	43000000	1924.808690
38000000	43000000	2135.744194
38500000	43000000	2406.982995
39000000	43000000	2088.376076
39500000	43000000	2503.267541
40000000	43000000	3242.036607
40500000	43000000	4267.255667
41000000	43000000	2062.427987
41500000	43000000	2151.049594
42000000	43000000	3822.547017
42500000	43000000	34669.372591
43000000	43000000	123135.941067
9500000	43500000	41.502846
10000000	43500000	81.266089
10500000	43500000	53.892311
11000000	43500000	46.385708
14000000	43500000	68.183285
14500000	43500000	93.838436
15000000	43500000	336.818651
15500000	43500000	534.067198
16000000	43500000	588.051650
16500000	43500000	305.491937
17000000	43500000	357.229658
17500000	43500000	185.236069
18000000	43500000	114.887333
18500000	43500000	277.296239
19000000	43500000	447.278516
19500000	43500000	132.265441
20000000	43500000	111.534203
20500000	43500000	126.404397
21000000	43500000	109.480497
21500000	43500000	102.825789
22000000	43500000	107.283301
22500000	43500000	144.763122
23000000	43500000	119.410967
23500000	43500000	136.930222
24000000	43500000	110.478308
24500000	43500000	198.689957
25000000	43500000	214.471385
25500000	43500000	223.236388
26000000	43500000	335.155734
26500000	43500000	873.201728
27000000	43500000	574.969732
27500000	43500000	285.101861
28000000	43500000	197.808530
28500000	43500000	163.627558
29000000	43500000	165.664134
29500000	43500000	175.049360
30000000	43500000	647.033813
30500000	43500000	923.231848
31000000	43500000	348.621087
31500000	43500000	242.418261
32000000	43500000	368.832203
32500000	43500000	699.962923
33000000	43500000	743.719751
33500000	43500000	940.420127
34000000	43500000	1122.117606
34500000	43500000	1640.176608
35000000	43500000	1268.322824
35500000	43500000	1010.451468
36000000	43500000	1048.338138
36500000	43500000	750.175764
37000000	43500000	845.045708
37500000	43500000	1658.161422
38000000	43500000	1445.163109
38500000	43500000	1965.852110
39000000	43500000	897.849392
39500000	43500000	1347.046773
40000000	43500000	1437.329447
40500000	43500000	1976.282358
41000000	43500000	721.256114
41500000	43500000	730.583862
42000000	43500000	1140.765107
42500000	43500000	9684.477929
43000000	43500000	40071.116699
43500000	43500000	143232.353614
9500000	44000000	50.898396
10000000	44000000	83.052811
10500000	44000000	53.503557
11000000	44000000	110.612944
14000000	44000000	73.166486
14500000	44000000	145.103252
15000000	44000000	275.996617
15500000	44000000	360.946021
16000000	44000000	362.371682
16500000	44000000	303.140207
17000000	44000000	267.216163
17500000	44000000	189.637914
18000000	44000000	120.175919
18500000	44000000	294.563124
19000000	44000000	307.678877
19500000	44000000	160.288503
20000000	44000000	130.749108
20500000	44000000	137.133289
21000000	44000000	129.179254
21500000	44000000	129.082660
22000000	44000000	145.768697
22500000	44000000	142.229803
23000000	44000000	155.348969
23500000	44000000	162.713751
24000000	44000000	195.815858
24500000	44000000	183.255982
25000000	44000000	232.606365
25500000	44000000	266.977581
26000000	44000000	310.400725
26500000	44000000	444.808042
27000000	44000000	440.535126
27500000	44000000	315.304105
28000000	44000000	218.684311
28500000	44000000	212.359622
29000000	44000000	236.630644
29500000	44000000	234.521757
30000000	44000000	470.940436
30500000	44000000	594.025280
31000000	44000000	395.166024
31500000	44000000	305.530562
32000000	44000000	349.236848
32500000	44000000	550.050934
33000000	44000000	775.443452
33500000	44000000	1019.902041
34000000	44000000	1247.714827
34500000	44000000	1121.990357
35000000	44000000	1137.057507
35500000	44000000	1050.364446
36000000	44000000	941.512879
36500000	44000000	876.504055
37000000	44000000	1010.810825
37500000	44000000	1406.583120
38000000	44000000	1482.469756
38500000	44000000	1387.077565
39000000	44000000	1005.232690
39500000	44000000	1086.114974
40000000	44000000	1363.483441
40500000	44000000	1541.079447
41000000	44000000	845.968976
41500000	44000000	824.881110
42000000	44000000	1216.424746
42500000	44000000	4881.557448
43000000	44000000	10579.414722
43500000	44000000	30750.782522
44000000	44000000	126948.375606
9500000	44500000	45.407174
10000000	44500000	103.729611
10500000	44500000	49.135136
11000000	44500000	55.918304
14000000	44500000	65.272850
14500000	44500000	78.115564
15000000	44500000	217.852777
15500000	44500000	280.087203
16000000	44500000	313.307042
16500000	44500000	203.057869
17000000	44500000	252.835007
17500000	44500000	142.891340
18000000	44500000	79.791816
18500000	44500000	172.236639
19000000	44500000	278.196850
19500000	44500000	101.895086
20000000	44500000	96.305342
20500000	44500000	122.043029
21000000	44500000	89.986041
21500000	44500000	83.709884
22000000	44500000	98.516895
22500000	44500000	117.586289
23000000	44500000	119.463127
23500000	44500000	120.500765
24000000	44500000	118.371643
24500000	44500000	126.805856
25000000	44500000	142.464561
25500000	44500000	167.732552
26000000	44500000	227.192834
26500000	44500000	432.693309
27000000	44500000	364.067550
27500000	44500000	219.320482
28000000	44500000	187.061270
28500000	44500000	151.066750
29000000	44500000	146.775974
29500000	44500000	142.698874
30000000	44500000	411.564473
30500000	44500000	503.461140
31000000	44500000	320.563242
31500000	44500000	201.841851
32000000	44500000	268.663280
32500000	44500000	450.159450
33000000	44500000	525.491719
33500000	44500000	670.318449
34000000	44500000	845.662153
34500000	44500000	1033.687904
35000000	44500000	980.276347
35500000	44500000	796.837988
36000000	44500000	707.724579
36500000	44500000	637.604692
37000000	44500000	677.817835
37500000	44500000	1068.931438
38000000	44500000	1034.616513
38500000	44500000	1168.939217
39000000	44500000	697.749254
39500000	44500000	737.782532
40000000	44500000	890.907283
40500000	44500000	1066.550981
41000000	44500000	549.757276
41500000	44500000	564.451864
42000000	44500000	713.530388
42500000	44500000	2624.498097
43000000	44500000	4968.914428
43500000	44500000	10610.384176
44000000	44500000	44833.111329
44500000	44500000	140791.368041
9500000	45000000	32.617848
10500000	45000000	50.825947
11000000	45000000	62.379203
14000000	45000000	28.132909
14500000	45000000	76.314543
15000000	45000000	201.086122
15500000	45000000	306.587733
16000000	45000000	297.593012
16500000	45000000	162.485306
17000000	45000000	187.133106
17500000	45000000	108.995430
18000000	45000000	83.652940
18500000	45000000	181.132943
19000000	45000000	241.125966
19500000	45000000	75.778815
20000000	45000000	71.285584
20500000	45000000	97.178354
21000000	45000000	83.044272
21500000	45000000	87.303140
22000000	45000000	95.962428
22500000	45000000	86.880431
23000000	45000000	80.784744
23500000	45000000	82.349614
24000000	45000000	97.601073
24500000	45000000	118.341564
25000000	45000000	146.082729
25500000	45000000	142.845047
26000000	45000000	196.536866
26500000	45000000	453.466317
27000000	45000000	336.201718
27500000	45000000	201.660103
28000000	45000000	131.858460
28500000	45000000	122.355282
29000000	45000000	127.594512
29500000	45000000	160.233832
30000000	45000000	440.940025
30500000	45000000	494.794357
31000000	45000000	210.039507
31500000	45000000	186.300185
32000000	45000000	225.854326
32500000	45000000	364.936964
33000000	45000000	400.264146
33500000	45000000	566.884222
34000000	45000000	783.895239
34500000	45000000	1220.720387
35000000	45000000	945.404497
35500000	45000000	685.799389
36000000	45000000	639.395401
36500000	45000000	472.869471
37000000	45000000	588.506282
37500000	45000000	1050.277580
38000000	45000000	852.898914
38500000	45000000	1097.881459
39000000	45000000	481.564195
39500000	45000000	597.431604
40000000	45000000	638.053023
40500000	45000000	1001.824484
41000000	45000000	403.939936
41500000	45000000	426.866938
42000000	45000000	480.073131
42500000	45000000	1991.338840
43000000	45000000	3798.931841
43500000	45000000	7117.302839
44000000	45000000	17830.546868
44500000	45000000	39229.148223
45000000	45000000	138500.212501
9000000	45500000	32.576423
9500000	45500000	66.301359
10000000	45500000	90.876576
10500000	45500000	91.833278
11000000	45500000	83.570361
14000000	45500000	114.369910
14500000	45500000	132.310259
15000000	45500000	249.974426
15500000	45500000	339.509838
16000000	45500000	308.958767
16500000	45500000	211.208588
17000000	45500000	281.847886
17500000	45500000	188.229029
18000000	45500000	137.920459
18500000	45500000	245.958793
19000000	45500000	335.457695
19500000	45500000	124.276960
20000000	45500000	120.138735
20500000	45500000	151.320111
21000000	45500000	132.629907
21500000	45500000	103.215704
22000000	45500000	131.190840
22500000	45500000	128.770359
23000000	45500000	129.021217
23500000	45500000	135.053044
24000000	45500000	138.873623
24500000	45500000	157.917985
25000000	45500000	157.442483
25500000	45500000	188.555011
26000000	45500000	227.980264
26500000	45500000	440.566173
27000000	45500000	356.220497
27500000	45500000	265.444338
28000000	45500000	209.091709
28500000	45500000	171.430911
29000000	45500000	203.781041
29500000	45500000	219.602574
30000000	45500000	449.350978
30500000	45500000	495.606607
31000000	45500000	314.150038
31500000	45500000	241.892590
32000000	45500000	281.282234
32500000	45500000	440.742937
33000000	45500000	532.643658
33500000	45500000	656.422000
34000000	45500000	726.314290
34500000	45500000	949.234766
35000000	45500000	837.270123
35500000	45500000	663.444998
36000000	45500000	595.641783
36500000	45500000	514.969445
37000000	45500000	623.858650
37500000	45500000	920.524694
38000000	45500000	794.061924
38500000	45500000	951.656691
39000000	45500000	648.379955
39500000	45500000	775.515127
40000000	45500000	902.066521
40500000	45500000	1105.601097
41000000	45500000	606.251508
41500000	45500000	595.906756
42000000	45500000	815.504750
42500000	45500000	2079.682673
43000000	45500000	2698.586451
43500000	45500000	3302.876307
44000000	45500000	5622.914076
44500000	45500000	7346.652059
45000000	45500000	34210.031789
45500000	45500000	137191.395936
9500000	46000000	87.079518
10000000	46000000	33.154543
10500000	46000000	128.779372
11000000	46000000	129.315468
14000000	46000000	52.157033
14500000	46000000	134.825371
15000000	46000000	340.144949
15500000	46000000	346.723146
16000000	46000000	294.014876
16500000	46000000	273.055112
17000000	46000000	327.707832
17500000	46000000	189.257842
18000000	46000000	187.140054
18500000	46000000	317.094213
19000000	46000000	386.209531
19500000	46000000	173.377680
20000000	46000000	163.610699
20500000	46000000	147.767453
21000000	46000000	170.540310
21500000	46000000	158.552557
22000000	46000000	162.480299
22500000	46000000	182.212758
23000000	46000000	165.900127
23500000	46000000	192.575086
24000000	46000000	176.670653
24500000	46000000	230.118199
25000000	46000000	202.676230
25500000	46000000	255.784804
26000000	46000000	262.655189
26500000	46000000	398.228344
27000000	46000000	419.605170
27500000	46000000	324.797762
28000000	46000000	252.705922
28500000	46000000	221.655754
29000000	46000000	232.578262
29500000	46000000	255.656503
30000000	46000000	439.588922
30500000	46000000	463.525144
31000000	46000000	427.514707
31500000	46000000	322.263865
32000000	46000000	350.929609
32500000	46000000	480.412332
33000000	46000000	684.568162
33500000	46000000	769.138346
34000000	46000000	788.303575
34500000	46000000	773.227840
35000000	46000000	820.217238
35500000	46000000	735.166347
36000000	46000000	697.601045
36500000	46000000	698.929656
37000000	46000000	724.393453
37500000	46000000	946.682573
38000000	46000000	892.669045
38500000	46000000	912.421547
39000000	46000000	856.069696
39500000	46000000	933.875046
40000000	46000000	1118.989571
40500000	46000000	1289.906495
41000000	46000000	798.252630
41500000	46000000	762.281729
42000000	46000000	1054.540294
42500000	46000000	2395.050863
43000000	46000000	2488.589567
43500000	46000000	2524.079636
44000000	46000000	4673.752511
44500000	46000000	4820.359555
45000000	46000000	10943.431494
45500000	46000000	41268.106122
46000000	46000000	118584.414685
9500000	46500000	73.802342
10000000	46500000	134.877158
10500000	46500000	102.222807
11000000	46500000	102.648350
14000000	46500000	106.090927
14500000	46500000	157.436320
15000000	46500000	308.336847
15500000	46500000	344.680542
16000000	46500000	342.464666
16500000	46500000	303.741235
17000000	46500000	338.391310
17500000	46500000	192.481617
18000000	46500000	156.678650
18500000	46500000	328.374350
19000000	46500000	376.390909
19500000	46500000	175.356753
20000000	46500000	150.064100
20500000	46500000	148.267249
21000000	46500000	142.472888
21500000	46500000	147.143641
22000000	46500000	148.915305
22500000	46500000	156.648779
23000000	46500000	158.682816
23500000	46500000	136.569418
24000000	46500000	172.653428
24500000	46500000	211.553983
25000000	46500000	214.301070
25500000	46500000	275.907954
26000000	46500000	283.628355
26500000	46500000	386.173924
27000000	46500000	438.704516
27500000	46500000	358.848018
28000000	46500000	246.226803
28500000	46500000	246.194806
29000000	46500000	240.179024
29500000	46500000	264.588962
30000000	46500000	494.809790
30500000	46500000	532.793097
31000000	46500000	438.167415
31500000	46500000	319.396920
32000000	46500000	400.709521
32500000	46500000	540.873282
33000000	46500000	726.047513
33500000	46500000	848.915642
34000000	46500000	861.168900
34500000	46500000	696.115512
35000000	46500000	822.830544
35500000	46500000	774.632754
36000000	46500000	699.830984
36500000	46500000	692.438714
37000000	46500000	757.879563
37500000	46500000	943.209003
38000000	46500000	956.475991
38500000	46500000	922.110923
39000000	46500000	954.694390
39500000	46500000	1000.201332
40000000	46500000	1287.088746
40500000	46500000	1261.550654
41000000	46500000	782.916032
41500000	46500000	737.335577
42000000	46500000	962.678779
42500000	46500000	2555.377710
43000000	46500000	2498.749062
43500000	46500000	2180.721821
44000000	46500000	3634.701967
44500000	46500000	3307.649859
45000000	46500000	5169.942273
45500000	46500000	12942.207274
46000000	46500000	44814.850450
46500000	46500000	119103.871624
9500000	47000000	122.441595
10000000	47000000	159.834014
10500000	47000000	177.920700
11000000	47000000	186.263977
14000000	47000000	125.721352
14500000	47000000	361.098167
15000000	47000000	403.265391
15500000	47000000	405.889230
16000000	47000000	403.258271
16500000	47000000	445.956195
17000000	47000000	432.239269
17500000	47000000	321.949770
18000000	47000000	358.878001
18500000	47000000	507.567075
19000000	47000000	521.994619
19500000	47000000	296.697516
20000000	47000000	306.062972
20500000	47000000	303.593458
21000000	47000000	265.487252
21500000	47000000	269.915534
22000000	47000000	297.152196
22500000	47000000	272.991359
23000000	47000000	270.165237
23500000	47000000	269.732331
24000000	47000000	255.750220
24500000	47000000	301.565049
25000000	47000000	345.420546
25500000	47000000	371.333479
26000000	47000000	351.937092
26500000	47000000	401.820775
27000000	47000000	492.386111
27500000	47000000	450.592942
28000000	47000000	391.889276
28500000	47000000	381.968841
29000000	47000000	366.556447
29500000	47000000	450.249018
30000000	47000000	548.125120
30500000	47000000	513.893670
31000000	47000000	669.024981
31500000	47000000	555.641221
32000000	47000000	643.072041
32500000	47000000	702.904078
33000000	47000000	944.211285
33500000	47000000	1021.470697
34000000	47000000	822.814744
34500000	47000000	611.680782
35000000	47000000	845.719250
35500000	47000000	826.532343
36000000	47000000	716.363907
36500000	47000000	908.636617
37000000	47000000	851.226834
37500000	47000000	885.478142
38000000	47000000	1032.090504
38500000	47000000	889.290273
39000000	47000000	1387.317607
39500000	47000000	1341.101978
40000000	47000000	1615.586499
40500000	47000000	1413.074533
41000000	47000000	1339.233276
41500000	47000000	1275.021125
42000000	47000000	1729.512292
42500000	47000000	2602.467467
43000000	47000000	2215.271340
43500000	47000000	1658.754557
44000000	47000000	2911.031229
44500000	47000000	2586.815218
45000000	47000000	3345.799285
45500000	47000000	8835.843911
46000000	47000000	16821.374941
46500000	47000000	48014.748262
47000000	47000000	128732.887575
9000000	47500000	37.000222
9500000	47500000	67.774430
10000000	47500000	68.811596
10500000	47500000	88.006511
11000000	47500000	114.557429
14000000	47500000	119.075976
14500000	47500000	238.371477
15000000	47500000	481.513558
15500000	47500000	538.975451
16000000	47500000	445.476870
16500000	47500000	342.125286
17000000	47500000	470.206508
17500000	47500000	276.188133
18000000	47500000	197.421567
18500000	47500000	420.752959
19000000	47500000	541.478180
19500000	47500000	197.813663
20000000	47500000	213.533762
20500000	47500000	220.239335
21000000	47500000	199.098581
21500000	47500000	175.848218
22000000	47500000	188.218404
22500000	47500000	183.866018
23000000	47500000	200.854748
23500000	47500000	226.848682
24000000	47500000	184.362455
24500000	47500000	270.087101
25000000	47500000	265.917826
25500000	47500000	261.416356
26000000	47500000	333.494744
26500000	47500000	551.010024
27000000	47500000	664.998199
27500000	47500000	398.485468
28000000	47500000	298.920419
28500000	47500000	257.260399
29000000	47500000	283.438334
29500000	47500000	332.565426
30000000	47500000	842.387775
30500000	47500000	719.807556
31000000	47500000	500.394972
31500000	47500000	383.690038
32000000	47500000	462.666164
32500000	47500000	655.149965
33000000	47500000	820.785298
33500000	47500000	1095.549050
34000000	47500000	922.809271
34500000	47500000	1050.184443
35000000	47500000	877.570242
35500000	47500000	759.162640
36000000	47500000	680.837586
36500000	47500000	604.422771
37000000	47500000	737.115114
37500000	47500000	1244.261593
38000000	47500000	971.320893
38500000	47500000	1203.642287
39000000	47500000	847.005464
39500000	47500000	952.434589
40000000	47500000	1227.796037
40500000	47500000	1884.293251
41000000	47500000	734.600029
41500000	47500000	736.299812
42000000	47500000	979.652040
42500000	47500000	2156.069503
43000000	47500000	1895.474426
43500000	47500000	1684.387578
44000000	47500000	2300.326429
44500000	47500000	2188.329480
45000000	47500000	3612.094044
45500000	47500000	6125.768330
46000000	47500000	8117.894707
46500000	47500000	11343.463578
47000000	47500000	24538.522096
47500000	47500000	135384.662522
9500000	48000000	97.009560
10000000	48000000	55.402941
10500000	48000000	83.979291
11000000	48000000	115.952222
14500000	48000000	133.511175
15000000	48000000	413.943224
15500000	48000000	387.052956
16000000	48000000	373.541344
16500000	48000000	279.995580
17000000	48000000	363.215086
17500000	48000000	270.138372
18000000	48000000	234.972404
18500000	48000000	402.930108
19000000	48000000	423.719301
19500000	48000000	176.074748
20000000	48000000	164.376583
20500000	48000000	185.609550
21000000	48000000	183.202458
21500000	48000000	175.529012
22000000	48000000	183.113358
22500000	48000000	178.318273
23000000	48000000	165.016439
23500000	48000000	201.779080
24000000	48000000	201.215295
24500000	48000000	258.598488
25000000	48000000	247.670810
25500000	48000000	281.714913
26000000	48000000	258.182523
26500000	48000000	365.229200
27000000	48000000	485.166947
27500000	48000000	288.948021
28000000	48000000	233.290068
28500000	48000000	246.932087
29000000	48000000	211.266263
29500000	48000000	246.701692
30000000	48000000	541.266252
30500000	48000000	458.760734
31000000	48000000	365.506463
31500000	48000000	268.496946
32000000	48000000	367.846133
32500000	48000000	471.324661
33000000	48000000	567.416687
33500000	48000000	591.811316
34000000	48000000	526.030462
34500000	48000000	521.751954
35000000	48000000	630.363115
35500000	48000000	535.268102
36000000	48000000	467.876870
36500000	48000000	401.406316
37000000	48000000	470.749457
37500000	48000000	754.749581
38000000	48000000	728.279722
38500000	48000000	745.790348
39000000	48000000	540.236423
39500000	48000000	711.988352
40000000	48000000	889.241094
40500000	48000000	1192.967205
41000000	48000000	548.110127
41500000	48000000	559.382772
42000000	48000000	682.320318
42500000	48000000	1511.247107
43000000	48000000	1215.120096
43500000	48000000	998.030382
44000000	48000000	1319.720357
44500000	48000000	1328.067959
45000000	48000000	1852.608137
45500000	48000000	3008.418836
46000000	48000000	3704.014808
46500000	48000000	4821.391380
47000000	48000000	9474.115446
47500000	48000000	56277.353175
48000000	48000000	179251.888328
